{
  "metadata": {
    "_function": "provenance",
    "_description": "Identity, schema version, run-time provenance.",
    "schema_version": "2.0.0",
    "engine_version": "cnt 2.0.3",
    "engine_implementation": "python",
    "generated": "2026-05-05T17:04:47.151292+00:00",
    "wall_clock_ms": 11684,
    "mathematical_lineage": {
      "Aitchison_1986": "CLR transform, simplex geometry, Aitchison distance",
      "Shannon_1948": "Entropy H = -sum x_j ln x_j",
      "Egozcue_2003": "ILR, Helmert basis, orthonormal coordinates",
      "Higgins_2026": "CNT tensor decomposition, recursive depth sounder, metric dual involution"
    },
    "engine_config": {
      "_description": "Active values from the USER CONFIGURATION block at top of cnt.py. Two runs with identical config and input produce identical content_sha256. Two runs with different config produce different content_sha256 - that is correct.",
      "DEFAULT_DELTA": 1e-15,
      "DEGEN_THRESHOLD": 0.0001,
      "LOCK_CLR_THRESHOLD": -10.0,
      "DEPTH_MAX_LEVELS": 50,
      "DEPTH_PRECISION_TARGET": 0.01,
      "NOISE_FLOOR_OMEGA_VAR": 1e-06,
      "TRIADIC_T_LIMIT": 500,
      "TRIADIC_K_DEFAULT": 500,
      "EITT_GATE_PCT": 5.0,
      "EITT_M_SWEEP_BASE": [
        2,
        4,
        8,
        16,
        32,
        64,
        128
      ]
    },
    "environment": {
      "git_sha": "unknown",
      "language_version": "python 3.10.12",
      "numerical_lib": "numpy 2.2.6",
      "platform": "Linux-6.8.0-106-generic-x86_64-with-glibc2.35",
      "hostname_hash": "c857d09db23e6822e3600bc06ad8d58f92ed62bc8efd81c753f77048662cb97d"
    }
  },
  "input": {
    "_function": "provenance",
    "_description": "Source data identity, hashes, and ordering declaration.",
    "source_file": "ember_combined_panel_input.csv",
    "source_file_sha256": "0287246a89863cc0420418e235dcf3b9cb6bb6c12f9aabab848ee6ece80c0b4f",
    "closed_data_sha256": "b402b3cfa2e821c4076b4ce0f9d7ae9e0f0bd8789a7fd009c9e6794f5742355e",
    "n_records": 207,
    "n_carriers": 9,
    "carriers": [
      "Bioenergy",
      "Coal",
      "Gas",
      "Hydro",
      "Nuclear",
      "Other Fossil",
      "Other Renewables",
      "Solar",
      "Wind"
    ],
    "labels": [
      "CHN-2000",
      "CHN-2001",
      "CHN-2002",
      "CHN-2003",
      "CHN-2004",
      "CHN-2005",
      "CHN-2006",
      "CHN-2007",
      "CHN-2008",
      "CHN-2009",
      "CHN-2010",
      "CHN-2011",
      "CHN-2012",
      "CHN-2013",
      "CHN-2014",
      "CHN-2015",
      "CHN-2016",
      "CHN-2017",
      "CHN-2018",
      "CHN-2019",
      "CHN-2020",
      "CHN-2021",
      "CHN-2022",
      "CHN-2023",
      "CHN-2024",
      "CHN-2025",
      "DEU-2000",
      "DEU-2001",
      "DEU-2002",
      "DEU-2003",
      "DEU-2004",
      "DEU-2005",
      "DEU-2006",
      "DEU-2007",
      "DEU-2008",
      "DEU-2009",
      "DEU-2010",
      "DEU-2011",
      "DEU-2012",
      "DEU-2013",
      "DEU-2014",
      "DEU-2015",
      "DEU-2016",
      "DEU-2017",
      "DEU-2018",
      "DEU-2019",
      "DEU-2020",
      "DEU-2021",
      "DEU-2022",
      "DEU-2023",
      "DEU-2024",
      "DEU-2025",
      "FRA-2000",
      "FRA-2001",
      "FRA-2002",
      "FRA-2003",
      "FRA-2004",
      "FRA-2005",
      "FRA-2006",
      "FRA-2007",
      "FRA-2008",
      "FRA-2009",
      "FRA-2010",
      "FRA-2011",
      "FRA-2012",
      "FRA-2013",
      "FRA-2014",
      "FRA-2015",
      "FRA-2016",
      "FRA-2017",
      "FRA-2018",
      "FRA-2019",
      "FRA-2020",
      "FRA-2021",
      "FRA-2022",
      "FRA-2023",
      "FRA-2024",
      "FRA-2025",
      "GBR-2000",
      "GBR-2001",
      "GBR-2002",
      "GBR-2003",
      "GBR-2004",
      "GBR-2005",
      "GBR-2006",
      "GBR-2007",
      "GBR-2008",
      "GBR-2009",
      "GBR-2010",
      "GBR-2011",
      "GBR-2012",
      "GBR-2013",
      "GBR-2014",
      "GBR-2015",
      "GBR-2016",
      "GBR-2017",
      "GBR-2018",
      "GBR-2019",
      "GBR-2020",
      "GBR-2021",
      "GBR-2022",
      "GBR-2023",
      "GBR-2024",
      "GBR-2025",
      "IND-2000",
      "IND-2001",
      "IND-2002",
      "IND-2003",
      "IND-2004",
      "IND-2005",
      "IND-2006",
      "IND-2007",
      "IND-2008",
      "IND-2009",
      "IND-2010",
      "IND-2011",
      "IND-2012",
      "IND-2013",
      "IND-2014",
      "IND-2015",
      "IND-2016",
      "IND-2017",
      "IND-2018",
      "IND-2019",
      "IND-2020",
      "IND-2021",
      "IND-2022",
      "IND-2023",
      "IND-2024",
      "IND-2025",
      "JPN-2000",
      "JPN-2001",
      "JPN-2002",
      "JPN-2003",
      "JPN-2004",
      "JPN-2005",
      "JPN-2006",
      "JPN-2007",
      "JPN-2008",
      "JPN-2009",
      "JPN-2010",
      "JPN-2011",
      "JPN-2012",
      "JPN-2013",
      "JPN-2014",
      "JPN-2015",
      "JPN-2016",
      "JPN-2017",
      "JPN-2018",
      "JPN-2019",
      "JPN-2020",
      "JPN-2021",
      "JPN-2022",
      "JPN-2023",
      "JPN-2024",
      "JPN-2025",
      "USA-2001",
      "USA-2002",
      "USA-2003",
      "USA-2004",
      "USA-2005",
      "USA-2006",
      "USA-2007",
      "USA-2008",
      "USA-2009",
      "USA-2010",
      "USA-2011",
      "USA-2012",
      "USA-2013",
      "USA-2014",
      "USA-2015",
      "USA-2016",
      "USA-2017",
      "USA-2018",
      "USA-2019",
      "USA-2020",
      "USA-2021",
      "USA-2022",
      "USA-2023",
      "USA-2024",
      "USA-2025",
      "WLD-2000",
      "WLD-2001",
      "WLD-2002",
      "WLD-2003",
      "WLD-2004",
      "WLD-2005",
      "WLD-2006",
      "WLD-2007",
      "WLD-2008",
      "WLD-2009",
      "WLD-2010",
      "WLD-2011",
      "WLD-2012",
      "WLD-2013",
      "WLD-2014",
      "WLD-2015",
      "WLD-2016",
      "WLD-2017",
      "WLD-2018",
      "WLD-2019",
      "WLD-2020",
      "WLD-2021",
      "WLD-2022",
      "WLD-2023",
      "WLD-2024",
      "WLD-2025"
    ],
    "zero_replacement": {
      "method": "multiplicative",
      "delta": 1e-15,
      "applied": false,
      "n_replacements": 0
    },
    "ordering": {
      "is_temporal": true,
      "ordering_method": "by-label",
      "caveat": null
    }
  },
  "tensor": {
    "_function": "composer",
    "_description": "Per-record compositional state. coda_standard fields follow Aitchison/Egozcue/Shannon. higgins_extensions are HUF-framework readings of the same simplex; see schema \u00a78 for the mapping.",
    "helmert_basis": {
      "D": 9,
      "dim": 8,
      "coefficients": [
        [
          0.7071067811865476,
          -0.7071067811865476,
          0.0,
          0.0,
          0.0,
          0.0,
          0.0,
          0.0,
          0.0
        ],
        [
          0.408248290463863,
          0.408248290463863,
          -0.816496580927726,
          0.0,
          0.0,
          0.0,
          0.0,
          0.0,
          0.0
        ],
        [
          0.28867513459481287,
          0.28867513459481287,
          0.28867513459481287,
          -0.8660254037844386,
          0.0,
          0.0,
          0.0,
          0.0,
          0.0
        ],
        [
          0.22360679774997896,
          0.22360679774997896,
          0.22360679774997896,
          0.22360679774997896,
          -0.8944271909999159,
          0.0,
          0.0,
          0.0,
          0.0
        ],
        [
          0.18257418583505539,
          0.18257418583505539,
          0.18257418583505539,
          0.18257418583505539,
          0.18257418583505539,
          -0.9128709291752769,
          0.0,
          0.0,
          0.0
        ],
        [
          0.1543033499620919,
          0.1543033499620919,
          0.1543033499620919,
          0.1543033499620919,
          0.1543033499620919,
          0.1543033499620919,
          -0.9258200997725514,
          0.0,
          0.0
        ],
        [
          0.1336306209562122,
          0.1336306209562122,
          0.1336306209562122,
          0.1336306209562122,
          0.1336306209562122,
          0.1336306209562122,
          0.1336306209562122,
          -0.9354143466934853,
          0.0
        ],
        [
          0.11785113019775792,
          0.11785113019775792,
          0.11785113019775792,
          0.11785113019775792,
          0.11785113019775792,
          0.11785113019775792,
          0.11785113019775792,
          0.11785113019775792,
          -0.9428090415820634
        ]
      ]
    },
    "timesteps": [
      {
        "label": "CHN-2000",
        "index": 0,
        "raw_values": [
          2.54,
          1060.26,
          5.77,
          222.41,
          16.74,
          47.27,
          1e-15,
          0.02,
          0.59
        ],
        "coda_standard": {
          "composition": [
            0.0018737090587193864,
            0.7821333726763058,
            0.00425641782236648,
            0.164067571555031,
            0.012348775449985246,
            0.03487016819120685,
            7.37680731779286e-19,
            1.475361463558572e-05,
            0.0004352316317497787
          ],
          "aitchison_norm": 35.77620138417848,
          "ilr": [
            -4.2667568177554145,
            1.7934712210906827,
            -1.8944195937865458,
            0.8462229021720034,
            -0.25669018241197916,
            35.329597967493605,
            1.947624832175232,
            -1.473190089461505
          ],
          "clr": [
            2.848733759426212,
            8.882839118443787,
            3.669241758915775,
            7.321092203790119,
            4.734370743457096,
            5.772445523200911,
            -32.622206716514924,
            -1.9954533270323793,
            1.388936936313395
          ],
          "shannon_entropy": 0.6985699595884456
        },
        "higgins_extensions": {
          "bearing_tensor": {
            "pairs": [
              {
                "carrier_i": "Bioenergy",
                "carrier_j": "Coal",
                "theta_deg": 72.21891177132753
              },
              {
                "carrier_i": "Bioenergy",
                "carrier_j": "Gas",
                "theta_deg": 52.17487396954635
              },
              {
                "carrier_i": "Bioenergy",
                "carrier_j": "Hydro",
                "theta_deg": 68.73833061956584
              },
              {
                "carrier_i": "Bioenergy",
                "carrier_j": "Nuclear",
                "theta_deg": 58.96411872669688
              },
              {
                "carrier_i": "Bioenergy",
                "carrier_j": "Other Fossil",
                "theta_deg": 63.73340625860332
              },
              {
                "carrier_i": "Bioenergy",
                "carrier_j": "Other Renewables",
                "theta_deg": -85.00930690145302
              },
              {
                "carrier_i": "Bioenergy",
                "carrier_j": "Solar",
                "theta_deg": -35.01010004027011
              },
              {
                "carrier_i": "Bioenergy",
                "carrier_j": "Wind",
                "theta_deg": 25.992146092750687
              },
              {
                "carrier_i": "Coal",
                "carrier_j": "Gas",
                "theta_deg": 22.44409226902723
              },
              {
                "carrier_i": "Coal",
                "carrier_j": "Hydro",
                "theta_deg": 39.49479467328348
              },
              {
                "carrier_i": "Coal",
                "carrier_j": "Nuclear",
                "theta_deg": 28.05669896566327
              },
              {
                "carrier_i": "Coal",
                "carrier_j": "Other Fossil",
                "theta_deg": 33.01751939347036
              },
              {
                "carrier_i": "Coal",
                "carrier_j": "Other Renewables",
                "theta_deg": -74.76797688293802
              },
              {
                "carrier_i": "Coal",
                "carrier_j": "Solar",
                "theta_deg": -12.66082521485108
              },
              {
                "carrier_i": "Coal",
                "carrier_j": "Wind",
                "theta_deg": 8.886913452529717
              },
              {
                "carrier_i": "Gas",
                "carrier_j": "Hydro",
                "theta_deg": 63.380532056795104
              },
              {
                "carrier_i": "Gas",
                "carrier_j": "Nuclear",
                "theta_deg": 52.22352610194916
              },
              {
                "carrier_i": "Gas",
                "carrier_j": "Other Fossil",
                "theta_deg": 57.55801358601072
              },
              {
                "carrier_i": "Gas",
                "carrier_j": "Other Renewables",
                "theta_deg": -83.58252533491554
              },
              {
                "carrier_i": "Gas",
                "carrier_j": "Solar",
                "theta_deg": -28.5387896377714
              },
              {
                "carrier_i": "Gas",
                "carrier_j": "Wind",
                "theta_deg": 20.733415272546655
              },
              {
                "carrier_i": "Hydro",
                "carrier_j": "Nuclear",
                "theta_deg": 32.88975790340654
              },
              {
                "carrier_i": "Hydro",
                "carrier_j": "Other Fossil",
                "theta_deg": 38.254641868209
              },
              {
                "carrier_i": "Hydro",
                "carrier_j": "Other Renewables",
                "theta_deg": -77.3512229927435
              },
              {
                "carrier_i": "Hydro",
                "carrier_j": "Solar",
                "theta_deg": -15.246317547077513
              },
              {
                "carrier_i": "Hydro",
                "carrier_j": "Wind",
                "theta_deg": 10.742326246856239
              },
              {
                "carrier_i": "Nuclear",
                "carrier_j": "Other Fossil",
                "theta_deg": 50.64251808375245
              },
              {
                "carrier_i": "Nuclear",
                "carrier_j": "Other Renewables",
                "theta_deg": -81.74247284535618
              },
              {
                "carrier_i": "Nuclear",
                "carrier_j": "Solar",
                "theta_deg": -22.854560472605197
              },
              {
                "carrier_i": "Nuclear",
                "carrier_j": "Wind",
                "theta_deg": 16.350268520542823
              },
              {
                "carrier_i": "Other Fossil",
                "carrier_j": "Other Renewables",
                "theta_deg": -79.96547558071286
              },
              {
                "carrier_i": "Other Fossil",
                "carrier_j": "Solar",
                "theta_deg": -19.069548717234653
              },
              {
                "carrier_i": "Other Fossil",
                "carrier_j": "Wind",
                "theta_deg": 13.529046021175448
              },
              {
                "carrier_i": "Other Renewables",
                "carrier_j": "Solar",
                "theta_deg": -176.49966108339416
              },
              {
                "carrier_i": "Other Renewables",
                "carrier_j": "Wind",
                "theta_deg": 177.56202298076772
              },
              {
                "carrier_i": "Solar",
                "carrier_j": "Wind",
                "theta_deg": 145.16012145294792
              }
            ]
          },
          "condition_number": 1.06026e+18,
          "higgins_scale": 0.6820671101197362,
          "metric_tensor_diagonal": [
            253188.02708716522,
            1.453067681045201,
            49063.55035324515,
            33.02189390084977,
            5829.075635503268,
            731.037058581792,
            1.633467875555555e+36,
            4083669688.888888,
            4692524.778958792
          ],
          "metric_tensor": {
            "matrix": [
              [
                253188.02708716522,
                -75.81838284965475,
                -13931.923500896875,
                -361.43697945314943,
                -4802.102664287632,
                -1700.5965432658124,
                -8.038719860017496e+19,
                -4019359.930008748,
                -136249.4891528389
              ],
              [
                -75.81838284965475,
                1.453067681045201,
                -33.37585657506467,
                -0.8658724537481368,
                -11.504103490927307,
                -4.07401507167597,
                -1.925786924381231e+17,
                -9628.934621906155,
                -326.40456345444596
              ],
              [
                -13931.923500896875,
                -33.37585657506467,
                49063.55035324515,
                -159.1074398285961,
                -2113.923876480171,
                -748.6161559610337,
                -3.538708569227806e+19,
                -1769354.284613903,
                -59978.111342844175
              ],
              [
                -361.43697945314943,
                -0.8658724537481368,
                -159.1074398285961,
                33.02189390084977,
                -54.8416922228793,
                -19.421407400275005,
                -9.180499278109994e+17,
                -45902.496390549975,
                -1556.0168267983045
              ],
              [
                -4802.102664287632,
                -11.504103490927307,
                -2113.923876480171,
                -54.8416922228793,
                5829.075635503268,
                -258.03555674403606,
                -1.2197340767290587e+19,
                -609867.0383645293,
                -20673.458927611166
              ],
              [
                -1700.5965432658124,
                -4.07401507167597,
                -748.6161559610337,
                -19.421407400275005,
                -258.03555674403606,
                731.037058581792,
                -4.3195152198951634e+18,
                -215975.7609947582,
                -7321.212237110448
              ],
              [
                -8.038719860017496e+19,
                -1.925786924381231e+17,
                -3.538708569227806e+19,
                -9.180499278109994e+17,
                -1.2197340767290587e+19,
                -4.3195152198951634e+18,
                1.633467875555555e+36,
                -1.020917422222222e+22,
                -3.4607370244821084e+20
              ],
              [
                -4019359.930008748,
                -9628.934621906155,
                -1769354.284613903,
                -45902.496390549975,
                -609867.0383645293,
                -215975.7609947582,
                -1.020917422222222e+22,
                4083669688.888888,
                -17303685.122410543
              ],
              [
                -136249.4891528389,
                -326.40456345444596,
                -59978.111342844175,
                -1556.0168267983045,
                -20673.458927611166,
                -7321.212237110448,
                -3.4607370244821084e+20,
                -17303685.122410543,
                4692524.778958792
              ]
            ],
            "eigenvalues": [
              -19122.22922564652,
              24.612804209719886,
              612.0673790710965,
              5196.731389221602,
              44687.29622036766,
              239929.7087429691,
              4533812.457308966,
              4019980432.448072,
              1.633467875555555e+36
            ],
            "trace": 1.633467875555555e+36
          }
        }
      },
      {
        "label": "CHN-2001",
        "index": 1,
        "raw_values": [
          2.55,
          1129.14,
          4.93,
          277.43,
          17.47,
          48.52,
          1e-15,
          0.03,
          0.72
        ],
        "coda_standard": {
          "aitchison_distance_step": 0.4607952613836429,
          "composition": [
            0.001722053768596492,
            0.7625254087345268,
            0.003329303952619885,
            0.18735269687126466,
            0.011797756602894399,
            0.032766293667569335,
            6.753152033711734e-19,
            2.0259456101135203e-05,
            0.0004862269464272448
          ],
          "aitchison_norm": 35.819156824601244,
          "ilr": [
            -4.308485198381238,
            1.9492332871093758,
            -2.111965194132787,
            0.8372446851874673,
            -0.24888197887986196,
            35.36036123005625,
            1.5949887198497734,
            -1.5896500536612945
          ],
          "clr": [
            2.7633338696856518,
            8.856452070520133,
            3.422579498569916,
            7.452809159628603,
            4.687725634661282,
            5.709216594591166,
            -32.71153588439537,
            -1.679317386804664,
            1.4987364435432804
          ],
          "shannon_entropy": 0.7187752537574704
        },
        "higgins_extensions": {
          "bearing_tensor": {
            "pairs": [
              {
                "carrier_i": "Bioenergy",
                "carrier_j": "Coal",
                "theta_deg": 72.67136591044992
              },
              {
                "carrier_i": "Bioenergy",
                "carrier_j": "Gas",
                "theta_deg": 51.08316941793937
              },
              {
                "carrier_i": "Bioenergy",
                "carrier_j": "Hydro",
                "theta_deg": 69.6563534610681
              },
              {
                "carrier_i": "Bioenergy",
                "carrier_j": "Nuclear",
                "theta_deg": 59.48137956366238
              },
              {
                "carrier_i": "Bioenergy",
                "carrier_j": "Other Fossil",
                "theta_deg": 64.1724240123982
              },
              {
                "carrier_i": "Bioenergy",
                "carrier_j": "Other Renewables",
                "theta_deg": -85.17135617384093
              },
              {
                "carrier_i": "Bioenergy",
                "carrier_j": "Solar",
                "theta_deg": -31.28764657809681
              },
              {
                "carrier_i": "Bioenergy",
                "carrier_j": "Wind",
                "theta_deg": 28.473868610957872
              },
              {
                "carrier_i": "Coal",
                "carrier_j": "Gas",
                "theta_deg": 21.129044814136357
              },
              {
                "carrier_i": "Coal",
                "carrier_j": "Hydro",
                "theta_deg": 40.08100787482925
              },
              {
                "carrier_i": "Coal",
                "carrier_j": "Nuclear",
                "theta_deg": 27.89229709932366
              },
              {
                "carrier_i": "Coal",
                "carrier_j": "Other Fossil",
                "theta_deg": 32.80741674639172
              },
              {
                "carrier_i": "Coal",
                "carrier_j": "Other Renewables",
                "theta_deg": -74.85070069866323
              },
              {
                "carrier_i": "Coal",
                "carrier_j": "Solar",
                "theta_deg": -10.736682955961987
              },
              {
                "carrier_i": "Coal",
                "carrier_j": "Wind",
                "theta_deg": 9.604903823468115
              },
              {
                "carrier_i": "Gas",
                "carrier_j": "Hydro",
                "theta_deg": 65.33382847505615
              },
              {
                "carrier_i": "Gas",
                "carrier_j": "Nuclear",
                "theta_deg": 53.86625213848143
              },
              {
                "carrier_i": "Gas",
                "carrier_j": "Other Fossil",
                "theta_deg": 59.05802034882626
              },
              {
                "carrier_i": "Gas",
                "carrier_j": "Other Renewables",
                "theta_deg": -84.02692549930883
              },
              {
                "carrier_i": "Gas",
                "carrier_j": "Solar",
                "theta_deg": -26.135265935128615
              },
              {
                "carrier_i": "Gas",
                "carrier_j": "Wind",
                "theta_deg": 23.64845507194347
              },
              {
                "carrier_i": "Hydro",
                "carrier_j": "Nuclear",
                "theta_deg": 32.16938977422651
              },
              {
                "carrier_i": "Hydro",
                "carrier_j": "Other Fossil",
                "theta_deg": 37.45388210985185
              },
              {
                "carrier_i": "Hydro",
                "carrier_j": "Other Renewables",
                "theta_deg": -77.16514344407082
              },
              {
                "carrier_i": "Hydro",
                "carrier_j": "Solar",
                "theta_deg": -12.698202420178875
              },
              {
                "carrier_i": "Hydro",
                "carrier_j": "Wind",
                "theta_deg": 11.370347457694415
              },
              {
                "carrier_i": "Nuclear",
                "carrier_j": "Other Fossil",
                "theta_deg": 50.61125415037948
              },
              {
                "carrier_i": "Nuclear",
                "carrier_j": "Other Renewables",
                "theta_deg": -81.8447538489327
              },
              {
                "carrier_i": "Nuclear",
                "carrier_j": "Solar",
                "theta_deg": -19.709409645447106
              },
              {
                "carrier_i": "Nuclear",
                "carrier_j": "Wind",
                "theta_deg": 17.72986058884184
              },
              {
                "carrier_i": "Other Fossil",
                "carrier_j": "Other Renewables",
                "theta_deg": -80.09976261242403
              },
              {
                "carrier_i": "Other Fossil",
                "carrier_j": "Solar",
                "theta_deg": -16.39079683728904
              },
              {
                "carrier_i": "Other Fossil",
                "carrier_j": "Wind",
                "theta_deg": 14.708933763430082
              },
              {
                "carrier_i": "Other Renewables",
                "carrier_j": "Solar",
                "theta_deg": -177.06117728586477
              },
              {
                "carrier_i": "Other Renewables",
                "carrier_j": "Wind",
                "theta_deg": 177.37672781836113
              },
              {
                "carrier_i": "Solar",
                "carrier_j": "Wind",
                "theta_deg": 138.25211996689114
              }
            ]
          },
          "condition_number": 1.12914e+18,
          "angular_velocity_deg": 0.7343169579746054,
          "helmsman": "Solar",
          "helmsman_delta": 0.3161359402277153,
          "higgins_scale": 0.6728712844506457,
          "metric_tensor_diagonal": [
            299746.4597855527,
            1.528758335646529,
            80193.7615359683,
            25.32372446866213,
            6386.289669380255,
            827.9285119655385,
            1.9491013547555558e+36,
            2165668171.9506173,
            3759840.576303156
          ],
          "metric_tensor": {
            "matrix": [
              [
                299746.4597855527,
                -84.6167738780354,
                -19380.159037859008,
                -344.39023918337926,
                -5469.043162944757,
                -1969.1711470866633,
                -9.554418405664491e+19,
                -3184806.135221497,
                -132700.25563422905
              ],
              [
                -84.6167738780354,
                1.528758335646529,
                -43.76729683346658,
                -0.7777557343798085,
                -12.351045986776777,
                -4.4470893113971615,
                -2.1577277338899027e+17,
                -7192.425779633009,
                -299.68440748470874
              ],
              [
                -19380.159037859008,
                -43.76729683346658,
                80193.7615359683,
                -178.1328823362306,
                -2828.815429109357,
                -1018.5368002172396,
                -4.941940554654047e+19,
                -1647313.5182180153,
                -68638.06325908398
              ],
              [
                -344.39023918337926,
                -0.7777557343798085,
                -178.1328823362306,
                25.32372446866213,
                -50.268752714231084,
                -18.09965189442739,
                -8.781951099176169e+17,
                -29273.170330587232,
                -1219.7154304411347
              ],
              [
                -5469.043162944757,
                -12.351045986776777,
                -2828.815429109357,
                -50.268752714231084,
                6386.289669380255,
                -287.42910275163086,
                -1.3946060065509128e+19,
                -464868.6688503043,
                -19369.52786876268
              ],
              [
                -1969.1711470866633,
                -4.4470893113971615,
                -1018.5368002172396,
                -18.09965189442739,
                -287.42910275163086,
                827.9285119655385,
                -5.021386425070991e+18,
                -167379.54750236636,
                -6974.147812598599
              ],
              [
                -9.554418405664491e+19,
                -2.1577277338899027e+17,
                -4.941940554654047e+19,
                -8.781951099176169e+17,
                -1.3946060065509128e+19,
                -5.021386425070991e+18,
                1.9491013547555558e+36,
                -8.121255644814816e+21,
                -3.38385651867284e+20
              ],
              [
                -3184806.135221497,
                -7192.425779633009,
                -1647313.5182180153,
                -29273.170330587232,
                -464868.6688503043,
                -167379.54750236636,
                -8.121255644814816e+21,
                2165668171.9506173,
                -11279521.728909466
              ],
              [
                -132700.25563422905,
                -299.68440748470874,
                -68638.06325908398,
                -1219.7154304411347,
                -19369.52786876268,
                -6974.147812598599,
                -3.38385651867284e+20,
                -11279521.728909466,
                3759840.576303156
              ]
            ],
            "eigenvalues": [
              -9232.296519755999,
              18.908989400270624,
              688.8682633808482,
              5648.88620550767,
              71908.58719554574,
              284893.40314427565,
              3636609.589268046,
              2131921293.9640665,
              1.9491013547555558e+36
            ],
            "trace": 1.9491013547555558e+36
          }
        }
      },
      {
        "label": "CHN-2002",
        "index": 2,
        "raw_values": [
          2.55,
          1282.57,
          4.19,
          287.97,
          25.13,
          50.71,
          1e-15,
          0.05,
          0.84
        ],
        "coda_standard": {
          "aitchison_distance_step": 0.5784220244335178,
          "composition": [
            0.001541707728490154,
            0.7754306201292616,
            0.0025332374048524496,
            0.17410414689149403,
            0.015193378516453951,
            0.03065882310264146,
            6.045912660745703e-19,
            3.0229563303728517e-05,
            0.000507856663502639
          ],
          "aitchison_norm": 35.884607410229236,
          "ilr": [
            -4.398577388017374,
            2.134041615465167,
            -2.1544268915094675,
            0.5125117336416665,
            -0.22242679677613597,
            35.423592162054234,
            1.1719146961356444,
            -1.626489909249758
          ],
          "clr": [
            2.643916138797776,
            8.864443936079569,
            3.1405235135614875,
            7.370679087670997,
            4.931885131182941,
            5.6339459094343685,
            -32.83095361528324,
            -1.2879094939265503,
            1.5334693924826626
          ],
          "shannon_entropy": 0.7013198122241852
        },
        "higgins_extensions": {
          "bearing_tensor": {
            "pairs": [
              {
                "carrier_i": "Bioenergy",
                "carrier_j": "Coal",
                "theta_deg": 73.3922204127948
              },
              {
                "carrier_i": "Bioenergy",
                "carrier_j": "Gas",
                "theta_deg": 49.906941600730384
              },
              {
                "carrier_i": "Bioenergy",
                "carrier_j": "Hydro",
                "theta_deg": 70.26672097114825
              },
              {
                "carrier_i": "Bioenergy",
                "carrier_j": "Nuclear",
                "theta_deg": 61.804849886329066
              },
              {
                "carrier_i": "Bioenergy",
                "carrier_j": "Other Fossil",
                "theta_deg": 64.86012377804924
              },
              {
                "carrier_i": "Bioenergy",
                "carrier_j": "Other Renewables",
                "theta_deg": -85.39583796885039
              },
              {
                "carrier_i": "Bioenergy",
                "carrier_j": "Solar",
                "theta_deg": -25.97172801829517
              },
              {
                "carrier_i": "Bioenergy",
                "carrier_j": "Wind",
                "theta_deg": 30.113701237944536
              },
              {
                "carrier_i": "Coal",
                "carrier_j": "Gas",
                "theta_deg": 19.50838070511059
              },
              {
                "carrier_i": "Coal",
                "carrier_j": "Hydro",
                "theta_deg": 39.7431177691875
              },
              {
                "carrier_i": "Coal",
                "carrier_j": "Nuclear",
                "theta_deg": 29.09012421867237
              },
              {
                "carrier_i": "Coal",
                "carrier_j": "Other Fossil",
                "theta_deg": 32.43868304473341
              },
              {
                "carrier_i": "Coal",
                "carrier_j": "Other Renewables",
                "theta_deg": -74.89028424227749
              },
              {
                "carrier_i": "Coal",
                "carrier_j": "Solar",
                "theta_deg": -8.266624951887144
              },
              {
                "carrier_i": "Coal",
                "carrier_j": "Wind",
                "theta_deg": 9.81452305501758
              },
              {
                "carrier_i": "Gas",
                "carrier_j": "Hydro",
                "theta_deg": 66.92195429686767
              },
              {
                "carrier_i": "Gas",
                "carrier_j": "Nuclear",
                "theta_deg": 57.51185015194283
              },
              {
                "carrier_i": "Gas",
                "carrier_j": "Other Fossil",
                "theta_deg": 60.863447075568345
              },
              {
                "carrier_i": "Gas",
                "carrier_j": "Other Renewables",
                "theta_deg": -84.53586072627981
              },
              {
                "carrier_i": "Gas",
                "carrier_j": "Solar",
                "theta_deg": -22.298234188351103
              },
              {
                "carrier_i": "Gas",
                "carrier_j": "Wind",
                "theta_deg": 26.025546292409675
              },
              {
                "carrier_i": "Hydro",
                "carrier_j": "Nuclear",
                "theta_deg": 33.78735978200652
              },
              {
                "carrier_i": "Hydro",
                "carrier_j": "Other Fossil",
                "theta_deg": 37.39330902606806
              },
              {
                "carrier_i": "Hydro",
                "carrier_j": "Other Renewables",
                "theta_deg": -77.34667091152751
              },
              {
                "carrier_i": "Hydro",
                "carrier_j": "Solar",
                "theta_deg": -9.911466498886455
              },
              {
                "carrier_i": "Hydro",
                "carrier_j": "Wind",
                "theta_deg": 11.75272661241633
              },
              {
                "carrier_i": "Nuclear",
                "carrier_j": "Other Fossil",
                "theta_deg": 48.80150659342143
              },
              {
                "carrier_i": "Nuclear",
                "carrier_j": "Other Renewables",
                "theta_deg": -81.45687418689496
              },
              {
                "carrier_i": "Nuclear",
                "carrier_j": "Solar",
                "theta_deg": -14.635348014158943
              },
              {
                "carrier_i": "Nuclear",
                "carrier_j": "Wind",
                "theta_deg": 17.272019236689104
              },
              {
                "carrier_i": "Other Fossil",
                "carrier_j": "Other Renewables",
                "theta_deg": -80.26261847194078
              },
              {
                "carrier_i": "Other Fossil",
                "carrier_j": "Solar",
                "theta_deg": -12.876455417406275
              },
              {
                "carrier_i": "Other Fossil",
                "carrier_j": "Wind",
                "theta_deg": 15.226137315770648
              },
              {
                "carrier_i": "Other Renewables",
                "carrier_j": "Solar",
                "theta_deg": -177.75352364008666
              },
              {
                "carrier_i": "Other Renewables",
                "carrier_j": "Wind",
                "theta_deg": 177.32577022314348
              },
              {
                "carrier_i": "Solar",
                "carrier_j": "Wind",
                "theta_deg": 130.0257726460158
              }
            ]
          },
          "condition_number": 1.28257e+18,
          "angular_velocity_deg": 0.9184638586252418,
          "helmsman": "Solar",
          "helmsman_delta": 0.39140789287811373,
          "higgins_scale": 0.6808155982514894,
          "metric_tensor_diagonal": [
            373975.6955154001,
            1.478296622891964,
            138514.64505721023,
            29.324407545564583,
            3850.691818522812,
            945.663263803036,
            2.4317769600888887e+36,
            972710784.0355554,
            3446395.9184933235
          ],
          "metric_tensor": {
            "matrix": [
              [
                373975.6955154001,
                -92.94210292267384,
                -28449.82170537799,
                -413.94851180863895,
                -4743.523794092072,
                -2350.7149072280376,
                -1.1920475294553376e+20,
                -2384095.0589106753,
                -141910.4201732545
              ],
              [
                -92.94210292267384,
                1.478296622891964,
                -56.563809654610566,
