{
  "metadata": {
    "_function": "provenance",
    "_description": "Identity, schema version, run-time provenance.",
    "schema_version": "2.0.0",
    "engine_version": "cnt 2.0.3",
    "engine_implementation": "python",
    "generated": "2026-05-05T23:59:40.333100+00:00",
    "wall_clock_ms": 3,
    "mathematical_lineage": {
      "Aitchison_1986": "CLR transform, simplex geometry, Aitchison distance",
      "Shannon_1948": "Entropy H = -sum x_j ln x_j",
      "Egozcue_2003": "ILR, Helmert basis, orthonormal coordinates",
      "Higgins_2026": "CNT tensor decomposition, recursive depth sounder, metric dual involution"
    },
    "engine_config": {
      "_description": "Active values from the USER CONFIGURATION block at top of cnt.py. Two runs with identical config and input produce identical content_sha256. Two runs with different config produce different content_sha256 - that is correct.",
      "DEFAULT_DELTA": 1e-15,
      "DEGEN_THRESHOLD": 0.0001,
      "LOCK_CLR_THRESHOLD": -10.0,
      "DEPTH_MAX_LEVELS": 50,
      "DEPTH_PRECISION_TARGET": 0.01,
      "NOISE_FLOOR_OMEGA_VAR": 1e-06,
      "TRIADIC_T_LIMIT": 500,
      "TRIADIC_K_DEFAULT": 500,
      "EITT_GATE_PCT": 5.0,
      "EITT_M_SWEEP_BASE": [
        2,
        4,
        8,
        16,
        32,
        64,
        128
      ]
    },
    "environment": {
      "git_sha": "unknown",
      "language_version": "python 3.10.12",
      "numerical_lib": "numpy 2.2.6",
      "platform": "Linux-6.8.0-106-generic-x86_64-with-glibc2.35",
      "hostname_hash": "c857d09db23e6822e3600bc06ad8d58f92ed62bc8efd81c753f77048662cb97d"
    }
  },
  "input": {
    "_function": "provenance",
    "_description": "Source data identity, hashes, and ordering declaration.",
    "source_file": "STANDARD_CALIBRATION_stage2_B_loop.csv",
    "source_file_sha256": "9b0e7073250ffba5cbbf593482f7e18c52aedf0a9f44e8d2d9d9f52a5221cbe0",
    "closed_data_sha256": "d81d31c70fd6f94bba317992f58155996da725ccf1494d2c30d63ad12e8c426a",
    "n_records": 7,
    "n_carriers": 4,
    "carriers": [
      "A",
      "B",
      "C",
      "D"
    ],
    "labels": [
      "t00",
      "t01",
      "t02",
      "t03",
      "t04",
      "t05",
      "t06"
    ],
    "zero_replacement": {
      "method": "multiplicative",
      "delta": 1e-15,
      "applied": false,
      "n_replacements": 0
    },
    "ordering": {
      "is_temporal": true,
      "ordering_method": "by-time",
      "caveat": null
    }
  },
  "tensor": {
    "_function": "composer",
    "_description": "Per-record compositional state. coda_standard fields follow Aitchison/Egozcue/Shannon. higgins_extensions are HUF-framework readings of the same simplex; see schema \u00a78 for the mapping.",
    "helmert_basis": {
      "D": 4,
      "dim": 3,
      "coefficients": [
        [
          0.7071067811865476,
          -0.7071067811865476,
          0.0,
          0.0
        ],
        [
          0.408248290463863,
          0.408248290463863,
          -0.816496580927726,
          0.0
        ],
        [
          0.28867513459481287,
          0.28867513459481287,
          0.28867513459481287,
          -0.8660254037844386
        ]
      ]
    },
    "timesteps": [
      {
        "index": 0,
        "raw_values": [
          0.5344466454,
          0.1966119332,
          0.0723294881,
          0.1966119332
        ],
        "label": "t00",
        "coda_standard": {
          "shannon_entropy": 1.164406217690234,
          "ilr": [
            0.7071067813509202,
            1.2247448716360962,
            1.4210847170149464e-11
          ],
          "aitchison_norm": 1.414213562667031,
          "clr": [
            1.000000000220151,
            -1.2307044272574785e-11,
            -1.0000000001955371,
            -1.2307044272574785e-11
          ],
          "composition": [
            0.5344466454534447,
            0.1966119332196612,
            0.07232948810723296,
            0.1966119332196612
          ]
        },
        "higgins_extensions": {
          "condition_number": 7.3890561020021925,
          "metric_tensor_diagonal": [
            2.6257450317113045,
            19.40177734982346,
            143.3608213093436,
            19.40177734982346
          ],
          "metric_tensor": {
            "matrix": [
              [
                2.6257450317113045,
                -2.3791716691755433,
                -6.46725911628945,
                -2.3791716691755433
              ],
              [
                -2.3791716691755433,
                19.40177734982346,
                -17.57983293983229,
                -6.46725911660782
              ],
              [
                -6.46725911628945,
                -17.57983293983229,
                143.3608213093436,
                -17.57983293983229
              ],
              [
                -2.3791716691755433,
                -6.46725911660782,
                -17.57983293983229,
                19.40177734982346
              ]
            ],
            "eigenvalues": [
              4.464028935803774e-15,
              10.754426688503884,
              25.869036466431275,
              148.1666578857667
            ],
            "trace": 184.79012104070182
          },
          "bearing_tensor": {
            "pairs": [
              {
                "carrier_i": "A",
                "carrier_j": "B",
                "theta_deg": -7.051416949439499e-10
              },
              {
                "carrier_i": "A",
                "carrier_j": "C",
                "theta_deg": -44.999999999294864
              },
              {
                "carrier_i": "A",
                "carrier_j": "D",
                "theta_deg": -7.051416949439499e-10
              },
              {
                "carrier_i": "B",
                "carrier_j": "C",
                "theta_deg": -90.00000000070514
              },
              {
                "carrier_i": "B",
                "carrier_j": "D",
                "theta_deg": -135.0
              },
              {
                "carrier_i": "C",
                "carrier_j": "D",
                "theta_deg": -179.99999999929486
              }
            ]
          },
          "higgins_scale": 0.16005846207901242
        }
      },
      {
        "index": 1,
        "raw_values": [
          0.3262653112,
          0.4704719275,
          0.1200263003,
          0.083236461
        ],
        "label": "t01",
        "coda_standard": {
          "shannon_entropy": 1.181569134003628,
          "ilr": [
            -0.25881904495707575,
            0.9659258265988515,
            0.9999999994795449
          ],
          "aitchison_distance_step": 1.4142135619960106,
          "aitchison_norm": 1.4142135621900451,
          "clr": [
            0.5000000000790712,
            0.8660254036578194,
            -0.5000000004031793,
            -0.8660254033337114
          ],
          "composition": [
            0.3262653112,
            0.4704719275,
            0.1200263003,
            0.083236461
          ]
        },
        "higgins_extensions": {
          "helmsman_delta": 0.8660254036701265,
          "condition_number": 5.652233670770793,
          "angular_velocity_deg": 59.99999997976558,
          "metric_tensor_diagonal": [
            7.045623956275384,
            3.388393453434273,
            52.060510715100925,
            108.25153159912739
          ],
          "metric_tensor": {
            "matrix": [
              [
                7.045623956275384,
                -1.628678608525028,
                -6.383997193245053,
                -9.205672069969287
              ],
              [
                -1.628678608525028,
                3.388393453434273,
                -4.427207468088569,
                -6.383997189106842
              ],
              [
                -6.383997193245053,
                -4.427207468088569,
                52.060510715100925,
                -25.023611118618124
              ],
              [
                -9.205672069969287,
                -6.383997189106842,
                -25.023611118618124,
                108.25153159912739
              ]
            ],
            "eigenvalues": [
              4.110589229823063e-15,
              6.88690623052958,
              45.550664233848494,
              118.30848925955996
            ],
            "trace": 170.74605972393798
          },
          "bearing_tensor": {
            "pairs": [
              {
                "carrier_i": "A",
                "carrier_j": "B",
                "theta_deg": 59.99999999244914
              },
              {
                "carrier_i": "A",
                "carrier_j": "C",
                "theta_deg": -45.00000001857003
              },
              {
                "carrier_i": "A",
                "carrier_j": "D",
                "theta_deg": -59.99999998316414
              },
              {
                "carrier_i": "B",
                "carrier_j": "C",
                "theta_deg": -30.00000002363297
              },
              {
                "carrier_i": "B",
                "carrier_j": "D",
                "theta_deg": -44.99999998927859
              },
              {
                "carrier_i": "C",
                "carrier_j": "D",
                "theta_deg": -120.000000032918
              }
            ]
          },
          "helmsman": "B",
          "higgins_scale": 0.14767803495274934
        }
      },
      {
        "index": 2,
        "raw_values": [
          0.1200263003,
          0.4704719275,
          0.3262653112,
          0.083236461
        ],
        "label": "t02",
        "coda_standard": {
          "shannon_entropy": 1.181569134003628,
          "ilr": [
            -0.9659258264846259,
            -0.25881904538337147,
            0.9999999994795449
          ],
          "aitchison_distance_step": 1.4142135630551003,
          "aitchison_norm": 1.4142135621900453,
          "clr": [
            -0.5000000004031793,
            0.8660254036578194,
            0.5000000000790712,
            -0.8660254033337114
          ],
          "composition": [
            0.1200263003,
            0.4704719275,
            0.3262653112,
            0.083236461
          ]
        },
        "higgins_extensions": {
          "helmsman_delta": 1.0000000004822505,
          "condition_number": 5.652233670770793,
          "angular_velocity_deg": 60.00000004046884,
          "metric_tensor_diagonal": [
            52.060510715100925,
            3.388393453434273,
            7.045623956275384,
            108.25153159912739
          ],
          "metric_tensor": {
            "matrix": [
              [
                52.060510715100925,
                -4.427207468088569,
                -6.383997193245053,
                -25.023611118618124
              ],
              [
                -4.427207468088569,
                3.388393453434273,
                -1.628678608525028,
                -6.383997189106842
              ],
              [
                -6.383997193245053,
                -1.628678608525028,
                7.045623956275384,
                -9.205672069969287
              ],
              [
                -25.023611118618124,
                -6.383997189106842,
                -9.205672069969287,
                108.25153159912739
              ]
            ],
            "eigenvalues": [
              1.880144366152378e-14,
              6.886906230529567,
              45.55066423384848,
              118.30848925955993
            ],
            "trace": 170.74605972393798
          },
          "bearing_tensor": {
            "pairs": [
              {
                "carrier_i": "A",
                "carrier_j": "B",
                "theta_deg": 120.00000002363296
              },
              {
                "carrier_i": "A",
                "carrier_j": "C",
                "theta_deg": 135.00000001857003
              },
              {
                "carrier_i": "A",
                "carrier_j": "D",
                "theta_deg": -120.000000032918
              },
              {
                "carrier_i": "B",
                "carrier_j": "C",
                "theta_deg": 30.000000007550856
              },
              {
                "carrier_i": "B",
                "carrier_j": "D",
                "theta_deg": -44.99999998927859
              },
              {
                "carrier_i": "C",
                "carrier_j": "D",
                "theta_deg": -59.99999998316414
              }
            ]
          },
          "helmsman": "A",
          "higgins_scale": 0.14767803495274934
        }
      },
      {
        "index": 3,
        "raw_values": [
          0.0723294881,
          0.1966119332,
          0.5344466454,
          0.1966119332
        ],
        "label": "t03",
        "coda_standard": {
          "shannon_entropy": 1.164406217690234,
          "ilr": [
            -0.7071067813161108,
            -1.2247448716561937,
            1.4210847170149464e-11
          ],
          "aitchison_distance_step": 1.4142135619960106,
          "aitchison_norm": 1.414213562667031,
          "clr": [
            -1.0000000001955371,
            -1.2307044272574785e-11,
            1.000000000220151,
            -1.2307044272574785e-11
          ],
          "composition": [
            0.07232948810723296,
            0.1966119332196612,
            0.5344466454534447,
            0.1966119332196612
          ]
        },
        "higgins_extensions": {
          "helmsman_delta": 0.8660254036701265,
          "condition_number": 7.3890561020021925,
          "angular_velocity_deg": 59.99999997976558,
          "metric_tensor_diagonal": [
            143.3608213093436,
            19.40177734982346,
            2.6257450317113045,
            19.40177734982346
          ],
          "metric_tensor": {
            "matrix": [
              [
                143.3608213093436,
                -17.57983293983229,
                -6.46725911628945,
                -17.57983293983229
              ],
              [
                -17.57983293983229,
                19.40177734982346,
                -2.3791716691755433,
                -6.46725911660782
              ],
              [
                -6.46725911628945,
                -2.3791716691755433,
                2.6257450317113045,
                -2.3791716691755433
              ],
              [
                -17.57983293983229,
                -6.46725911660782,
                -2.3791716691755433,
                19.40177734982346
              ]
            ],
            "eigenvalues": [
              -3.453659978352468e-15,
              10.75442668850387,
              25.86903646643127,
              148.1666578857667
            ],
            "trace": 184.79012104070182
          },
          "bearing_tensor": {
            "pairs": [
              {
                "carrier_i": "A",
                "carrier_j": "B",
                "theta_deg": -179.99999999929486
              },
              {
                "carrier_i": "A",
                "carrier_j": "C",
                "theta_deg": 134.99999999929486
              },
              {
                "carrier_i": "A",
                "carrier_j": "D",
                "theta_deg": -179.99999999929486
              },
              {
                "carrier_i": "B",
                "carrier_j": "C",
                "theta_deg": 90.00000000070514
              },
              {
                "carrier_i": "B",
                "carrier_j": "D",
                "theta_deg": -135.0
              },
              {
                "carrier_i": "C",
                "carrier_j": "D",
                "theta_deg": -7.051416949439499e-10
              }
            ]
          },
          "helmsman": "B",
          "higgins_scale": 0.16005846207901242
        }
      },
      {
        "index": 4,
        "raw_values": [
          0.1200263003,
          0.083236461,
          0.3262653112,
          0.4704719275
        ],
        "label": "t04",
        "coda_standard": {
          "shannon_entropy": 1.181569134003628,
          "ilr": [
            0.25881904449871773,
            -0.9659258263342183,
            -0.9999999998537926
          ],
          "aitchison_distance_step": 1.4142135619960106,
          "aitchison_norm": 1.4142135621900453,
          "clr": [
            -0.5000000004031793,
            -0.8660254033337114,
            0.5000000000790712,
            0.8660254036578194
          ],
          "composition": [
            0.1200263003,
            0.083236461,
            0.3262653112,
            0.4704719275
          ]
        },
        "higgins_extensions": {
          "helmsman_delta": 0.8660254036701265,
          "condition_number": 5.652233670770793,
          "angular_velocity_deg": 59.99999997976558,
          "metric_tensor_diagonal": [
            52.060510715100925,
            108.25153159912739,
            7.045623956275384,
            3.388393453434273
          ],
          "metric_tensor": {
            "matrix": [
              [
                52.060510715100925,
                -25.023611118618124,
                -6.383997193245053,
                -4.427207468088569
              ],
              [
                -25.023611118618124,
                108.25153159912739,
                -9.205672069969287,
                -6.383997189106842
              ],
              [
                -6.383997193245053,
                -9.205672069969287,
                7.045623956275384,
                -1.628678608525028
              ],
              [
                -4.427207468088569,
                -6.383997189106842,
                -1.628678608525028,
                3.388393453434273
              ]
            ],
            "eigenvalues": [
              1.4804343950811074e-16,
              6.886906230529571,
              45.55066423384847,
              118.30848925955999
            ],
            "trace": 170.74605972393798
          },
          "bearing_tensor": {
            "pairs": [
              {
                "carrier_i": "A",
                "carrier_j": "B",
                "theta_deg": -120.000000032918
              },
              {
                "carrier_i": "A",
                "carrier_j": "C",
                "theta_deg": 135.00000001857003
              },
              {
                "carrier_i": "A",
                "carrier_j": "D",
                "theta_deg": 120.00000002363296
              },
              {
                "carrier_i": "B",
                "carrier_j": "C",
                "theta_deg": 149.99999998316414
              },
              {
                "carrier_i": "B",
                "carrier_j": "D",
                "theta_deg": 134.9999999892786
              },
              {
                "carrier_i": "C",
                "carrier_j": "D",
                "theta_deg": 59.99999999244914
              }
            ]
          },
          "helmsman": "D",
          "higgins_scale": 0.14767803495274934
        }
      },
      {
        "index": 5,
        "raw_values": [
          0.3262653112,
          0.083236461,
          0.1200263003,
          0.4704719275
        ],
        "label": "t05",
        "coda_standard": {
          "shannon_entropy": 1.181569134003628,
          "ilr": [
            0.9659258260262679,
            0.2588190456480046,
            -0.9999999998537926
          ],
          "aitchison_distance_step": 1.4142135630551003,
          "aitchison_norm": 1.4142135621900453,
          "clr": [
            0.5000000000790712,
            -0.8660254033337114,
            -0.5000000004031793,
            0.8660254036578194
          ],
          "composition": [
            0.3262653112,
            0.083236461,
            0.1200263003,
            0.4704719275
          ]
        },
        "higgins_extensions": {
          "helmsman_delta": 1.0000000004822505,
          "condition_number": 5.652233670770793,
          "angular_velocity_deg": 60.00000004046884,
          "metric_tensor_diagonal": [
            7.045623956275384,
            108.25153159912739,
            52.060510715100925,
            3.388393453434273
          ],
          "metric_tensor": {
            "matrix": [
              [
                7.045623956275384,
                -9.205672069969287,
                -6.383997193245053,
                -1.628678608525028
              ],
              [
                -9.205672069969287,
                108.25153159912739,
                -25.023611118618124,
                -6.383997189106842
              ],
              [
                -6.383997193245053,
                -25.023611118618124,
                52.060510715100925,
                -4.427207468088569
              ],
              [
                -1.628678608525028,
                -6.383997189106842,
                -4.427207468088569,
                3.388393453434273
              ]
            ],
            "eigenvalues": [
              1.4456473949080054e-15,
              6.886906230529573,
              45.55066423384847,
              118.30848925955993
            ],
            "trace": 170.74605972393798
          },
          "bearing_tensor": {
            "pairs": [
              {
                "carrier_i": "A",
                "carrier_j": "B",
                "theta_deg": -59.99999998316414
              },
              {
                "carrier_i": "A",
                "carrier_j": "C",
                "theta_deg": -45.00000001857003
              },
              {
                "carrier_i": "A",
                "carrier_j": "D",
                "theta_deg": 59.99999999244914
              },
              {
                "carrier_i": "B",
                "carrier_j": "C",
                "theta_deg": -149.99999996708203
              },
              {
                "carrier_i": "B",
                "carrier_j": "D",
                "theta_deg": 134.9999999892786
              },
              {
                "carrier_i": "C",
                "carrier_j": "D",
                "theta_deg": 120.00000002363296
              }
            ]
          },
          "helmsman": "A",
          "higgins_scale": 0.14767803495274934
        }
      },
      {
        "index": 6,
        "raw_values": [
          0.5344466454,
          0.1966119332,
          0.0723294881,
          0.1966119332
        ],
        "label": "t06",
        "coda_standard": {
          "shannon_entropy": 1.164406217690234,
          "ilr": [
            0.7071067813509202,
            1.2247448716360962,
            1.4210847170149464e-11
          ],
          "aitchison_distance_step": 1.4142135619960106,
          "aitchison_norm": 1.414213562667031,
          "clr": [
            1.000000000220151,
            -1.2307044272574785e-11,
            -1.0000000001955371,
            -1.2307044272574785e-11
          ],
          "composition": [
            0.5344466454534447,
            0.1966119332196612,
            0.07232948810723296,
            0.1966119332196612
          ]
        },
        "higgins_extensions": {
          "helmsman_delta": 0.8660254036701265,
          "condition_number": 7.3890561020021925,
          "angular_velocity_deg": 59.99999997976558,
          "metric_tensor_diagonal": [
            2.6257450317113045,
            19.40177734982346,
            143.3608213093436,
            19.40177734982346
          ],
          "metric_tensor": {
            "matrix": [
              [
                2.6257450317113045,
                -2.3791716691755433,
                -6.46725911628945,
                -2.3791716691755433
              ],
              [
                -2.3791716691755433,
                19.40177734982346,
                -17.57983293983229,
                -6.46725911660782
              ],
              [
                -6.46725911628945,
                -17.57983293983229,
                143.3608213093436,
                -17.57983293983229
              ],
              [
                -2.3791716691755433,
                -6.46725911660782,
                -17.57983293983229,
                19.40177734982346
              ]
            ],
            "eigenvalues": [
              4.464028935803774e-15,
              10.754426688503884,
              25.869036466431275,
              148.1666578857667
            ],
            "trace": 184.79012104070182
          },
          "bearing_tensor": {
            "pairs": [
              {
                "carrier_i": "A",
                "carrier_j": "B",
                "theta_deg": -7.051416949439499e-10
              },
              {
                "carrier_i": "A",
                "carrier_j": "C",
                "theta_deg": -44.999999999294864
              },
              {
                "carrier_i": "A",
                "carrier_j": "D",
                "theta_deg": -7.051416949439499e-10
              },
              {
                "carrier_i": "B",
                "carrier_j": "C",
                "theta_deg": -90.00000000070514
              },
              {
                "carrier_i": "B",
                "carrier_j": "D",
                "theta_deg": -135.0
              },
              {
                "carrier_i": "C",
                "carrier_j": "D",
                "theta_deg": -179.99999999929486
              }
            ]
          },
          "helmsman": "D",
          "higgins_scale": 0.16005846207901242
        }
      }
    ]
  },
  "stages": {
    "stage1": {
      "_function": "formatter",
      "_description": "Cube-face projections and per-record metric ledger formatted for plate display. HUF/CBS-specific.",
      "coda_standard": {},
      "higgins_extensions": {
        "section_atlas": [
          {
            "index": 0,
            "label": "t00",
            "xy_face": [
              1.000000000220151,
              -1.2307044272574785e-11
            ],
            "xz_face": [
              1.000000000220151,
              -1.0000000001955371
            ],
            "yz_face": [
              -1.2307044272574785e-11,
              -1.0000000001955371
            ],
            "metric_tensor_trace": 184.79012104070182,
            "condition_number": 7.3890561020021925,
            "angular_velocity_deg": 0.0
          },
          {
            "index": 1,
            "label": "t01",
            "xy_face": [
              0.5000000000790712,
              0.8660254036578194
            ],
            "xz_face": [
              0.5000000000790712,
              -0.5000000004031793
            ],
            "yz_face": [
              0.8660254036578194,
              -0.5000000004031793
            ],
            "metric_tensor_trace": 170.74605972393798,
            "condition_number": 5.652233670770793,
            "angular_velocity_deg": 59.99999997976558
          },
          {
            "index": 2,
            "label": "t02",
            "xy_face": [
              -0.5000000004031793,
              0.8660254036578194
            ],
            "xz_face": [
              -0.5000000004031793,
              0.5000000000790712
            ],
            "yz_face": [
              0.8660254036578194,
              0.5000000000790712
            ],
            "metric_tensor_trace": 170.74605972393798,
            "condition_number": 5.652233670770793,
            "angular_velocity_deg": 60.00000004046884
          },
          {
            "index": 3,
            "label": "t03",
            "xy_face": [
              -1.0000000001955371,
              -1.2307044272574785e-11
            ],
            "xz_face": [
              -1.0000000001955371,
              1.000000000220151
            ],
            "yz_face": [
              -1.2307044272574785e-11,
              1.000000000220151
            ],
            "metric_tensor_trace": 184.79012104070182,
            "condition_number": 7.3890561020021925,
            "angular_velocity_deg": 59.99999997976558
          },
          {
            "index": 4,
            "label": "t04",
            "xy_face": [
              -0.5000000004031793,
              -0.8660254033337114
            ],
            "xz_face": [
              -0.5000000004031793,
              0.5000000000790712
            ],
            "yz_face": [
              -0.8660254033337114,
              0.5000000000790712
            ],
            "metric_tensor_trace": 170.74605972393798,
            "condition_number": 5.652233670770793,
            "angular_velocity_deg": 59.99999997976558
          },
          {
            "index": 5,
            "label": "t05",
            "xy_face": [
              0.5000000000790712,
              -0.8660254033337114
            ],
            "xz_face": [
              0.5000000000790712,
              -0.5000000004031793
            ],
            "yz_face": [
              -0.8660254033337114,
              -0.5000000004031793
            ],
            "metric_tensor_trace": 170.74605972393798,
            "condition_number": 5.652233670770793,
            "angular_velocity_deg": 60.00000004046884
          },
          {
            "index": 6,
            "label": "t06",
            "xy_face": [
              1.000000000220151,
              -1.2307044272574785e-11
            ],
            "xz_face": [
              1.000000000220151,
              -1.0000000001955371
            ],
            "yz_face": [
              -1.2307044272574785e-11,
              -1.0000000001955371
            ],
            "metric_tensor_trace": 184.79012104070182,
            "condition_number": 7.3890561020021925,
            "angular_velocity_deg": 59.99999997976558
          }
        ],
        "metric_ledger": [
          {
            "index": 0,
            "label": "t00",
            "hs": 0.16005846207901242,
            "ring": "Hs-2",
            "omega_deg": 0.0,
            "helmsman": "",
            "energy": 2.0000000008313763,
            "condition": 7.3890561020021925
          },
          {
            "index": 1,
            "label": "t01",
            "hs": 0.14767803495274934,
            "ring": "Hs-2",
            "omega_deg": 59.99999997976558,
            "helmsman": "B",
            "energy": 1.9999999994822566,
            "condition": 5.652233670770793
          },
          {
            "index": 2,
            "label": "t02",
            "hs": 0.14767803495274934,
            "ring": "Hs-2",
            "omega_deg": 60.00000004046884,
            "helmsman": "A",
            "energy": 1.9999999994822573,
            "condition": 5.652233670770793
          },
          {
            "index": 3,
            "label": "t03",
            "hs": 0.16005846207901242,
            "ring": "Hs-2",
            "omega_deg": 59.99999997976558,
            "helmsman": "B",
            "energy": 2.0000000008313763,
            "condition": 7.3890561020021925
          },
          {
            "index": 4,
            "label": "t04",
            "hs": 0.14767803495274934,
            "ring": "Hs-2",
            "omega_deg": 59.99999997976558,
            "helmsman": "D",
            "energy": 1.9999999994822573,
            "condition": 5.652233670770793
          },
          {
            "index": 5,
            "label": "t05",
            "hs": 0.14767803495274934,
            "ring": "Hs-2",
            "omega_deg": 60.00000004046884,
            "helmsman": "A",
            "energy": 1.9999999994822573,
            "condition": 5.652233670770793
          },
          {
            "index": 6,
            "label": "t06",
            "hs": 0.16005846207901242,
            "ring": "Hs-2",
            "omega_deg": 59.99999997976558,
            "helmsman": "D",
            "energy": 2.0000000008313763,
            "condition": 7.3890561020021925
          }
        ]
      }
    },
    "stage2": {
      "_function": "review",
      "_description": "Pairwise cross-examination of compositional behaviour.",
      "coda_standard": {
        "variation_matrix": [
          [
            0.0,
            0.9795918368133699,
            2.204081633882879,
            0.9795918368133698
          ],
          [
            0.9795918368133699,
            0.0,
            0.9795918366995016,
            1.7142857131428642
          ],
          [
            2.204081633882879,
            0.9795918366995016,
            0.0,
            0.9795918366995016
          ],
          [
            0.97959183681337,
            1.7142857131428642,
            0.9795918366995016,
            0.0
          ]
        ]
      },
      "higgins_extensions": {
        "carrier_pair_examination": [
          {
            "carrier_a": "A",
            "carrier_b": "B",
            "i": 0,
            "j": 1,
            "pearson_r": -2.92899088496521e-11,
            "co_movement_score": 0,
            "opposition_score": 2.92899088496521e-11,
            "bearing_spread_deg": 300.0000000229278,
            "locked": false
          },
          {
            "carrier_a": "A",
            "carrier_b": "C",
            "i": 0,
            "j": 2,
            "pearson_r": -1.0000000000000002,
            "co_movement_score": 0,
            "opposition_score": 1.0000000000000002,
            "bearing_spread_deg": 180.00000003714007,
            "locked": false
          },
          {
            "carrier_a": "A",
            "carrier_b": "D",
            "i": 0,
            "j": 3,
            "pearson_r": -2.92899088496521e-11,
            "co_movement_score": 0,
            "opposition_score": 2.92899088496521e-11,
            "bearing_spread_deg": 300.0000000229278,
            "locked": false
          },
          {
            "carrier_a": "B",
            "carrier_b": "C",
            "i": 1,
            "j": 2,
            "pearson_r": 2.928992516407327e-11,
            "co_movement_score": 2.928992516407327e-11,
            "opposition_score": 0,
            "bearing_spread_deg": 299.9999999502462,
            "locked": false
          },
          {
            "carrier_a": "B",
            "carrier_b": "D",
            "i": 1,
            "j": 3,
            "pearson_r": -1.0,
            "co_movement_score": 0,
            "opposition_score": 1.0,
            "bearing_spread_deg": 269.9999999892786,
            "locked": false
          },
          {
            "carrier_a": "C",
            "carrier_b": "D",
            "i": 2,
            "j": 3,
            "pearson_r": 2.928992516407327e-11,
            "co_movement_score": 2.928992516407327e-11,
            "opposition_score": 0,
            "bearing_spread_deg": 300.0000000229278,
            "locked": false
          }
        ]
      }
    },
    "stage3": {
      "_function": "review",
      "_description": "Higher-degree subcompositional and triadic analysis.",
      "coda_standard": {
        "subcomposition_ladder": [
          {
            "degree": 2,
            "n_subsets": 6,
            "n_subsets_scored": 6,
            "mean_correlation": -0.3333333333333334
          },
          {
            "degree": 3,
            "n_subsets": 4,
            "n_subsets_scored": 4,
            "mean_correlation": -0.33333333333333337
          }
        ]
      },
      "higgins_extensions": {
        "triadic_area": {
          "n_candidates": 35,
          "selection_method": "top_K_by_area",
          "selection_K": 500,
          "n_returned": 35,
          "results": [
            {
              "triad": [
                0,
                2,
                4
              ],
              "area": 2.598076211264934,
              "sides": [
                2.449489743128928,
                2.449489741966687,
                2.449489743128928
              ]
            },
            {
              "triad": [
                1,
                3,
                5
              ],
              "area": 2.598076211264934,
              "sides": [
                2.449489743128928,
                2.449489743128928,
                2.449489741966687
              ]
            },
            {
              "triad": [
                2,
                4,
                6
              ],
              "area": 2.598076211264934,
              "sides": [
                2.449489741966687,
                2.449489743128928,
                2.449489743128928
              ]
            },
            {
              "triad": [
                1,
                2,
                4
              ],
              "area": 1.7320508078268138,
              "sides": [
                1.4142135630551003,
                2.449489741966687,
                2.8284271243800907
              ]
            },
            {
              "triad": [
                2,
                4,
                5
              ],
              "area": 1.7320508078268138,
              "sides": [
                2.449489741966687,
                1.4142135630551003,
                2.8284271243800907
              ]
            },
            {
              "triad": [
                1,
                2,
                5
              ],
              "area": 1.7320508078268135,
              "sides": [
                1.4142135630551003,
                2.8284271243800907,
                2.449489741966687
              ]
            },
            {
              "triad": [
                1,
                4,
                5
              ],
              "area": 1.7320508078268135,
              "sides": [
                2.8284271243800907,
                1.4142135630551003,
                2.449489741966687
              ]
            },
            {
              "triad": [
                0,
                1,
                4
              ],
              "area": 1.7320508073515275,
              "sides": [
                1.4142135619960106,
                2.8284271243800907,
                2.449489743128928
              ]
            },
            {
              "triad": [
                0,
                3,
                4
              ],
              "area": 1.7320508073515275,
              "sides": [
                2.828427125334062,
                1.4142135619960106,
                2.449489743128928
              ]
            },
            {
              "triad": [
                1,
                3,
                4
              ],
              "area": 1.7320508073515275,
              "sides": [
                2.449489743128928,
                1.4142135619960106,
                2.8284271243800907
              ]
            },
            {
              "triad": [
                2,
                3,
                5
              ],
              "area": 1.7320508073515275,
              "sides": [
                1.4142135619960106,
                2.449489743128928,
                2.8284271243800907
              ]
            },
            {
              "triad": [
                0,
                1,
                3
              ],
              "area": 1.7320508073515273,
              "sides": [
                1.4142135619960106,
                2.449489743128928,
                2.828427125334062
              ]
            },
            {
              "triad": [
                0,
                2,
                3
              ],
              "area": 1.7320508073515273,
              "sides": [
                2.449489743128928,
                1.4142135619960106,
                2.828427125334062
              ]
            },
            {
              "triad": [
                0,
                2,
                5
              ],
              "area": 1.7320508073515273,
              "sides": [
