{
  "metadata": {
    "_function": "provenance",
    "_description": "Identity, schema version, run-time provenance.",
    "schema_version": "2.0.0",
    "engine_version": "cnt 2.0.3",
    "engine_implementation": "python",
    "generated": "2026-05-05T21:58:54.312891+00:00",
    "wall_clock_ms": 29,
    "mathematical_lineage": {
      "Aitchison_1986": "CLR transform, simplex geometry, Aitchison distance",
      "Shannon_1948": "Entropy H = -sum x_j ln x_j",
      "Egozcue_2003": "ILR, Helmert basis, orthonormal coordinates",
      "Higgins_2026": "CNT tensor decomposition, recursive depth sounder, metric dual involution"
    },
    "engine_config": {
      "_description": "Active values from the USER CONFIGURATION block at top of cnt.py. Two runs with identical config and input produce identical content_sha256. Two runs with different config produce different content_sha256 - that is correct.",
      "DEFAULT_DELTA": 1e-15,
      "DEGEN_THRESHOLD": 0.0001,
      "LOCK_CLR_THRESHOLD": -10.0,
      "DEPTH_MAX_LEVELS": 50,
      "DEPTH_PRECISION_TARGET": 0.01,
      "NOISE_FLOOR_OMEGA_VAR": 1e-06,
      "TRIADIC_T_LIMIT": 500,
      "TRIADIC_K_DEFAULT": 500,
      "EITT_GATE_PCT": 5.0,
      "EITT_M_SWEEP_BASE": [
        2,
        4,
        8,
        16,
        32,
        64,
        128
      ]
    },
    "environment": {
      "git_sha": "unknown",
      "language_version": "python 3.10.12",
      "numerical_lib": "numpy 2.2.6",
      "platform": "Linux-6.8.0-106-generic-x86_64-with-glibc2.35",
      "hostname_hash": "c857d09db23e6822e3600bc06ad8d58f92ed62bc8efd81c753f77048662cb97d"
    }
  },
  "input": {
    "_function": "provenance",
    "_description": "Source data identity, hashes, and ordering declaration.",
    "source_file": "STANDARD_CALIBRATION_27pt.csv",
    "source_file_sha256": "cca5245e2756d3d01608a90d1ddd872f854d01a487d8287a38b558b456b0e5a8",
    "closed_data_sha256": "63496a05809737dad86a0226817cc2afc929500d5ecf876d3105be3beb35bffe",
    "n_records": 27,
    "n_carriers": 4,
    "carriers": [
      "A",
      "B",
      "C",
      "D"
    ],
    "labels": [
      "p_nnn",
      "p_nnz",
      "p_nnp",
      "p_nzn",
      "p_nzz",
      "p_nzp",
      "p_npn",
      "p_npz",
      "p_npp",
      "p_znn",
      "p_znz",
      "p_znp",
      "p_zzn",
      "p_zzz",
      "p_zzp",
      "p_zpn",
      "p_zpz",
      "p_zpp",
      "p_pnn",
      "p_pnz",
      "p_pnp",
      "p_pzn",
      "p_pzz",
      "p_pzp",
      "p_ppn",
      "p_ppz",
      "p_ppp"
    ],
    "zero_replacement": {
      "method": "multiplicative",
      "delta": 1e-15,
      "applied": false,
      "n_replacements": 0
    },
    "ordering": {
      "is_temporal": false,
      "ordering_method": "by-label",
      "caveat": "Calibration grid; non-temporal."
    }
  },
  "tensor": {
    "_function": "composer",
    "_description": "Per-record compositional state. coda_standard fields follow Aitchison/Egozcue/Shannon. higgins_extensions are HUF-framework readings of the same simplex; see schema \u00a78 for the mapping.",
    "helmert_basis": {
      "D": 4,
      "dim": 3,
      "coefficients": [
        [
          0.7071067811865476,
          -0.7071067811865476,
          0.0,
          0.0
        ],
        [
          0.408248290463863,
          0.408248290463863,
          -0.816496580927726,
          0.0
        ],
        [
          0.28867513459481287,
          0.28867513459481287,
          0.28867513459481287,
          -0.8660254037844386
        ]
      ]
    },
    "timesteps": [
      {
        "label": "p_nnn",
        "raw_values": [
          0.0802798244,
          0.216040919,
          0.3103853198,
          0.3932939368
        ],
        "index": 0,
        "coda_standard": {
          "clr": [
            -0.9828211439105685,
            0.007128349065505191,
            0.3694750122398638,
            0.6062177826052002
          ],
          "shannon_entropy": 1.2636750941456565,
          "aitchison_norm": 1.21243556484231,
          "ilr": [
            -0.6999999995155662,
            -0.6999999997454842,
            -0.6999999999493005
          ],
          "composition": [
            0.0802798244,
            0.216040919,
            0.3103853198,
            0.3932939368
          ]
        },
        "higgins_extensions": {
          "condition_number": 4.899038329236804,
          "metric_tensor_diagonal": [
            116.37198322115859,
            16.06901408187875,
            7.785005408730014,
            4.848716153641873
          ],
          "higgins_scale": 0.08845110419058366,
          "bearing_tensor": {
            "pairs": [
              {
                "carrier_i": "A",
                "carrier_j": "B",
                "theta_deg": 179.58444406965182
              },
              {
                "carrier_i": "A",
                "carrier_j": "C",
                "theta_deg": 159.39709710715346
              },
              {
                "carrier_i": "A",
                "carrier_j": "D",
                "theta_deg": 148.33313591990938
              },
              {
                "carrier_i": "B",
                "carrier_j": "C",
                "theta_deg": 88.89471915927207
              },
              {
                "carrier_i": "B",
                "carrier_j": "D",
                "theta_deg": 89.32630565174217
              },
              {
                "carrier_i": "C",
                "carrier_j": "D",
                "theta_deg": 58.638707290944886
              }
            ]
          },
          "metric_tensor": {
            "matrix": [
              [
                116.37198322115859,
                -14.414433496082841,
                -10.033037198295098,
                -7.918015428093728
              ],
              [
                -14.414433496082841,
                16.06901408187875,
                -3.728231060143743,
                -2.9422985752243322
              ],
              [
                -10.033037198295098,
                -3.728231060143743,
                7.785005408730014,
                -2.047960543280357
              ],
              [
                -7.918015428093728,
                -2.9422985752243322,
                -2.047960543280357,
                4.848716153641873
              ]
            ],
            "eigenvalues": [
              5.076257106831154e-15,
              8.264882400379092,
              17.1518138103136,
              119.65802265471652
            ],
            "trace": 145.0747188654092
          }
        }
      },
      {
        "label": "p_nnz",
        "raw_values": [
          0.1026641624,
          0.2762793788,
          0.3969297285,
          0.2241267303
        ],
        "index": 1,
        "coda_standard": {
          "clr": [
            -0.7807485503093741,
            0.20920094366508457,
            0.5715476066129459,
            3.134292825279772e-11
          ],
          "shannon_entropy": 1.2910363797502218,
          "aitchison_norm": 0.9899494937952834,
          "aitchison_distance_step": 0.6999999999131086,
          "ilr": [
            -0.7000000002215311,
            -0.699999999968139,
            -3.619188282399932e-11
          ],
          "composition": [
            0.10266416240000001,
            0.27627937880000003,
            0.3969297285000001,
            0.22412673030000002
          ]
        },
        "higgins_extensions": {
          "helmsman_delta": 0.6062177825738573,
          "condition_number": 3.8662929616420856,
          "metric_tensor_diagonal": [
            71.15796621325188,
            9.825718589519706,
            4.760296556400653,
            14.930486273235333
          ],
          "higgins_scale": 0.0687141086635572,
          "bearing_tensor": {
            "pairs": [
              {
                "carrier_i": "A",
                "carrier_j": "B",
                "theta_deg": 164.9999999919262
              },
              {
                "carrier_i": "A",
                "carrier_j": "C",
                "theta_deg": 143.79397689412866
              },
              {
                "carrier_i": "A",
                "carrier_j": "D",
                "theta_deg": 179.99999999769986
              },
              {
                "carrier_i": "B",
                "carrier_j": "C",
                "theta_deg": 69.89609062372884
              },
              {
                "carrier_i": "B",
                "carrier_j": "D",
                "theta_deg": 8.58417498030807e-09
              },
              {
                "carrier_i": "C",
                "carrier_j": "D",
                "theta_deg": 3.142026115915119e-09
              }
            ]
          },
          "helmsman": "D",
          "angular_velocity_deg": 35.2643896929599,
          "metric_tensor": {
            "matrix": [
              [
                71.15796621325188,
                -8.81399235694122,
                -6.134900357113634,
                -10.86494381934803
              ],
              [
                -8.81399235694122,
                9.825718589519706,
                -2.279701110181199,
                -4.037363778582604
              ],
              [
                -6.134900357113634,
                -2.279701110181199,
                4.760296556400653,
                -2.8101708605996296
              ],
              [
                -10.86494381934803,
                -4.037363778582604,
                -2.8101708605996296,
                14.930486273235333
              ]
            ],
            "eigenvalues": [
              2.115969820477019e-15,
              9.145208478909943,
              16.96642642567185,
              74.56283272782578
            ],
            "trace": 100.67446763240757
          }
        }
      },
      {
        "label": "p_nnp",
        "raw_values": [
          0.1172301951,
          0.3154780082,
          0.4532462781,
          0.1140455186
        ],
        "index": 2,
        "coda_standard": {
          "clr": [
            -0.5786759559109429,
            0.4112735377128496,
            0.7736202007751731,
            -0.6062177825770805
          ],
          "shannon_entropy": 1.2215263251814013,
          "aitchison_norm": 1.2124355651878487,
          "aitchison_distance_step": 0.6999999999530225,
          "ilr": [
            -0.6999999999735727,
            -0.6999999999184381,
            0.6999999999168307
          ],
          "composition": [
            0.1172301951,
            0.3154780082,
            0.4532462781,
            0.1140455186
          ]
        },
        "higgins_extensions": {
          "helmsman_delta": 0.6062177826084234,
          "condition_number": 3.974257679424503,
          "metric_tensor_diagonal": [
            54.57356035298731,
            7.535691017723781,
            3.6508397494530027,
            57.664006584921296
          ],
          "higgins_scale": 0.11885501417273647,
          "bearing_tensor": {
            "pairs": [
              {
                "carrier_i": "A",
                "carrier_j": "B",
                "theta_deg": 144.59803029807819
              },
              {
                "carrier_i": "A",
                "carrier_j": "C",
                "theta_deg": 126.79687071081925
              },
              {
                "carrier_i": "A",
                "carrier_j": "D",
                "theta_deg": -133.6684491013465
              },
              {
                "carrier_i": "B",
                "carrier_j": "C",
                "theta_deg": 62.00390438630063
              },
              {
                "carrier_i": "B",
                "carrier_j": "D",
                "theta_deg": -55.84603499410581
              },
              {
                "carrier_i": "C",
                "carrier_j": "D",
                "theta_deg": -38.08266205984582
              }
            ]
          },
          "helmsman": "D",
          "angular_velocity_deg": 35.264389683723664,
          "metric_tensor": {
            "matrix": [
              [
                54.57356035298731,
                -6.759762393565925,
                -4.705072008019744,
                -18.699168560117734
              ],
              [
                -6.759762393565925,
                7.535691017723781,
                -1.7483833900397479,
                -6.948526114443714
              ],
              [
                -4.705072008019744,
                -1.7483833900397479,
                3.6508397494530027,
                -4.836459303537275
              ],
              [
                -18.699168560117734,
                -6.948526114443714,
                -4.836459303537275,
                57.664006584921296
              ]
            ],
            "eigenvalues": [
              1.8345782155316274e-15,
              7.3583202004737,
              41.17774752538947,
              74.88802997922222
            ],
            "trace": 123.42409770508539
          }
        }
      },
      {
        "label": "p_nzn",
        "raw_values": [
          0.1109526668,
          0.2985845608,
          0.182013058,
          0.4084497144
        ],
        "index": 3,
        "coda_standard": {
          "clr": [
            -0.6970473408413966,
            0.2929021524935518,
            -0.2020725942275825,
            0.606217782575428
          ],
          "shannon_entropy": 1.2806578244474833,
          "aitchison_norm": 0.9899494934378986,
          "aitchison_distance_step": 1.5652475840824867,
          "ilr": [
            -0.699999999769329,
            4.381330021008267e-11,
            -0.6999999999149226
          ],
          "composition": [
            0.1109526668,
            0.2985845608,
            0.182013058,
            0.4084497144
          ]
        },
        "higgins_extensions": {
          "helmsman_delta": 1.2124355651525085,
          "condition_number": 3.68129695463976,
          "metric_tensor_diagonal": [
            60.923630160469685,
            8.412528885106246,
            22.63894429120954,
            4.495562811349546
          ],
          "higgins_scale": 0.07620065379698349,
          "bearing_tensor": {
            "pairs": [
              {
                "carrier_i": "A",
                "carrier_j": "B",
                "theta_deg": 157.20765430099186
              },
              {
                "carrier_i": "A",
                "carrier_j": "C",
                "theta_deg": -163.83323464788842
              },
              {
                "carrier_i": "A",
                "carrier_j": "D",
                "theta_deg": 138.9867167465669
              },
              {
                "carrier_i": "B",
                "carrier_j": "C",
                "theta_deg": -34.60171418218376
              },
              {
                "carrier_i": "B",
                "carrier_j": "D",
                "theta_deg": 64.21187376868104
              },
              {
                "carrier_i": "C",
                "carrier_j": "D",
                "theta_deg": 108.43494882596495
              }
            ]
          },
          "helmsman": "D",
          "angular_velocity_deg": 90.00000000443308,
          "metric_tensor": {
            "matrix": [
              [
                60.923630160469685,
                -7.5463147629266425,
                -12.379403455476298,
                -5.516500562270948
              ],
              [
                -7.5463147629266425,
                8.412528885106246,
                -4.600130104175936,
                -2.0499065562791854
              ],
              [
                -12.379403455476298,
                -4.600130104175936,
                22.63894429120954,
                -3.3627831734339693
              ],
              [
                -5.516500562270948,
                -2.0499065562791854,
                -3.3627831734339693,
                4.495562811349546
              ]
            ],
            "eigenvalues": [
              4.207540067806096e-15,
              8.403270383205786,
              22.57160356421205,
              65.49579220071719
            ],
            "trace": 96.47066614813501
          }
        }
      },
      {
        "label": "p_nzz",
        "raw_values": [
          0.1434306159,
          0.3859859225,
          0.2352917308,
          0.2352917308
        ],
        "index": 4,
        "coda_standard": {
          "clr": [
            -0.49497474656208174,
            0.4949747466528027,
            -4.536038211711002e-11,
            -4.536038211711002e-11
          ],
          "shannon_entropy": 1.3268703756171225,
          "aitchison_norm": 0.6999999996844309,
          "aitchison_distance_step": 0.6999999999673003,
          "ilr": [
            -0.699999999684431,
            7.407327529129759e-11,
            5.237774103328263e-11
          ],
          "composition": [
            0.1434306159,
            0.3859859225,
            0.2352917308,
            0.2352917308
          ]
        },
        "higgins_extensions": {
          "helmsman_delta": 0.6062177826207884,
          "condition_number": 2.6910985501805964,
          "metric_tensor_diagonal": [
            36.45671530274305,
            5.0340593593364735,
            13.547149845891465,
            13.547149845891465
          ],
          "higgins_scale": 0.042865344597350585,
          "bearing_tensor": {
            "pairs": [
              {
                "carrier_i": "A",
                "carrier_j": "B",
                "theta_deg": 134.99999999474932
              },
              {
                "carrier_i": "A",
                "carrier_j": "C",
                "theta_deg": -179.99999999474932
              },
              {
                "carrier_i": "A",
                "carrier_j": "D",
                "theta_deg": -179.99999999474932
              },
              {
                "carrier_i": "B",
                "carrier_j": "C",
                "theta_deg": -5.250688989662988e-09
              },
              {
                "carrier_i": "B",
                "carrier_j": "D",
                "theta_deg": -5.250688989662988e-09
              },
              {
                "carrier_i": "C",
                "carrier_j": "D",
                "theta_deg": -135.0
              }
            ]
          },
          "helmsman": "D",
          "angular_velocity_deg": 45.00000001024568,
          "metric_tensor": {
            "matrix": [
              [
                36.45671530274305,
                -4.5157166144778165,
                -7.407838079398397,
                -7.407838079398397
              ],
              [
                -4.5157166144778165,
                5.0340593593364735,
                -2.7527189886454613,
                -2.7527189886454613
              ],
              [
                -7.407838079398397,
                -2.7527189886454613,
                13.547149845891465,
                -4.515716615297155
              ],
              [
                -7.407838079398397,
                -2.7527189886454613,
                -4.515716615297155,
                13.547149845891465
              ]
            ],
            "eigenvalues": [
              -4.40619762898109e-16,
              10.255248659638541,
              18.06286646118862,
              40.266959233035294
            ],
            "trace": 68.58507435386245
          }
        }
      },
      {
        "label": "p_nzp",
        "raw_values": [
          0.1649464264,
          0.4438870892,
          0.2705874888,
          0.1205789955
        ],
        "index": 5,
        "coda_standard": {
          "clr": [
            -0.29290215262528396,
            0.6970473411696791,
            0.20207259431625868,
            -0.6062177828606543
          ],
          "shannon_entropy": 1.2665540570538087,
          "aitchison_norm": 0.9899494939007923,
          "aitchison_distance_step": 0.7000000001918959,
          "ilr": [
            -0.7000000000946085,
            -3.5975722401104804e-11,
            0.7000000002442734
          ],
          "composition": [
            0.16494642641649468,
            0.44388708924438874,
            0.2705874888270588,
            0.1205789955120579
          ]
        },
        "higgins_extensions": {
          "helmsman_delta": 0.6062177828152939,
          "condition_number": 3.6812969568982687,
          "metric_tensor_diagonal": [
            27.56610724998283,
            3.8064158794583873,
            10.243440259634195,
            51.58434734270626
          ],
          "higgins_scale": 0.08637437143533644,
          "bearing_tensor": {
            "pairs": [
              {
                "carrier_i": "A",
                "carrier_j": "B",
                "theta_deg": 112.79234569857405
              },
              {
                "carrier_i": "A",
                "carrier_j": "C",
                "theta_deg": 145.39828581810855
              },
              {
                "carrier_i": "A",
                "carrier_j": "D",
                "theta_deg": -115.78812623085318
              },
              {
                "carrier_i": "B",
                "carrier_j": "C",
                "theta_deg": 16.166765351619304
              },
              {
                "carrier_i": "B",
                "carrier_j": "D",
                "theta_deg": -41.01328325342003
              },
              {
                "carrier_i": "C",
                "carrier_j": "D",
                "theta_deg": -71.56505117457938
              }
            ]
          },
          "helmsman": "D",
          "angular_velocity_deg": 45.00000000183796,
          "metric_tensor": {
            "matrix": [
              [
                27.56610724998283,
                -3.414480086845623,
                -5.601307117349864,
                -12.569715153094528
              ],
              [
                -3.414480086845623,
                3.8064158794583873,
                -2.081420286048152,
                -4.670849064579802
              ],
              [
                -5.601307117349864,
                -2.081420286048152,
                10.243440259634195,
                -7.6623261650553856
              ],
              [
                -12.569715153094528,
                -4.670849064579802,
                -7.6623261650553856,
                51.58434734270626
              ]
            ],
            "eigenvalues": [
              1.838807092239655e-15,
              8.88840984730193,
              26.683672626186425,
              57.628228258293326
            ],
            "trace": 93.20031073178168
          }
        }
      },
      {
        "label": "p_npn",
        "raw_values": [
          0.1397939379,
          0.3761992638,
          0.0973023171,
          0.3867044811
        ],
        "index": 6,
        "coda_standard": {
          "clr": [
            -0.4112735377040364,
            0.5786759560246013,
            -0.7736202010168143,
            0.6062177826962496
          ],
          "shannon_entropy": 1.2369562587252398,
          "aitchison_norm": 1.2124355654528753,
          "aitchison_distance_step": 1.5652475846072347,
          "ilr": [
            -0.7000000000477093,
            0.700000000165736,
            -0.7000000000544354
          ],
          "composition": [
            0.1397939379139794,
            0.3761992638376199,
            0.09730231710973022,
            0.38670448113867045
          ]
        },
        "higgins_extensions": {
          "helmsman_delta": 1.212435565556904,
          "condition_number": 3.9742576808584555,
          "metric_tensor_diagonal": [
            38.37819857472501,
            5.299383883783939,
            79.21636288313444,
            5.015368569407886
          ],
          "higgins_scale": 0.10772466987026541,
          "bearing_tensor": {
            "pairs": [
              {
                "carrier_i": "A",
                "carrier_j": "B",
                "theta_deg": 125.40196969602815
              },
              {
                "carrier_i": "A",
                "carrier_j": "C",
                "theta_deg": -117.99609560577277
              },
              {
                "carrier_i": "A",
                "carrier_j": "D",
                "theta_deg": 124.15396500009103
              },
              {
                "carrier_i": "B",
                "carrier_j": "C",
                "theta_deg": -53.20312929236695
              },
              {
                "carrier_i": "B",
                "carrier_j": "D",
                "theta_deg": 46.331550898658286
              },
              {
                "carrier_i": "C",
                "carrier_j": "D",
                "theta_deg": 141.91733794337463
              }
            ]
          },
          "helmsman": "D",
          "angular_velocity_deg": 90.00000000642807,
          "metric_tensor": {
            "matrix": [
              [
                38.37819857472501,
                -4.753721431276033,
                -18.37927971353856,
                -4.624581793490693
              ],
              [
                -4.753721431276033,
                5.299383883783939,
                -6.82965687111783,
                -1.7184735916878437
              ],
              [
                -18.37927971353856,
                -6.82965687111783,
                79.21636288313444,
                -6.644122353101792
              ],
              [
                -4.624581793490693,
                -1.7184735916878437,
                -6.644122353101792,
                5.015368569407886
              ]
            ],
            "eigenvalues": [
              -1.0389956638488816e-14,
              6.875915425512536,
              34.24328849254972,
              86.79010999298903
            ],
            "trace": 127.90931391105127
          }
        }
      },
      {
        "label": "p_npz",
        "raw_values": [
          0.177941254,
          0.478857451,
          0.1238544145,
          0.2193468805
        ],
        "index": 7,
        "coda_standard": {
          "clr": [
            -0.2092009437202922,
            0.780748550211471,
            -0.5715476066071614,
            1.15982334847331e-10
          ],
          "shannon_entropy": 1.2512477849378625,
          "aitchison_norm": 0.9899494937263968,
          "aitchison_distance_step": 0.6999999999205105,
          "ilr": [
            -0.7000000001913408,
            0.6999999999009088,
            -1.3392495445962993e-10
          ],
          "composition": [
            0.177941254,
            0.478857451,
            0.1238544145,
            0.2193468805
          ]
        },
        "higgins_extensions": {
          "helmsman_delta": 0.6062177825802673,
          "condition_number": 3.8662929612412,
          "metric_tensor_diagonal": [
            23.68688599118625,
            3.2707606529086384,
            48.89205393519043,
            15.588285046976175
          ],
          "higgins_scale": 0.09741551287342276,
          "bearing_tensor": {
            "pairs": [
              {
                "carrier_i": "A",
                "carrier_j": "B",
                "theta_deg": 105.00000001365005
              },
              {
                "carrier_i": "A",
                "carrier_j": "C",
                "theta_deg": -110.10390938133887
              },
              {
                "carrier_i": "A",
                "carrier_j": "D",
                "theta_deg": 179.99999996823485
              },
              {
                "carrier_i": "B",
                "carrier_j": "C",
                "theta_deg": -36.206023109019384
              },
              {
                "carrier_i": "B",
                "carrier_j": "D",
                "theta_deg": 8.511444924265613e-09
              },
              {
                "carrier_i": "C",
                "carrier_j": "D",
                "theta_deg": 179.99999998837316
              }
            ]
          },
          "helmsman": "D",
          "angular_velocity_deg": 35.264389672985914,
          "metric_tensor": {
            "matrix": [
              [
                23.68688599118625,
                -2.9339797524467004,
                -11.343625265308876,
                -6.405188267732114
              ],
              [
                -2.9339797524467004,
                3.2707606529086384,
                -4.21523963008178,
                -2.3801388703176722
              ],
              [
                -11.343625265308876,
                -4.21523963008178,
                48.89205393519043,
                -9.202314161085797
              ],
              [
                -6.405188267732114,
                -2.3801388703176722,
                -9.202314161085797,
                15.588285046976175
              ]
            ],
            "eigenvalues": [
              -8.239543689423068e-15,
              10.498464723240224,
              26.465653397669602,
              54.47386750535168
            ],
            "trace": 91.43798562626151
          }
        }
      },
      {
        "label": "p_npp",
        "raw_values": [
          0.2025746764,
          0.5451484181,
          0.1410002873,
          0.1112766182
        ],
        "index": 8,
        "coda_standard": {
          "clr": [
            -0.007128349187897953,
            0.9828211442776641,
            -0.36947501213561673,
            -0.6062177829541486
          ],
          "shannon_entropy": 1.1747329174747119,
          "aitchison_norm": 1.2124355652833099,
          "aitchison_distance_step": 0.7000000004861568,
          "ilr": [
            -0.6999999998616868,
            0.6999999997602664,
            0.7000000003522318
          ],
          "composition": [
            0.2025746764,
            0.5451484181,
            0.1410002873,
            0.1112766182
          ]
        },
        "higgins_extensions": {
          "helmsman_delta": 0.606217783070131,
          "condition_number": 4.899038332744731,
          "metric_tensor_diagonal": [
            18.276412676493123,
            2.523665269321355,
            37.72430680681871,
            60.56942157302415
          ],
          "higgins_scale": 0.15260932279510464,
          "bearing_tensor": {
            "pairs": [
              {
                "carrier_i": "A",
                "carrier_j": "B",
                "theta_deg": 90.41555593732778
              },
              {
                "carrier_i": "A",
                "carrier_j": "C",
                "theta_deg": -91.10528086001253
              },
              {
                "carrier_i": "A",
                "carrier_j": "D",
                "theta_deg": -90.67369435943625
              },
              {
                "carrier_i": "B",
                "carrier_j": "C",
                "theta_deg": -20.602902880472758
              },
              {
                "carrier_i": "B",
                "carrier_j": "D",
                "theta_deg": -31.666864085264635
              },
              {
                "carrier_i": "C",
                "carrier_j": "D",
                "theta_deg": -121.36129268721456
              }
            ]
          },
          "helmsman": "D",
          "angular_velocity_deg": 35.264389711390216,
          "metric_tensor": {
            "matrix": [
              [
                18.276412676493123,
                -2.2638106497047614,
                -8.752555176988523,
                -11.09049515097938
              ],
              [
                -2.2638106497047614,
                2.523665269321355,
                -3.2524097544503072,
                -4.121177631140625
              ],
              [
                -8.752555176988523,
                -3.2524097544503072,
                37.72430680681871,
                -15.933680060844933
              ],
              [
                -11.09049515097938,
                -4.121177631140625,
                -15.933680060844933,
                60.56942157302415
              ]
            ],
            "eigenvalues": [
              6.6641021866118e-15,
              11.730326041809734,
              37.815636994703354,
              69.54784328914428
            ],
            "trace": 119.09380632565734
          }
        }
      },
      {
        "label": "p_znn",
        "raw_values": [
          0.1361799319,
          0.1361799319,
          0.3209542051,
          0.4066859312
        ],
        "index": 9,
        "coda_standard": {
          "clr": [
            -0.4878463973726772,
            -0.4878463973726772,
            0.36947501235883196,
            0.6062177823865225
          ],
          "shannon_entropy": 1.2736768178593616,
          "aitchison_norm": 0.9899494933067001,
          "aitchison_distance_step": 2.0999999996947003,
          "ilr": [
            0.0,
            -0.6999999998019154,
            -0.6999999996967934
          ],
          "composition": [
            0.136179931886382,
            0.136179931886382,
            0.32095420506790456,
            0.40668593115933144
          ]
        },
        "higgins_extensions": {
          "helmsman_delta": 1.4706675416503412,
          "condition_number": 2.986386654229191,
          "metric_tensor_diagonal": [
            40.44222473020325,
            40.44222473020325,
            7.280733308220692,
            4.5346415798478334
          ],
          "higgins_scale": 0.08123638558953172,
          "bearing_tensor": {
            "pairs": [
              {
                "carrier_i": "A",
                "carrier_j": "B",
                "theta_deg": -135.0
              },
              {
                "carrier_i": "A",
                "carrier_j": "C",
                "theta_deg": 142.86119340084147
              },
              {
                "carrier_i": "A",
                "carrier_j": "D",
                "theta_deg": 128.82494993935708
              },
              {
                "carrier_i": "B",
                "carrier_j": "C",
                "theta_deg": 142.86119340084147
              },
              {
                "carrier_i": "B",
                "carrier_j": "D",
                "theta_deg": 128.82494993935708
              },
              {
                "carrier_i": "C",
                "carrier_j": "D",
                "theta_deg": 58.63870727356141
              }
            ]
          },
          "helmsman": "B",
          "angular_velocity_deg": 144.73561032475254,
          "metric_tensor": {
            "matrix": [
              [
                40.44222473020325,
                -13.480741576734415,
                -5.719839281461376,
                -4.514064365256782
              ],
              [
                -13.480741576734415,
                40.44222473020325,
                -5.719839281461376,
                -4.514064365256782
              ],
              [
                -5.719839281461376,
                -5.719839281461376,
                7.280733308220692,
                -1.9153043271745098
              ],
              [
                -4.514064365256782,
                -4.514064365256782,
                -1.9153043271745098,
                4.5346415798478334
              ]
            ],
            "eigenvalues": [
              -4.1550863340050635e-15,
              7.804358036433376,
              30.972500005103985,
              53.92296630693765
            ],
            "trace": 92.69982434847502
          }
        }
      },
      {
        "label": "p_znz",
        "raw_values": [
          0.1758201377,
          0.1758201377,
          0.4143797972,
          0.2339799274
        ],
        "index": 10,
        "coda_standard": {
          "clr": [
            -0.2857738034856703,
            -0.2857738034856703,
            0.5715476067306108,
            2.407305466078924e-10
          ],
          "shannon_entropy": 1.316171745422695,
          "aitchison_norm": 0.7000000001977299,
          "aitchison_distance_step": 0.699999999418822,
          "ilr": [
            0.0,
            -0.7000000001977299,
            -2.7797147916786e-10
          ],
          "composition": [
            0.1758201377,
            0.1758201377,
            0.4143797972,
            0.2339799274
          ]
        },
        "higgins_extensions": {
          "helmsman_delta": 0.6062177821457919,
          "condition_number": 2.3568392257037805,
          "metric_tensor_diagonal": [
            24.261856610635647,
            24.261856610635647,
            4.367813802318918,
            13.699479272971274
          ],
          "higgins_scale": 0.05058277496025321,
          "bearing_tensor": {
            "pairs": [
              {
                "carrier_i": "A",
                "carrier_j": "B",
                "theta_deg": -135.0
              },
              {
                "carrier_i": "A",
                "carrier_j": "C",
                "theta_deg": 116.56505118673095
              },
              {
                "carrier_i": "A",
                "carrier_j": "D",
                "theta_deg": 179.9999999517351
              },
              {
                "carrier_i": "B",
                "carrier_j": "C",
                "theta_deg": 116.56505118673095
              },
              {
                "carrier_i": "B",
                "carrier_j": "D",
                "theta_deg": 179.9999999517351
              },
              {
                "carrier_i": "C",
                "carrier_j": "D",
                "theta_deg": 2.4132450487209568e-08
              }
            ]
          },
          "helmsman": "D",
          "angular_velocity_deg": 44.99999997294555,
          "metric_tensor": {
            "matrix": [
              [
                24.261856610635647,
                -8.08728553687855,
                -3.4314116332918676,
                -6.077049738896555
              ],
              [
                -8.08728553687855,
                24.261856610635647,
                -3.4314116332918676,
                -6.077049738896555
              ],
              [
                -3.4314116332918676,
                -3.4314116332918676,
                4.367813802318918,
                -2.5784744553722687
              ],
              [
                -6.077049738896555,
                -6.077049738896555,
                -2.5784744553722687,
                13.699479272971274
              ]
            ],
            "eigenvalues": [
              2.03597999485577e-15,
              10.403968946744824,
              23.837895202302462,
              32.349142147514215
            ],
            "trace": 66.59100629656149
          }
        }
      },
      {
        "label": "p_znp",
        "raw_values": [
          0.2020256914,
          0.2020256914,
          0.476142074,
          0.1198065431
        ],
        "index": 11,
        "coda_standard": {
          "clr": [
            -0.08370120915329671,
            -0.08370120915329671,
            0.7736202008709262,
            -0.6062177825643329
          ],
          "shannon_entropy": 1.2537545145044977,
          "aitchison_norm": 0.98994949362088,
          "aitchison_distance_step": 0.7000000001800827,
          "ilr": [
            0.0,
            -0.700000000040915,
            0.6999999999021111
          ],
          "composition": [
            0.20202569142020257,
            0.20202569142020257,
            0.4761420740476142,
            0.11980654311198065
          ]
        },
        "higgins_extensions": {
          "helmsman_delta": 0.6062177828050634,
