{
  "metadata": {
    "_function": "provenance",
    "_description": "Identity, schema version, run-time provenance.",
    "schema_version": "2.0.0",
    "engine_version": "cnt 2.0.3",
    "engine_implementation": "python",
    "generated": "2026-05-05T23:59:40.308035+00:00",
    "wall_clock_ms": 4,
    "mathematical_lineage": {
      "Aitchison_1986": "CLR transform, simplex geometry, Aitchison distance",
      "Shannon_1948": "Entropy H = -sum x_j ln x_j",
      "Egozcue_2003": "ILR, Helmert basis, orthonormal coordinates",
      "Higgins_2026": "CNT tensor decomposition, recursive depth sounder, metric dual involution"
    },
    "engine_config": {
      "_description": "Active values from the USER CONFIGURATION block at top of cnt.py. Two runs with identical config and input produce identical content_sha256. Two runs with different config produce different content_sha256 - that is correct.",
      "DEFAULT_DELTA": 1e-15,
      "DEGEN_THRESHOLD": 0.0001,
      "LOCK_CLR_THRESHOLD": -10.0,
      "DEPTH_MAX_LEVELS": 50,
      "DEPTH_PRECISION_TARGET": 0.01,
      "NOISE_FLOOR_OMEGA_VAR": 1e-06,
      "TRIADIC_T_LIMIT": 500,
      "TRIADIC_K_DEFAULT": 500,
      "EITT_GATE_PCT": 5.0,
      "EITT_M_SWEEP_BASE": [
        2,
        4,
        8,
        16,
        32,
        64,
        128
      ]
    },
    "environment": {
      "git_sha": "unknown",
      "language_version": "python 3.10.12",
      "numerical_lib": "numpy 2.2.6",
      "platform": "Linux-6.8.0-106-generic-x86_64-with-glibc2.35",
      "hostname_hash": "c857d09db23e6822e3600bc06ad8d58f92ed62bc8efd81c753f77048662cb97d"
    }
  },
  "input": {
    "_function": "provenance",
    "_description": "Source data identity, hashes, and ordering declaration.",
    "source_file": "STANDARD_CALIBRATION_stage2_A_straight.csv",
    "source_file_sha256": "e7550f0184c37401954a8f8b5b6712ba2685868a60ec72247e38988cc9a9d294",
    "closed_data_sha256": "88476b5f539ae352063d2f32c9e6217a008b6ce73bc79c48a92263831668e1a7",
    "n_records": 6,
    "n_carriers": 4,
    "carriers": [
      "A",
      "B",
      "C",
      "D"
    ],
    "labels": [
      "t00",
      "t01",
      "t02",
      "t03",
      "t04",
      "t05"
    ],
    "zero_replacement": {
      "method": "multiplicative",
      "delta": 1e-15,
      "applied": false,
      "n_replacements": 0
    },
    "ordering": {
      "is_temporal": true,
      "ordering_method": "by-time",
      "caveat": null
    }
  },
  "tensor": {
    "_function": "composer",
    "_description": "Per-record compositional state. coda_standard fields follow Aitchison/Egozcue/Shannon. higgins_extensions are HUF-framework readings of the same simplex; see schema \u00a78 for the mapping.",
    "helmert_basis": {
      "D": 4,
      "dim": 3,
      "coefficients": [
        [
          0.7071067811865476,
          -0.7071067811865476,
          0.0,
          0.0
        ],
        [
          0.408248290463863,
          0.408248290463863,
          -0.816496580927726,
          0.0
        ],
        [
          0.28867513459481287,
          0.28867513459481287,
          0.28867513459481287,
          -0.8660254037844386
        ]
      ]
    },
    "timesteps": [
      {
        "index": 0,
        "raw_values": [
          0.0688730543,
          0.1135524695,
          0.3086676145,
          0.5089068617
        ],
        "label": "t00",
        "coda_standard": {
          "shannon_entropy": 1.137898882262859,
          "ilr": [
            -0.35355338995502406,
            -1.0206207260067501,
            -1.1547005384371896
          ],
          "aitchison_norm": 1.5811388298850833,
          "clr": [
            -0.9999999995029905,
            -0.500000000405612,
            0.49999999985842614,
            1.0000000000501756
          ],
          "composition": [
            0.0688730543,
            0.1135524695,
            0.3086676145,
            0.5089068617
          ]
        },
        "higgins_extensions": {
          "condition_number": 7.389056095628969,
          "metric_tensor_diagonal": [
            158.11117910938637,
            58.16585231872241,
            7.871892094096322,
            2.895907263427471
          ],
          "metric_tensor": {
            "matrix": [
              [
                158.11117910938637,
                -31.966425953239746,
                -11.759790912821092,
                -7.132673739068323
              ],
              [
                -31.966425953239746,
                58.16585231872241,
                -7.132673746874116,
                -4.326185312376994
              ],
              [
                -11.759790912821092,
                -7.132673746874116,
                7.871892094096322,
                -1.5915146347011293
              ],
              [
                -7.132673739068323,
                -4.326185312376994,
                -1.5915146347011293,
                2.895907263427471
              ]
            ],
            "eigenvalues": [
              1.815904130081196e-14,
              7.07356354129044,
              51.78194959797073,
              168.18931764637145
            ],
            "trace": 227.04483078563257
          },
          "bearing_tensor": {
            "pairs": [
              {
                "carrier_i": "A",
                "carrier_j": "B",
                "theta_deg": -153.4349487929395
              },
              {
                "carrier_i": "A",
                "carrier_j": "C",
                "theta_deg": 153.43494881802067
              },
              {
                "carrier_i": "A",
                "carrier_j": "D",
                "theta_deg": 134.9999999843243
              },
              {
                "carrier_i": "B",
                "carrier_j": "C",
                "theta_deg": 135.00000003135145
              },
              {
                "carrier_i": "B",
                "carrier_j": "D",
                "theta_deg": 116.56505119451992
              },
              {
                "carrier_i": "C",
                "carrier_j": "D",
                "theta_deg": 63.43494883056122
              }
            ]
          },
          "higgins_scale": 0.17917946276313934
        }
      },
      {
        "index": 1,
        "raw_values": [
          0.1230076022,
          0.1660428952,
          0.302549881,
          0.4083996216
        ],
        "label": "t01",
        "coda_standard": {
          "shannon_entropy": 1.2833218118206149,
          "ilr": [
            -0.2121320342346998,
            -0.6123724355847862,
            -0.6928203229513428
          ],
          "aitchison_distance_step": 0.6324555319889952,
          "aitchison_norm": 0.9486832978960881,
          "clr": [
            -0.5999999998469348,
            -0.30000000001842864,
            0.2999999999313614,
            0.5999999999340018
          ],
          "composition": [
            0.1230076022,
            0.1660428952,
            0.302549881,
            0.4083996216
          ]
        },
        "higgins_extensions": {
          "helmsman_delta": 0.40000000011617387,
          "condition_number": 3.3201169220092317,
          "angular_velocity_deg": 0.0,
          "metric_tensor_diagonal": [
            49.567539086409745,
            27.20324223249751,
            8.193459106496606,
            4.496665697482157
          ],
          "metric_tensor": {
            "matrix": [
              [
                49.567539086409745,
                -12.240178705287638,
                -6.717552501669458,
                -4.976485291609651
              ],
              [
                -12.240178705287638,
                27.20324223249751,
                -4.9764852924762275,
                -3.6866709796112427
              ],
              [
                -6.717552501669458,
                -4.9764852924762275,
                8.193459106496606,
                -2.023287932162402
              ],
              [
                -4.976485291609651,
                -3.6866709796112427,
                -2.023287932162402,
                4.496665697482157
              ]
            ],
            "eigenvalues": [
              -1.8942589830438012e-16,
              8.299641277348023,
              25.644473902997472,
              55.5167909425405
            ],
            "trace": 89.46090612288602
          },
          "bearing_tensor": {
            "pairs": [
              {
                "carrier_i": "A",
                "carrier_j": "B",
                "theta_deg": -153.43494881566752
              },
              {
                "carrier_i": "A",
                "carrier_j": "C",
                "theta_deg": 153.43494882231894
              },
              {
                "carrier_i": "A",
                "carrier_j": "D",
                "theta_deg": 134.99999999584287
              },
              {
                "carrier_i": "B",
                "carrier_j": "C",
                "theta_deg": 135.00000000831432
              },
              {
                "carrier_i": "B",
                "carrier_j": "D",
                "theta_deg": 116.5650511810068
              },
              {
                "carrier_i": "C",
                "carrier_j": "D",
                "theta_deg": 63.43494882564466
              }
            ]
          },
          "helmsman": "D",
          "higgins_scale": 0.07427899311087971
        }
      },
      {
        "index": 2,
        "raw_values": [
          0.2021486614,
          0.2234088217,
          0.2728721511,
          0.3015703657
        ],
        "label": "t02",
        "coda_standard": {
          "shannon_entropy": 1.373921230739615,
          "ilr": [
            -0.07071067809586226,
            -0.20412414545308316,
            -0.2309401076930536
          ],
          "aitchison_distance_step": 0.6324555317290305,
          "aitchison_norm": 0.31622776616705767,
          "clr": [
            -0.2000000000791342,
            -0.10000000011136767,
            0.1000000001756034,
            0.20000000001489848
          ],
          "composition": [
            0.20214866142021487,
            0.2234088217223409,
            0.27287215112728724,
            0.30157036573015705
          ]
        },
        "higgins_extensions": {
          "helmsman_delta": 0.3999999999191033,
          "condition_number": 1.4918246977815506,
          "angular_velocity_deg": 7.114780383208305e-07,
          "metric_tensor_diagonal": [
            18.35352651726767,
            15.026596588087987,
            10.072628910905015,
            8.246771056350909
          ],
          "metric_tensor": {
            "matrix": [
              [
                18.35352651726767,
                -5.535652515424766,
                -4.53220895143113,
                -4.100912246271444
              ],
              [
                -5.535652515424766,
                15.026596588087987,
                -4.100912245744594,
                -3.7106588486279084
              ],
              [
                -4.53220895143113,
                -4.100912245744594,
                10.072628910905015,
                -3.0380305126807774
              ],
              [
                -4.100912246271444,
                -3.7106588486279084,
                -3.0380305126807774,
                8.246771056350909
              ]
            ],
            "eigenvalues": [
              1.457167719820518e-15,
              12.062637418871457,
              16.928378079812024,
              22.708507573928102
            ],
            "trace": 51.69952307261158
          },
          "bearing_tensor": {
            "pairs": [
              {
                "carrier_i": "A",
                "carrier_j": "B",
                "theta_deg": -153.43494880646654
              },
              {
                "carrier_i": "A",
                "carrier_j": "C",
                "theta_deg": 153.43494879174477
              },
              {
                "carrier_i": "A",
                "carrier_j": "D",
                "theta_deg": 135.0000000092011
              },
              {
                "carrier_i": "B",
                "carrier_j": "C",
                "theta_deg": 134.99999998159782
              },
              {
                "carrier_i": "B",
                "carrier_j": "D",
                "theta_deg": 116.56505120089435
              },
              {
                "carrier_i": "C",
                "carrier_j": "D",
                "theta_deg": 63.43494878438391
              }
            ]
          },
          "helmsman": "D",
          "higgins_scale": 0.008925326919948184
        }
      },
      {
        "index": 3,
        "raw_values": [
          0.3015703657,
          0.2728721511,
          0.2234088217,
          0.2021486614
        ],
        "label": "t03",
        "coda_standard": {
          "shannon_entropy": 1.3739212307396147,
          "ilr": [
            0.07071067800501922,
            0.2041241454006349,
            0.2309401077672266
          ],
          "aitchison_distance_step": 0.6324555323341153,
          "aitchison_norm": 0.31622776616705767,
          "clr": [
            0.20000000001489848,
            0.1000000001756034,
            -0.10000000011136767,
            -0.2000000000791342
          ],
          "composition": [
            0.30157036573015705,
            0.27287215112728724,
            0.2234088217223409,
            0.20214866142021487
          ]
        },
        "higgins_extensions": {
          "helmsman_delta": 0.4000000000940327,
          "condition_number": 1.4918246977815506,
          "angular_velocity_deg": 180.0,
          "metric_tensor_diagonal": [
            8.246771056350909,
            10.072628910905015,
            15.026596588087987,
            18.35352651726767
          ],
          "metric_tensor": {
            "matrix": [
              [
                8.246771056350909,
                -3.0380305126807774,
                -3.7106588486279084,
                -4.100912246271444
              ],
              [
                -3.0380305126807774,
                10.072628910905015,
                -4.100912245744594,
                -4.53220895143113
              ],
              [
                -3.7106588486279084,
                -4.100912245744594,
                15.026596588087987,
                -5.535652515424766
              ],
              [
                -4.100912246271444,
                -4.53220895143113,
                -5.535652515424766,
                18.35352651726767
              ]
            ],
            "eigenvalues": [
              1.7763568394002505e-15,
              12.06263741887146,
              16.92837807981203,
              22.708507573928095
            ],
            "trace": 51.69952307261158
          },
          "bearing_tensor": {
            "pairs": [
              {
                "carrier_i": "A",
                "carrier_j": "B",
                "theta_deg": 26.565051215616084
              },
              {
                "carrier_i": "A",
                "carrier_j": "C",
                "theta_deg": -26.565051200894338
              },
              {
                "carrier_i": "A",
                "carrier_j": "D",
                "theta_deg": -45.00000000920109
              },
              {
                "carrier_i": "B",
                "carrier_j": "C",
                "theta_deg": -44.99999998159782
              },
              {
                "carrier_i": "B",
                "carrier_j": "D",
                "theta_deg": -63.43494879174479
              },
              {
                "carrier_i": "C",
                "carrier_j": "D",
                "theta_deg": -116.56505119353346
              }
            ]
          },
          "helmsman": "A",
          "higgins_scale": 0.008925326919948295
        }
      },
      {
        "index": 4,
        "raw_values": [
          0.4083996216,
          0.302549881,
          0.1660428952,
          0.1230076022
        ],
        "label": "t04",
        "coda_standard": {
          "shannon_entropy": 1.2833218118206149,
          "ilr": [
            0.2121320343578313,
            0.6123724356558762,
            0.6928203228508064
          ],
          "aitchison_distance_step": 0.6324555317290305,
          "aitchison_norm": 0.9486832978960881,
          "clr": [
            0.599999999934002,
            0.2999999999313616,
            -0.3000000000184284,
            -0.5999999998469345
          ],
          "composition": [
            0.4083996216,
            0.302549881,
            0.1660428952,
            0.1230076022
          ]
        },
        "higgins_extensions": {
          "helmsman_delta": 0.3999999999191035,
          "condition_number": 3.3201169220092317,
          "angular_velocity_deg": 7.114780383208305e-07,
          "metric_tensor_diagonal": [
            4.496665697482157,
            8.193459106496606,
            27.20324223249751,
            49.567539086409745
          ],
          "metric_tensor": {
            "matrix": [
              [
                4.496665697482157,
                -2.023287932162402,
                -3.6866709796112427,
                -4.976485291609651
              ],
              [
                -2.023287932162402,
                8.193459106496606,
                -4.9764852924762275,
                -6.717552501669458
              ],
              [
                -3.6866709796112427,
                -4.9764852924762275,
                27.20324223249751,
                -12.240178705287638
              ],
              [
                -4.976485291609651,
                -6.717552501669458,
                -12.240178705287638,
                49.567539086409745
              ]
            ],
            "eigenvalues": [
              1.5981442342808008e-15,
              8.299641277348025,
              25.64447390299749,
              55.516790942540545
            ],
            "trace": 89.46090612288602
          },
          "bearing_tensor": {
            "pairs": [
              {
                "carrier_i": "A",
                "carrier_j": "B",
                "theta_deg": 26.565051174355343
              },
              {
                "carrier_i": "A",
                "carrier_j": "C",
                "theta_deg": -26.565051181006755
              },
              {
                "carrier_i": "A",
                "carrier_j": "D",
                "theta_deg": -44.999999995842835
              },
              {
                "carrier_i": "B",
                "carrier_j": "C",
                "theta_deg": -45.00000000831427
              },
              {
                "carrier_i": "B",
                "carrier_j": "D",
                "theta_deg": -63.43494882231892
              },
              {
                "carrier_i": "C",
                "carrier_j": "D",
                "theta_deg": -116.56505118433248
              }
            ]
          },
          "helmsman": "A",
          "higgins_scale": 0.07427899311087971
        }
      },
      {
        "index": 5,
        "raw_values": [
          0.5089068617,
          0.3086676145,
          0.1135524695,
          0.0688730543
        ],
        "label": "t05",
        "coda_standard": {
          "shannon_entropy": 1.137898882262859,
          "ilr": [
            0.35355339072886116,
            1.0206207264535252,
            1.154700537805354
          ],
          "aitchison_distance_step": 0.6324555319889952,
          "aitchison_norm": 1.5811388298850833,
          "clr": [
            1.0000000000501756,
            0.49999999985842614,
            -0.500000000405612,
            -0.9999999995029905
          ],
          "composition": [
            0.5089068617,
            0.3086676145,
            0.1135524695,
            0.0688730543
          ]
        },
        "higgins_extensions": {
          "helmsman_delta": 0.40000000011617365,
          "condition_number": 7.389056095628969,
          "angular_velocity_deg": 0.0,
          "metric_tensor_diagonal": [
            2.895907263427471,
            7.871892094096322,
            58.16585231872241,
            158.11117910938637
          ],
          "metric_tensor": {
            "matrix": [
              [
                2.895907263427471,
                -1.5915146347011293,
                -4.326185312376994,
                -7.132673739068323
              ],
              [
                -1.5915146347011293,
                7.871892094096322,
                -7.132673746874116,
                -11.759790912821092
              ],
              [
                -4.326185312376994,
                -7.132673746874116,
                58.16585231872241,
                -31.966425953239746
              ],
              [
                -7.132673739068323,
                -11.759790912821092,
                -31.966425953239746,
                158.11117910938637
              ]
            ],
            "eigenvalues": [
              5.1200373091185544e-15,
              7.073563541290433,
              51.781949597970716,
              168.18931764637148
            ],
            "trace": 227.04483078563257
          },
          "bearing_tensor": {
            "pairs": [
              {
                "carrier_i": "A",
                "carrier_j": "B",
                "theta_deg": 26.56505116943878
              },
              {
                "carrier_i": "A",
                "carrier_j": "C",
                "theta_deg": -26.565051194519935
              },
              {
                "carrier_i": "A",
                "carrier_j": "D",
                "theta_deg": -44.9999999843243
              },
              {
                "carrier_i": "B",
                "carrier_j": "C",
                "theta_deg": -45.00000003135144
              },
              {
                "carrier_i": "B",
                "carrier_j": "D",
                "theta_deg": -63.43494881802066
              },
              {
                "carrier_i": "C",
                "carrier_j": "D",
                "theta_deg": -116.56505120706049
              }
            ]
          },
          "helmsman": "A",
          "higgins_scale": 0.17917946276313934
        }
      }
    ]
  },
  "stages": {
    "stage1": {
      "_function": "formatter",
      "_description": "Cube-face projections and per-record metric ledger formatted for plate display. HUF/CBS-specific.",
      "coda_standard": {},
      "higgins_extensions": {
        "section_atlas": [
          {
            "index": 0,
            "label": "t00",
            "xy_face": [
              -0.9999999995029905,
              -0.500000000405612
            ],
            "xz_face": [
              -0.9999999995029905,
              0.49999999985842614
            ],
            "yz_face": [
              -0.500000000405612,
              0.49999999985842614
            ],
            "metric_tensor_trace": 227.04483078563257,
            "condition_number": 7.389056095628969,
            "angular_velocity_deg": 0.0
          },
          {
            "index": 1,
            "label": "t01",
            "xy_face": [
              -0.5999999998469348,
              -0.30000000001842864
            ],
            "xz_face": [
              -0.5999999998469348,
              0.2999999999313614
            ],
            "yz_face": [
              -0.30000000001842864,
              0.2999999999313614
            ],
            "metric_tensor_trace": 89.46090612288602,
            "condition_number": 3.3201169220092317,
            "angular_velocity_deg": 0.0
          },
          {
            "index": 2,
            "label": "t02",
            "xy_face": [
              -0.2000000000791342,
              -0.10000000011136767
            ],
            "xz_face": [
              -0.2000000000791342,
              0.1000000001756034
            ],
            "yz_face": [
              -0.10000000011136767,
              0.1000000001756034
            ],
            "metric_tensor_trace": 51.69952307261158,
            "condition_number": 1.4918246977815506,
            "angular_velocity_deg": 7.114780383208305e-07
          },
          {
            "index": 3,
            "label": "t03",
            "xy_face": [
              0.20000000001489848,
              0.1000000001756034
            ],
            "xz_face": [
              0.20000000001489848,
              -0.10000000011136767
            ],
            "yz_face": [
              0.1000000001756034,
              -0.10000000011136767
            ],
            "metric_tensor_trace": 51.69952307261158,
            "condition_number": 1.4918246977815506,
            "angular_velocity_deg": 180.0
          },
          {
            "index": 4,
            "label": "t04",
            "xy_face": [
              0.599999999934002,
              0.2999999999313616
            ],
            "xz_face": [
              0.599999999934002,
              -0.3000000000184284
            ],
            "yz_face": [
              0.2999999999313616,
              -0.3000000000184284
            ],
            "metric_tensor_trace": 89.46090612288602,
            "condition_number": 3.3201169220092317,
            "angular_velocity_deg": 7.114780383208305e-07
          },
          {
            "index": 5,
            "label": "t05",
            "xy_face": [
              1.0000000000501756,
              0.49999999985842614
            ],
            "xz_face": [
              1.0000000000501756,
              -0.500000000405612
            ],
            "yz_face": [
              0.49999999985842614,
              -0.500000000405612
            ],
            "metric_tensor_trace": 227.04483078563257,
            "condition_number": 7.389056095628969,
            "angular_velocity_deg": 0.0
          }
        ],
        "metric_ledger": [
          {
            "index": 0,
            "label": "t00",
            "hs": 0.17917946276313934,
            "ring": "Hs-2",
            "omega_deg": 0.0,
            "helmsman": "",
            "energy": 2.4999999993703703,
            "condition": 7.389056095628969
          },
          {
            "index": 1,
            "label": "t01",
            "hs": 0.07427899311087971,
            "ring": "Hs-1",
            "omega_deg": 0.0,
            "helmsman": "D",
            "energy": 0.8999999997069977,
            "condition": 3.3201169220092317
          },
          {
            "index": 2,
            "label": "t02",
            "hs": 0.008925326919948184,
            "ring": "Hs-1",
            "omega_deg": 7.114780383208305e-07,
            "helmsman": "D",
            "energy": 0.1000000000950073,
            "condition": 1.4918246977815506
          },
          {
            "index": 3,
            "label": "t03",
            "hs": 0.008925326919948295,
            "ring": "Hs-1",
            "omega_deg": 180.0,
            "helmsman": "A",
            "energy": 0.1000000000950073,
            "condition": 1.4918246977815506
          },
          {
            "index": 4,
            "label": "t04",
            "hs": 0.07427899311087971,
            "ring": "Hs-1",
            "omega_deg": 7.114780383208305e-07,
            "helmsman": "A",
            "energy": 0.8999999997069977,
            "condition": 3.3201169220092317
          },
          {
            "index": 5,
            "label": "t05",
            "hs": 0.17917946276313934,
            "ring": "Hs-2",
            "omega_deg": 0.0,
            "helmsman": "A",
            "energy": 2.4999999993703703,
            "condition": 7.389056095628969
          }
        ]
      }
    },
    "stage2": {
      "_function": "review",
      "_description": "Pairwise cross-examination of compositional behaviour.",
      "coda_standard": {
        "variation_matrix": [
          [
            0.0,
            0.11666666652487134,
            1.0499999998659206,
            1.866666665920713
          ],
          [
            0.11666666652487134,
            0.0,
            0.46666666686087094,
            1.0499999998659206
          ],
          [
            1.0499999998659206,
            0.46666666686087094,
            0.0,
            0.11666666652487138
          ],
          [
            1.866666665920713,
            1.0499999998659206,
            0.11666666652487136,
            0.0
          ]
        ]
      },
      "higgins_extensions": {
        "carrier_pair_examination": [
          {
            "carrier_a": "A",
            "carrier_b": "B",
            "i": 0,
            "j": 1,
            "pearson_r": 0.9999999999999999,
            "co_movement_score": 0.9999999999999999,
            "opposition_score": 0,
            "bearing_spread_deg": 180.0000000312836,
            "locked": false
          },
          {
            "carrier_a": "A",
            "carrier_b": "C",
            "i": 0,
            "j": 2,
            "pearson_r": -0.9999999999999999,
            "co_movement_score": 0,
            "opposition_score": 0.9999999999999999,
            "bearing_spread_deg": 180.0000000232133,
            "locked": false
          },
          {
            "carrier_a": "A",
            "carrier_b": "D",
            "i": 0,
            "j": 3,
            "pearson_r": -1.0,
            "co_movement_score": 0,
            "opposition_score": 1.0,
            "bearing_spread_deg": 180.0000000184022,
            "locked": false
          },
          {
            "carrier_a": "B",
            "carrier_b": "C",
            "i": 1,
            "j": 2,
            "pearson_r": -0.9999999999999999,
            "co_movement_score": 0,
            "opposition_score": 0.9999999999999999,
            "bearing_spread_deg": 180.0000000627029,
            "locked": false
          },
          {
            "carrier_a": "B",
            "carrier_b": "D",
            "i": 1,
            "j": 3,
            "pearson_r": -0.9999999999999999,
            "co_movement_score": 0,
            "opposition_score": 0.9999999999999999,
            "bearing_spread_deg": 180.00000002321326,
            "locked": false
          },
          {
            "carrier_a": "C",
            "carrier_b": "D",
            "i": 2,
            "j": 3,
            "pearson_r": 0.9999999999999999,
            "co_movement_score": 0.9999999999999999,
            "opposition_score": 0,
            "bearing_spread_deg": 180.0000000376217,
            "locked": false
          }
        ]
      }
    },
    "stage3": {
      "_function": "review",
      "_description": "Higher-degree subcompositional and triadic analysis.",
      "coda_standard": {
        "subcomposition_ladder": [
          {
            "degree": 2,
            "n_subsets": 6,
            "n_subsets_scored": 6,
            "mean_correlation": -0.3333333333333333
          },
          {
            "degree": 3,
            "n_subsets": 4,
            "n_subsets_scored": 4,
            "mean_correlation": -0.3333333333333333
          }
        ]
      },
      "higgins_extensions": {
        "triadic_area": {
          "n_candidates": 20,
          "selection_method": "top_K_by_area",
          "selection_K": 500,
          "n_returned": 20,
          "results": [
            {
              "triad": [
                0,
                2,
                5
              ],
              "area": 5.80551473031598e-08,
              "sides": [
                1.2649110637180256,
                1.897366596052141,
                3.1622776597701665
              ]
            },
            {
              "triad": [
                0,
                2,
                4
              ],
              "area": 4.239748500981718e-08,
              "sides": [
                1.2649110637180256,
                1.2649110640631458,
                2.529822127781171
              ]
            },
            {
              "triad": [
                1,
                3,
                5
              ],
              "area": 4.239748500981718e-08,
              "sides": [
                1.2649110640631458,
                1.2649110637180256,
                2.529822127781171
              ]
            },
            {
              "triad": [
                1,
                2,
                5
              ],
              "area": 3.671729907088656e-08,
              "sides": [
                0.6324555317290305,
                1.897366596052141,
                2.529822127781171
              ]
            },
            {
              "triad": [
                1,
                2,
                4
              ],
              "area": 1.835864953543784e-08,
              "sides": [
                0.6324555317290305,
                1.2649110640631458,
                1.8973665957921761
              ]
            },
            {
              "triad": [
                1,
                3,
                4
              ],
              "area": 1.835864953543784e-08,
              "sides": [
                1.2649110640631458,
                0.6324555317290305,
                1.8973665957921761
              ]
            },
            {
              "triad": [
                0,
                1,
                2
              ],
              "area": 0.0,
              "sides": [
                0.6324555319889952,
                0.6324555317290305,
                1.2649110637180256
              ]
            },
            {
              "triad": [
                0,
                1,
                3
              ],
              "area": 0.0,
              "sides": [
                0.6324555319889952,
                1.2649110640631458,
                1.8973665960521409
              ]
            },
            {
              "triad": [
                0,
                1,
                4
              ],
              "area": 0.0,
              "sides": [
                0.6324555319889952,
                1.8973665957921761,
                2.529822127781171
              ]
            },
            {
              "triad": [
                0,
                1,
                5
              ],
              "area": 0.0,
              "sides": [
                0.6324555319889952,
                2.529822127781171,
                3.1622776597701665
              ]
            },
            {
              "triad": [
                0,
                2,
                3
              ],
              "area": 0.0,
              "sides": [
                1.2649110637180256,
                0.6324555323341153,
                1.8973665960521409
              ]
            },
            {
              "triad": [
                0,
                3,
                4
              ],
              "area": 0.0,
              "sides": [
                1.8973665960521409,
                0.6324555317290305,
                2.529822127781171
              ]
            },
            {
              "triad": [
                0,
                3,
                5
              ],
              "area": 0.0,
              "sides": [
                1.8973665960521409,
                1.2649110637180256,
                3.1622776597701665
              ]
            },
            {
              "triad": [
                0,
                4,
                5
              ],
              "area": 0.0,
              "sides": [
                2.529822127781171,
                0.6324555319889952,
                3.1622776597701665
              ]
            },
            {
              "triad": [
                1,
                2,
                3
              ],
              "area": 0.0,
              "sides": [
                0.6324555317290305,
                0.6324555323341153,
                1.2649110640631458
              ]
            },
            {
              "triad": [
                1,
                4,
                5
              ],
              "area": 0.0,
              "sides": [
                1.8973665957921761,
                0.6324555319889952,
                2.529822127781171
              ]
            },
            {
              "triad": [
                2,
                3,
                4
              ],
              "area": 0.0,
              "sides": [
                0.6324555323341153,
                0.6324555317290305,
                1.2649110640631458
              ]
            },
            {
              "triad": [
                2,
                3,
                5
              ],
              "area": 0.0,
              "sides": [
                0.6324555323341153,
                1.2649110637180256,
                1.897366596052141
              ]
            },
            {
              "triad": [
                2,
                4,
                5
              ],
              "area": 0.0,
              "sides": [
                1.2649110640631458,
                0.6324555319889952,
                1.897366596052141
              ]
            },
            {
              "triad": [
                3,
                4,
                5
              ],
              "area": 0.0,
              "sides": [
                0.6324555317290305,
                0.6324555319889952,
                1.2649110637180256
              ]
            }
          ]
        },
        "carrier_triads": [
          {
            "carriers": [
              "A",
              "B",
              "C"
            ],
            "indices": [
              0,
              1,
              2
            ]
          },
          {
            "carriers": [
              "A",
              "B",
              "D"
            ],
            "indices": [
              0,
              1,
              3
            ]
          },
          {
            "carriers": [
              "A",
              "C",
              "D"
            ],
            "indices": [
              0,
              2,
              3
            ]
          },
          {
            "carriers": [
              "B",
              "C",
              "D"
            ],
            "indices": [
              1,
              2,
              3
            ]
          }
        ],
        "regime_detection": {
          "n_regimes": 1,
          "boundaries": [],
          "method": "step_distance > mean + 2*std"
        }
      }
    }
  },
  "bridges": {
    "_function": "review",
    "_description": "Connections to dynamical / control / information theory.",
    "coda_standard": {
      "information_theory": {
        "entropy_series": [
          {
            "label": "t00",
            "shannon_entropy": 1.137898882262859,
            "max_entropy": 1.3862943611198906,
            "normalised_entropy": 0.8208205372368607,
            "higgins_scale": 0.17917946276313934
          },
          {
            "label": "t01",
            "shannon_entropy": 1.2833218118206149,
            "max_entropy": 1.3862943611198906,
            "normalised_entropy": 0.9257210068891203,
            "higgins_scale": 0.07427899311087971
          },
          {
            "label": "t02",
            "shannon_entropy": 1.373921230739615,
            "max_entropy": 1.3862943611198906,
            "normalised_entropy": 0.9910746730800518,
            "higgins_scale": 0.008925326919948184
          },
          {
            "label": "t03",
            "shannon_entropy": 1.3739212307396147,
            "max_entropy": 1.3862943611198906,
            "normalised_entropy": 0.9910746730800517,
            "higgins_scale": 0.008925326919948295
          },
          {
            "label": "t04",
