{
  "metadata": {
    "_function": "provenance",
    "_description": "Identity, schema version, run-time provenance.",
    "schema_version": "2.1.0",
    "engine_version": "cnt 2.0.4",
    "engine_implementation": "python",
    "generated": "2026-05-06T01:24:35.177937+00:00",
    "wall_clock_ms": 44,
    "mathematical_lineage": {
      "Aitchison_1986": "CLR transform, simplex geometry, Aitchison distance",
      "Shannon_1948": "Entropy H = -sum x_j ln x_j",
      "Egozcue_2003": "ILR, Helmert basis, orthonormal coordinates",
      "Higgins_2026": "CNT tensor decomposition, recursive depth sounder, metric dual involution"
    },
    "engine_config": {
      "_description": "Active values from the USER CONFIGURATION block at top of cnt.py. Two runs with identical config and input produce identical content_sha256. Two runs with different config produce different content_sha256 - that is correct.",
      "DEFAULT_DELTA": 1e-15,
      "DEGEN_THRESHOLD": 0.0001,
      "LOCK_CLR_THRESHOLD": -10.0,
      "DEPTH_MAX_LEVELS": 50,
      "DEPTH_PRECISION_TARGET": 0.01,
      "NOISE_FLOOR_OMEGA_VAR": 1e-06,
      "TRIADIC_T_LIMIT": 500,
      "TRIADIC_K_DEFAULT": 500,
      "EITT_GATE_PCT": 5.0,
      "EITT_M_SWEEP_BASE": [
        2,
        4,
        8,
        16,
        32,
        64,
        128
      ],
      "active_overrides": {}
    },
    "units": {
      "input_units": "ratio",
      "higgins_scale_units": "neper",
      "units_scale_factor_to_neper": 1.0,
      "feature": "v1.1-B native units",
      "schema_addition": "2.1.0",
      "_description": "v1.1-B native units (additive 2.1.0).",
      "report_units_scale_factors": true
    },
    "environment": {
      "git_sha": "unknown",
      "language_version": "python 3.10.12",
      "numerical_lib": "numpy 2.2.6",
      "platform": "Linux-6.8.0-106-generic-x86_64-with-glibc2.35",
      "hostname_hash": "c857d09db23e6822e3600bc06ad8d58f92ed62bc8efd81c753f77048662cb97d"
    }
  },
  "input": {
    "_function": "provenance",
    "_description": "Source data identity, hashes, and ordering declaration.",
    "source_file": "ball_oxides_by_age_barycenters.csv",
    "source_file_sha256": "1e68a5a75d6c2d0b1cb846c1cf8ccad2caa9a739a24ed66c93b37530daed27d7",
    "closed_data_sha256": "62d686ca8495edf95d8d07dd911daa59bfdaa1f0e607641be254472b4ed7aba4",
    "n_records": 10,
    "n_carriers": 10,
    "carriers": [
      "SiO2",
      "TiO2",
      "Al2O3",
      "FeO",
      "CaO",
      "MgO",
      "MnO",
      "K2O",
      "Na2O",
      "P2O5"
    ],
    "labels": [
      "Holocene",
      "Late_Pleistocene",
      "Middle_Pleistocene",
      "Early_Pleistocene",
      "Pliocene",
      "Late_Miocene",
      "Mid_Miocene",
      "Early_Miocene",
      "Oligocene",
      "Eocene_or_older"
    ],
    "zero_replacement": {
      "method": "multiplicative",
      "delta": 1e-15,
      "applied": false,
      "n_replacements": 0
    },
    "ordering": {
      "is_temporal": true,
      "ordering_method": "by-time",
      "caveat": null
    }
  },
  "tensor": {
    "_function": "composer",
    "_description": "Per-record compositional state. coda_standard fields follow Aitchison/Egozcue/Shannon. higgins_extensions are HUF-framework readings of the same simplex; see schema \u00a78 for the mapping.",
    "helmert_basis": {
      "D": 10,
      "dim": 9,
      "coefficients": [
        [
          0.7071067811865476,
          -0.7071067811865476,
          0.0,
          0.0,
          0.0,
          0.0,
          0.0,
          0.0,
          0.0,
          0.0
        ],
        [
          0.408248290463863,
          0.408248290463863,
          -0.816496580927726,
          0.0,
          0.0,
          0.0,
          0.0,
          0.0,
          0.0,
          0.0
        ],
        [
          0.28867513459481287,
          0.28867513459481287,
          0.28867513459481287,
          -0.8660254037844386,
          0.0,
          0.0,
          0.0,
          0.0,
          0.0,
          0.0
        ],
        [
          0.22360679774997896,
          0.22360679774997896,
          0.22360679774997896,
          0.22360679774997896,
          -0.8944271909999159,
          0.0,
          0.0,
          0.0,
          0.0,
          0.0
        ],
        [
          0.18257418583505539,
          0.18257418583505539,
          0.18257418583505539,
          0.18257418583505539,
          0.18257418583505539,
          -0.9128709291752769,
          0.0,
          0.0,
          0.0,
          0.0
        ],
        [
          0.1543033499620919,
          0.1543033499620919,
          0.1543033499620919,
          0.1543033499620919,
          0.1543033499620919,
          0.1543033499620919,
          -0.9258200997725514,
          0.0,
          0.0,
          0.0
        ],
        [
          0.1336306209562122,
          0.1336306209562122,
          0.1336306209562122,
          0.1336306209562122,
          0.1336306209562122,
          0.1336306209562122,
          0.1336306209562122,
          -0.9354143466934853,
          0.0,
          0.0
        ],
        [
          0.11785113019775792,
          0.11785113019775792,
          0.11785113019775792,
          0.11785113019775792,
          0.11785113019775792,
          0.11785113019775792,
          0.11785113019775792,
          0.11785113019775792,
          -0.9428090415820634,
          0.0
        ],
        [
          0.10540925533894598,
          0.10540925533894598,
          0.10540925533894598,
          0.10540925533894598,
          0.10540925533894598,
          0.10540925533894598,
          0.10540925533894598,
          0.10540925533894598,
          0.10540925533894598,
          -0.9486832980505138
        ]
      ]
    },
    "timesteps": [
      {
        "raw_values": [
          0.4954753503,
          0.0194086513,
          0.147265889,
          0.1110137941,
          0.1036500576,
          0.084321284,
          0.0018153816,
          0.0064611937,
          0.0275245538,
          0.0030638446
        ],
        "index": 0,
        "label": "Holocene",
        "coda_standard": {
          "composition": [
            0.4954753503,
            0.0194086513,
            0.147265889,
            0.1110137941,
            0.1036500576,
            0.084321284,
            0.0018153816,
            0.0064611937,
            0.0275245538,
            0.0030638446
          ],
          "shannon_entropy": 1.5546999005207291,
          "aitchison_norm": 5.501875864364622,
          "ilr": [
            2.2908836272273634,
            -0.33200503504470313,
            0.009962999517479032,
            0.06910548482601472,
            0.2448282467259717,
            3.760528677443648,
            2.069187650504,
            0.45847241130259964,
            2.4928170353030774
          ],
          "clr": [
            2.7209531863441927,
            -0.5188455090992141,
            1.5076753025696743,
            1.2250900456981793,
            1.1564559755336834,
            0.950069893316793,
            -2.8882687255126043,
            -1.6187503350583872,
            -0.16948594730448452,
            -2.364893886487827
          ]
        },
        "higgins_extensions": {
          "metric_tensor": {
            "matrix": [
              [
                3.6660501588188756,
                -10.398784762878472,
                -1.3704897228879762,
                -1.8180298137063804,
                -1.947190306302941,
                -2.3935402526183247,
                -111.1757370496988,
                -31.236702810265765,
                -7.33259434005653,
                -65.8735718536317
              ],
              [
                -10.398784762878472,
                2389.196085342294,
                -34.98665955889835,
                -46.411723559689726,
                -49.70900781324327,
                -61.103689112247324,
                -2838.158943046197,
                -797.428735665596,
                -187.19073742374397,
                -1681.6588945410333
              ],
              [
                -1.3704897228879762,
                -34.98665955889835,
                41.499052640589625,
                -6.116752256199754,
                -6.551312090447598,
                -8.053054262438295,
                -374.0502137569698,
                -105.09573107682407,
                -24.6704771479518,
                -221.63130451540198
              ],
              [
                -1.8180298137063804,
                -46.411723559689726,
                -6.116752256199754,
                73.02786734696525,
                -8.690674946639033,
                -10.682818335664962,
                -496.1981320081753,
                -139.4152536863293,
                -32.726741561275105,
                -294.0060859490108
              ],
              [
                -1.947190306302941,
                -49.70900781324327,
                -6.551312090447598,
                -8.690674946639033,
                83.7728737745142,
                -11.441770729157943,
                -531.4501364981412,
                -149.31990030204696,
                -35.051787074427125,
                -314.89351617775066
              ],
              [
                -2.3935402526183247,
                -61.103689112247324,
                -8.053054262438295,
                -10.682818335664962,
                -11.441770729157943,
                126.58087317679997,
                -653.2732264793335,
                -183.5481569176938,
                -43.08662744328356,
                -387.0758311708155
              ],
              [
                -111.1757370496988,
                -2838.158943046197,
                -374.0502137569698,
                -496.1981320081753,
                -531.4501364981412,
                -653.2732264793335,
                273090.53663210076,
                -8525.489223386105,
                -2001.2981013178203,
                -17978.991904341427
              ],
              [
                -31.236702810265765,
                -797.428735665596,
                -105.09573107682407,
                -139.4152536863293,
                -149.31990030204696,
                -183.5481569176938,
                -8525.489223386105,
                21558.422927980137,
                -562.2985345954427,
                -5051.501720137316
              ],
              [
                -7.33259434005653,
                -187.19073742374397,
                -24.6704771479518,
                -32.726741561275105,
                -35.051787074427125,
                -43.08662744328356,
                -2001.2981013178203,
                -562.2985345954427,
                1187.9603201133732,
                -1185.8041851232622
              ],
              [
                -65.8735718536317,
                -1681.6588945410333,
                -221.63130451540198,
                -294.0060859490108,
                -314.89351617775066,
                -387.0758311708155,
                -17978.991904341427,
                -5051.501720137316,
                -1185.8041851232622,
                95875.80904306096
              ]
            ],
            "eigenvalues": [
              -1.0184293542117239e-13,
              17.675209502064504,
              59.854557829015924,
              87.39921307169672,
              126.58975605327622,
              1085.051617063625,
              2335.7699732056776,
              20926.127375409098,
              94603.27460746166,
              275188.72941609914
            ],
            "trace": 394430.4717256953
          },
          "metric_tensor_diagonal": [
            3.6660501588188756,
            2389.196085342294,
            41.499052640589625,
            73.02786734696525,
            83.7728737745142,
            126.58087317679997,
            273090.53663210076,
            21558.422927980137,
            1187.9603201133732,
            95875.80904306096
          ],
          "bearing_tensor": {
            "pairs": [
              {
                "carrier_i": "SiO2",
                "carrier_j": "TiO2",
                "theta_deg": -10.795853651814822
              },
              {
                "carrier_i": "SiO2",
                "carrier_j": "Al2O3",
                "theta_deg": 28.990758414329807
              },
              {
                "carrier_i": "SiO2",
                "carrier_j": "FeO",
                "theta_deg": 24.239321142154374
              },
              {
                "carrier_i": "SiO2",
                "carrier_j": "CaO",
                "theta_deg": 23.026399327139945
              },
              {
                "carrier_i": "SiO2",
                "carrier_j": "MgO",
                "theta_deg": 19.24756950829739
              },
              {
                "carrier_i": "SiO2",
                "carrier_j": "MnO",
                "theta_deg": -46.70854937186932
              },
              {
                "carrier_i": "SiO2",
                "carrier_j": "K2O",
                "theta_deg": -30.74927367951354
              },
              {
                "carrier_i": "SiO2",
                "carrier_j": "Na2O",
                "theta_deg": -3.564302215962878
              },
              {
                "carrier_i": "SiO2",
                "carrier_j": "P2O5",
                "theta_deg": -40.995266466481716
              },
              {
                "carrier_i": "TiO2",
                "carrier_j": "Al2O3",
                "theta_deg": 108.99018994086059
              },
              {
                "carrier_i": "TiO2",
                "carrier_j": "FeO",
                "theta_deg": 112.95344581046969
              },
              {
                "carrier_i": "TiO2",
                "carrier_j": "CaO",
                "theta_deg": 114.16345242360102
              },
              {
                "carrier_i": "TiO2",
                "carrier_j": "MgO",
                "theta_deg": 118.63952709320073
              },
              {
                "carrier_i": "TiO2",
                "carrier_j": "MnO",
                "theta_deg": -100.18393403197737
              },
              {
                "carrier_i": "TiO2",
                "carrier_j": "K2O",
                "theta_deg": -107.77181106619466
              },
              {
                "carrier_i": "TiO2",
                "carrier_j": "Na2O",
                "theta_deg": -161.90986841558572
              },
              {
                "carrier_i": "TiO2",
                "carrier_j": "P2O5",
                "theta_deg": -102.37434176551056
              },
              {
                "carrier_i": "Al2O3",
                "carrier_j": "FeO",
                "theta_deg": 39.09623632528394
              },
              {
                "carrier_i": "Al2O3",
                "carrier_j": "CaO",
                "theta_deg": 37.489857487607566
              },
              {
                "carrier_i": "Al2O3",
                "carrier_j": "MgO",
                "theta_deg": 32.21730557321868
              },
              {
                "carrier_i": "Al2O3",
                "carrier_j": "MnO",
                "theta_deg": -62.43545622102077
              },
              {
                "carrier_i": "Al2O3",
                "carrier_j": "K2O",
                "theta_deg": -47.03473732623084
              },
              {
                "carrier_i": "Al2O3",
                "carrier_j": "Na2O",
                "theta_deg": -6.414000985067506
              },
              {
                "carrier_i": "Al2O3",
                "carrier_j": "P2O5",
                "theta_deg": -57.48153417992297
              },
              {
                "carrier_i": "FeO",
                "carrier_j": "CaO",
                "theta_deg": 43.34924273045146
              },
              {
                "carrier_i": "FeO",
                "carrier_j": "MgO",
                "theta_deg": 37.793944808101685
              },
              {
                "carrier_i": "FeO",
                "carrier_j": "MnO",
                "theta_deg": -67.01525220848394
              },
              {
                "carrier_i": "FeO",
                "carrier_j": "K2O",
                "theta_deg": -52.881118490771826
              },
              {
                "carrier_i": "FeO",
                "carrier_j": "Na2O",
                "theta_deg": -7.8766273468851615
              },
              {
                "carrier_i": "FeO",
                "carrier_j": "P2O5",
                "theta_deg": -62.614410489495974
              },
              {
                "carrier_i": "CaO",
                "carrier_j": "MgO",
                "theta_deg": 39.40432622373861
              },
              {
                "carrier_i": "CaO",
                "carrier_j": "MnO",
                "theta_deg": -68.17895270900856
              },
              {
                "carrier_i": "CaO",
                "carrier_j": "K2O",
                "theta_deg": -54.45750060177196
              },
              {
                "carrier_i": "CaO",
                "carrier_j": "Na2O",
                "theta_deg": -8.337702967100856
              },
              {
                "carrier_i": "CaO",
                "carrier_j": "P2O5",
                "theta_deg": -63.94091973004082
              },
              {
                "carrier_i": "MgO",
                "carrier_j": "MnO",
                "theta_deg": -71.79184674659146
              },
              {
                "carrier_i": "MgO",
                "carrier_j": "K2O",
                "theta_deg": -59.59066079708313
              },
              {
                "carrier_i": "MgO",
                "carrier_j": "Na2O",
                "theta_deg": -10.114771595983086
              },
              {
                "carrier_i": "MgO",
                "carrier_j": "P2O5",
                "theta_deg": -68.11275219481641
              },
              {
                "carrier_i": "MnO",
                "carrier_j": "K2O",
                "theta_deg": -150.73124576721636
              },
              {
                "carrier_i": "MnO",
                "carrier_j": "Na2O",
                "theta_deg": -176.64168844722477
              },
              {
                "carrier_i": "MnO",
                "carrier_j": "P2O5",
                "theta_deg": -140.68962710415306
              },
              {
                "carrier_i": "K2O",
                "carrier_j": "Na2O",
                "theta_deg": -174.02281129045502
              },
              {
                "carrier_i": "K2O",
                "carrier_j": "P2O5",
                "theta_deg": -124.39131799131444
              },
              {
                "carrier_i": "Na2O",
                "carrier_j": "P2O5",
                "theta_deg": -94.09923460066958
              }
            ]
          },
          "higgins_scale": 0.32480241218831285,
          "condition_number": 272.9317903739908
        }
      },
      {
        "raw_values": [
          0.4882451675,
          0.0206957187,
          0.1470826997,
          0.112051688,
          0.1035894384,
          0.0879277145,
          0.0019216583,
          0.0070885155,
          0.0278318546,
          0.0035655449
        ],
        "index": 1,
        "label": "Late_Pleistocene",
        "coda_standard": {
          "aitchison_distance_step": 0.15562189094492468,
          "composition": [
            0.4882451674511755,
            0.020695718697930427,
            0.14708269968529175,
            0.11205168798879482,
            0.10358943838964105,
            0.08792771449120723,
            0.001921658299807834,
            0.0070885154992911485,
            0.027831854597216814,
            0.003565544899643445
          ],
          "shannon_entropy": 1.5730010170454083,
          "aitchison_norm": 5.3754861582982505,
          "ilr": [
            2.2350873329325056,
            -0.3107771732861746,
            0.01583635472435918,
            0.08250158096883864,
            0.21700036081938556,
            3.7231113365820434,
            2.0033244118604,
            0.47728116411299343,
            2.3763087151793503
          ],
          "clr": [
            2.665136393700683,
            -0.49575442562077576,
            1.4653137331677712,
            1.193278986423044,
            1.1147541002689176,
            0.9508337723728526,
            -2.8724927672297405,
            -1.5672053392001866,
            -0.19950006478004,
            -2.254364389102525
          ]
        },
        "higgins_extensions": {
          "metric_tensor": {
            "matrix": [
              [
                3.7754315659690723,
                -9.896497832511487,
                -1.392516833553997,
                -1.8278630060157368,
                -1.9771816356986591,
                -2.3293581144636426,
                -106.58249453444324,
                -28.893939112754634,
                -7.359018585014362,
                -57.44287086577356
              ],
              [
                -9.896497832511487,
                2101.268180509316,
                -32.85170350934182,
                -43.12221732793493,
                -46.644883074276414,
                -54.95329054524622,
                -2514.451836675625,
                -681.6543240820957,
                -173.61104070649893,
                -1355.169371699108
              ],
              [
                -1.392516833553997,
                -32.85170350934182,
                41.60248992088814,
                -6.067642770764337,
                -6.563310170867197,
                -7.732369918987727,
                -353.80359486654885,
                -95.91424532331783,
                -24.42846962290256,
                -190.68322899121003
              ],
              [
                -1.8278630060157368,
                -43.12221732793493,
                -6.067642770764337,
                71.68127191312695,
                -8.615214961327633,
                -10.149760910016681,
                -464.4141362380644,
                -125.90016619688666,
                -32.06560584500924,
                -250.2970245976168
              ],
              [
                -1.9771816356986591,
                -46.644883074276414,
                -6.563310170867197,
                -8.615214961327633,
                83.87094808399446,
                -10.97889765916315,
                -502.3522542481231,
                -136.18498526237488,
                -34.68505397048229,
                -270.7438571029118
              ],
              [
                -2.3293581144636426,
                -54.95329054524622,
                -7.732369918987727,
                -10.149760910016681,
                -10.97889765916315,
                116.41017446068233,
                -591.8314628380006,
                -160.4423158507286,
                -40.86317132325725,
                -318.9688742283922
              ],
              [
                -106.58249453444324,
                -2514.451836675625,
                -353.80359486654885,
                -464.4141362380644,
                -502.3522542481231,
                -591.8314628380006,
                243719.44328959717,
                -7341.225098052911,
                -1869.7420148399697,
                -14594.79248081747
              ],
              [
                -28.893939112754634,
                -681.6543240820957,
                -95.91424532331783,
                -125.90016619688666,
                -136.18498526237488,
                -160.4423158507286,
                -7341.225098052911,
                17911.49857492379,
                -506.8769704567833,
                -3956.569483066022
              ],
              [
                -7.359018585014362,
                -173.61104070649893,
                -24.42846962290256,
                -32.06560584500924,
                -34.68505397048229,
                -40.86317132325725,
                -1869.7420148399697,
                -506.8769704567833,
                1161.8718127064215,
                -1007.7015890827656
              ],
              [
                -57.44287086577356,
                -1355.169371699108,
                -190.68322899121003,
                -250.2970245976168,
                -270.7438571029118,
                -318.9688742283922,
                -14594.79248081747,
                -3956.569483066022,
                -1007.7015890827656,
                70793.06082160524
              ]
            ],
            "eigenvalues": [
              -5.984815540581627e-13,
              17.611669624924915,
              59.3390122578902,
              86.69360819459888,
              117.95935303000739,
              1054.971905381522,
              2066.1899438875803,
              17383.572775884724,
              70021.4276955288,
              245196.71703149655
            ],
            "trace": 336004.4829952866
          },
          "helmsman": "P2O5",
          "metric_tensor_diagonal": [
            3.7754315659690723,
            2101.268180509316,
            41.60248992088814,
            71.68127191312695,
            83.87094808399446,
            116.41017446068233,
            243719.44328959717,
            17911.49857492379,
            1161.8718127064215,
            70793.06082160524
          ],
          "bearing_tensor": {
            "pairs": [
              {
                "carrier_i": "SiO2",
                "carrier_j": "TiO2",
                "theta_deg": -10.537419507953215
              },
              {
                "carrier_i": "SiO2",
                "carrier_j": "Al2O3",
                "theta_deg": 28.80235413438822
              },
              {
                "carrier_i": "SiO2",
                "carrier_j": "FeO",
                "theta_deg": 24.11980714222458
              },
              {
                "carrier_i": "SiO2",
                "carrier_j": "CaO",
                "theta_deg": 22.698232462521013
              },
              {
                "carrier_i": "SiO2",
                "carrier_j": "MgO",
                "theta_deg": 19.634742996218097
              },
              {
                "carrier_i": "SiO2",
                "carrier_j": "MnO",
                "theta_deg": -47.14443702522039
              },
              {
                "carrier_i": "SiO2",
                "carrier_j": "K2O",
                "theta_deg": -30.4572077522258
              },
              {
                "carrier_i": "SiO2",
                "carrier_j": "Na2O",
                "theta_deg": -4.280919187045538
              },
              {
                "carrier_i": "SiO2",
                "carrier_j": "P2O5",
                "theta_deg": -40.22694799127587
              },
              {
                "carrier_i": "TiO2",
                "carrier_j": "Al2O3",
                "theta_deg": 108.69203918015047
              },
              {
                "carrier_i": "TiO2",
                "carrier_j": "FeO",
                "theta_deg": 112.56071469720993
              },
              {
                "carrier_i": "TiO2",
                "carrier_j": "CaO",
                "theta_deg": 113.97571370718481
              },
              {
                "carrier_i": "TiO2",
                "carrier_j": "MgO",
                "theta_deg": 117.53704809904517
              },
              {
                "carrier_i": "TiO2",
                "carrier_j": "MnO",
                "theta_deg": -99.79203491908005
              },
              {
                "carrier_i": "TiO2",
                "carrier_j": "K2O",
                "theta_deg": -107.55373751259292
              },
              {
                "carrier_i": "TiO2",
                "carrier_j": "Na2O",
                "theta_deg": -158.07930185225848
              },
              {
                "carrier_i": "TiO2",
                "carrier_j": "P2O5",
                "theta_deg": -102.40243084814048
              },
              {
                "carrier_i": "Al2O3",
                "carrier_j": "FeO",
                "theta_deg": 39.15766640545394
              },
              {
                "carrier_i": "Al2O3",
                "carrier_j": "CaO",
                "theta_deg": 37.26247594380118
              },
              {
                "carrier_i": "Al2O3",
                "carrier_j": "MgO",
                "theta_deg": 32.97931060425177
              },
              {
                "carrier_i": "Al2O3",
                "carrier_j": "MnO",
                "theta_deg": -62.972998409515434
              },
              {
                "carrier_i": "Al2O3",
                "carrier_j": "K2O",
                "theta_deg": -46.9243946847465
              },
              {
                "carrier_i": "Al2O3",
                "carrier_j": "Na2O",
                "theta_deg": -7.753056534559402
              },
              {
                "carrier_i": "Al2O3",
                "carrier_j": "P2O5",
                "theta_deg": -56.976545521560176
              },
              {
                "carrier_i": "FeO",
                "carrier_j": "CaO",
                "theta_deg": 43.05141016575391
              },
              {
                "carrier_i": "FeO",
                "carrier_j": "MgO",
                "theta_deg": 38.54869089731506
              },
              {
                "carrier_i": "FeO",
                "carrier_j": "MnO",
                "theta_deg": -67.44122776674529
              },
              {
                "carrier_i": "FeO",
                "carrier_j": "K2O",
                "theta_deg": -52.71415004736811
              },
              {
                "carrier_i": "FeO",
                "carrier_j": "Na2O",
                "theta_deg": -9.491295653349319
              },
              {
                "carrier_i": "FeO",
                "carrier_j": "P2O5",
                "theta_deg": -62.10685910672472
              },
              {
                "carrier_i": "CaO",
                "carrier_j": "MgO",
                "theta_deg": 40.46264695835323
              },
              {
                "carrier_i": "CaO",
                "carrier_j": "MnO",
                "theta_deg": -68.78981321974992
              },
              {
                "carrier_i": "CaO",
                "carrier_j": "K2O",
                "theta_deg": -54.57573467322539
              },
              {
                "carrier_i": "CaO",
                "carrier_j": "Na2O",
                "theta_deg": -10.146428537326756
              },
              {
                "carrier_i": "CaO",
                "carrier_j": "P2O5",
                "theta_deg": -63.68819853592794
              },
              {
                "carrier_i": "MgO",
                "carrier_j": "MnO",
                "theta_deg": -71.68476132471237
              },
              {
                "carrier_i": "MgO",
                "carrier_j": "K2O",
                "theta_deg": -58.75453658454372
              },
              {
                "carrier_i": "MgO",
                "carrier_j": "Na2O",
                "theta_deg": -11.849677336449469
              },
              {
                "carrier_i": "MgO",
                "carrier_j": "P2O5",
                "theta_deg": -67.13121545831382
              },
              {
                "carrier_i": "MnO",
                "carrier_j": "K2O",
                "theta_deg": -151.3835283866282
              },
              {
                "carrier_i": "MnO",
                "carrier_j": "Na2O",
                "theta_deg": -176.02707924823366
              },
              {
                "carrier_i": "MnO",
                "carrier_j": "P2O5",
                "theta_deg": -141.8747812837122
              },
              {
                "carrier_i": "K2O",
                "carrier_j": "Na2O",
                "theta_deg": -172.7454538619356
              },
              {
                "carrier_i": "K2O",
                "carrier_j": "P2O5",
                "theta_deg": -124.8065334645066
              },
              {
                "carrier_i": "Na2O",
                "carrier_j": "P2O5",
                "theta_deg": -95.05721805429067
              }
            ]
          },
          "helmsman_delta": 0.11052949738530193,
          "higgins_scale": 0.31685433826897624,
          "condition_number": 254.0749140989322,
          "angular_velocity_deg": 0.9565937326696987
        }
      },
      {
        "raw_values": [
          0.5045558733,
          0.0235382716,
          0.1382194632,
          0.1121461175,
          0.0989484845,
          0.0861171747,
          0.0018062428,
          0.0062476478,
          0.0251994106,
          0.003221314
        ],
        "index": 2,
        "label": "Middle_Pleistocene",
        "coda_standard": {
          "aitchison_distance_step": 0.22663886902274785,
          "composition": [
            0.5045558733,
            0.0235382716,
            0.1382194632,
            0.1121461175,
            0.0989484845,
            0.0861171747,
            0.0018062428,
            0.0062476478,
            0.0251994106,
            0.003221314
          ],
          "shannon_entropy": 1.546704672429083,
          "aitchison_norm": 5.470091894769367,
          "ilr": [
            2.1673182819659824,
            -0.19407275033284868,
            0.043803873523850845,
            0.14591555742942264,
            0.24592864504986922,
            3.785642363768288,
            2.117654266410937,
            0.5527393535564166,
            2.4458563020726563
          ],
          "clr": [
            2.733546209454058,
            -0.3315046988813899,
            1.438710360933351,
            1.2296702674942526,
            1.1044669820565862,
            0.9655764913503826,
            -2.89888348734714,
            -1.6579273331485096,
            -0.26331176870366724,
            -2.320343023207921
          ]
        },
        "higgins_extensions": {
          "metric_tensor": {
            "matrix": [
              [
                3.5352813121141913,
                -8.420078963349702,
                -1.4339088066489591,
                -1.767284592199741,
                -2.0030029417254163,
                -2.30144690908876,
                -109.72727782376309,
                -31.722995898195762,
                -7.865029411948696,
                -61.525857315608405
              ],
              [
                -8.420078963349702,
                1624.401455690179,
                -30.73662851996858,
                -37.88272290931398,
                -42.93547613261189,
                -49.33278767455742,
                -2352.064902131578,
                -679.9999664846453,
                -168.5912564402545,
                -1318.8407881404507
              ],
              [
                -1.4339088066489591,
                -30.73662851996858,
                47.10902387256513,
                -6.451289855587969,
                -7.311755342461323,
                -8.401194218129946,
                -400.54809362912147,
                -115.80151976097731,
                -28.710477465347005,
                -224.5937869364261
              ],
              [
                -1.767284592199741,
                -37.88272290931398,
                -6.451289855587969,
                71.56060830267059,
                -9.011697604999444,
                -10.354424931998782,
                -493.6732873271382,
                -142.72472606201885,
                -35.38550305565379,
                -276.8105874767175
              ],
              [
                -2.0030029417254163,
                -42.93547613261189,
                -7.311755342461323,
                -9.011697604999444,
                91.92300551467898,
                -11.73548600503189,
                -559.5188523296737,
                -161.76118290226546,
                -40.10518001896189,
                -313.7312595061321
              ],
              [
                -2.30144690908876,
                -49.33278767455742,
                -8.401194218129946,
                -10.354424931998782,
                -11.73548600503189,
                121.3564777528609,
                -642.886191750558,
                -185.8633188427915,
                -46.080782344522966,
                -360.47667351548625
              ],
              [
                -109.72727782376309,
                -2352.064902131578,
                -400.54809362912147,
                -493.6732873271382,
                -559.5188523296737,
                -642.886191750558,
                275860.96530588495,
                -8861.501841893281,
                -2197.0173575091676,
                -17186.633307774562
              ],
              [
                -31.722995898195762,
                -679.9999664846453,
                -115.80151976097731,
                -142.72472606201885,
                -161.76118290226546,
                -185.8633188427915,
                -8861.501841893281,
                23057.352095289098,
                -635.1745345625853,
                -4968.787239960612
              ],
              [
                -7.865029411948696,
                -168.5912564402545,
                -28.710477465347005,
                -35.38550305565379,
                -40.10518001896189,
                -46.080782344522966,
                -2197.0173575091676,
                -635.1745345625853,
                1417.2998574531596,
                -1231.9031250837268
              ],
              [
                -61.525857315608405,
                -1318.8407881404507,
                -224.5937869364261,
                -276.8105874767175,
                -313.7312595061321,
                -360.47667351548625,
                -17186.633307774562,
                -4968.787239960612,
                -1231.9031250837268,
                86731.40650544217
              ]
            ],
            "eigenvalues": [
              1.2034389299020599e-12,
              18.64602099850836,
              63.71380629669002,
              91.61519997356707,
              123.7245094781965,
              1205.2696007858335,
              1709.1653075209172,
              22334.864468747775,
              85757.43157018471,
              277722.47913252836
            ],
            "trace": 389026.9096165144
          },
          "helmsman": "TiO2",
          "metric_tensor_diagonal": [
            3.5352813121141913,
            1624.401455690179,
            47.10902387256513,
            71.56060830267059,
            91.92300551467898,
            121.3564777528609,
            275860.96530588495,
            23057.352095289098,
            1417.2998574531596,
            86731.40650544217
          ],
          "bearing_tensor": {
            "pairs": [
              {
                "carrier_i": "SiO2",
                "carrier_j": "TiO2",
                "theta_deg": -6.914651246616944
              },
              {
                "carrier_i": "SiO2",
                "carrier_j": "Al2O3",
                "theta_deg": 27.758570631965636
              },
              {
                "carrier_i": "SiO2",
                "carrier_j": "FeO",
                "theta_deg": 24.22032771979683
              },
              {
                "carrier_i": "SiO2",
                "carrier_j": "CaO",
                "theta_deg": 22.000768031115694
              },
              {
                "carrier_i": "SiO2",
