{
  "metadata": {
    "_function": "provenance",
    "_description": "Identity, schema version, run-time provenance.",
    "schema_version": "2.0.0",
    "engine_version": "cnt 2.0.3",
    "engine_implementation": "python",
    "generated": "2026-05-05T17:04:33.554572+00:00",
    "wall_clock_ms": 61,
    "mathematical_lineage": {
      "Aitchison_1986": "CLR transform, simplex geometry, Aitchison distance",
      "Shannon_1948": "Entropy H = -sum x_j ln x_j",
      "Egozcue_2003": "ILR, Helmert basis, orthonormal coordinates",
      "Higgins_2026": "CNT tensor decomposition, recursive depth sounder, metric dual involution"
    },
    "engine_config": {
      "_description": "Active values from the USER CONFIGURATION block at top of cnt.py. Two runs with identical config and input produce identical content_sha256. Two runs with different config produce different content_sha256 - that is correct.",
      "DEFAULT_DELTA": 1e-15,
      "DEGEN_THRESHOLD": 0.0001,
      "LOCK_CLR_THRESHOLD": -10.0,
      "DEPTH_MAX_LEVELS": 50,
      "DEPTH_PRECISION_TARGET": 0.01,
      "NOISE_FLOOR_OMEGA_VAR": 1e-06,
      "TRIADIC_T_LIMIT": 500,
      "TRIADIC_K_DEFAULT": 500,
      "EITT_GATE_PCT": 5.0,
      "EITT_M_SWEEP_BASE": [
        2,
        4,
        8,
        16,
        32,
        64,
        128
      ]
    },
    "environment": {
      "git_sha": "unknown",
      "language_version": "python 3.10.12",
      "numerical_lib": "numpy 2.2.6",
      "platform": "Linux-6.8.0-106-generic-x86_64-with-glibc2.35",
      "hostname_hash": "c857d09db23e6822e3600bc06ad8d58f92ed62bc8efd81c753f77048662cb97d"
    }
  },
  "input": {
    "_function": "provenance",
    "_description": "Source data identity, hashes, and ordering declaration.",
    "source_file": "ember_DEU_Germany_generation_TWh.csv",
    "source_file_sha256": "8d52a1c20cd36340bef837925ccaf0377a685df3ae54b72f7970aefb62088ab3",
    "closed_data_sha256": "fe6c6f3cbe1098771910d0e270ac4b0f35fcf8a9fdd3994902cb1124fac53ccc",
    "n_records": 26,
    "n_carriers": 9,
    "carriers": [
      "Bioenergy",
      "Coal",
      "Gas",
      "Hydro",
      "Nuclear",
      "Other Fossil",
      "Other Renewables",
      "Solar",
      "Wind"
    ],
    "labels": [
      "2000",
      "2001",
      "2002",
      "2003",
      "2004",
      "2005",
      "2006",
      "2007",
      "2008",
      "2009",
      "2010",
      "2011",
      "2012",
      "2013",
      "2014",
      "2015",
      "2016",
      "2017",
      "2018",
      "2019",
      "2020",
      "2021",
      "2022",
      "2023",
      "2024",
      "2025"
    ],
    "zero_replacement": {
      "method": "multiplicative",
      "delta": 1e-15,
      "applied": true,
      "n_replacements": 10
    },
    "ordering": {
      "is_temporal": true,
      "ordering_method": "by-time",
      "caveat": null
    }
  },
  "tensor": {
    "_function": "composer",
    "_description": "Per-record compositional state. coda_standard fields follow Aitchison/Egozcue/Shannon. higgins_extensions are HUF-framework readings of the same simplex; see schema \u00a78 for the mapping.",
    "helmert_basis": {
      "D": 9,
      "dim": 8,
      "coefficients": [
        [
          0.7071067811865476,
          -0.7071067811865476,
          0.0,
          0.0,
          0.0,
          0.0,
          0.0,
          0.0,
          0.0
        ],
        [
          0.408248290463863,
          0.408248290463863,
          -0.816496580927726,
          0.0,
          0.0,
          0.0,
          0.0,
          0.0,
          0.0
        ],
        [
          0.28867513459481287,
          0.28867513459481287,
          0.28867513459481287,
          -0.8660254037844386,
          0.0,
          0.0,
          0.0,
          0.0,
          0.0
        ],
        [
          0.22360679774997896,
          0.22360679774997896,
          0.22360679774997896,
          0.22360679774997896,
          -0.8944271909999159,
          0.0,
          0.0,
          0.0,
          0.0
        ],
        [
          0.18257418583505539,
          0.18257418583505539,
          0.18257418583505539,
          0.18257418583505539,
          0.18257418583505539,
          -0.9128709291752769,
          0.0,
          0.0,
          0.0
        ],
        [
          0.1543033499620919,
          0.1543033499620919,
          0.1543033499620919,
          0.1543033499620919,
          0.1543033499620919,
          0.1543033499620919,
          -0.9258200997725514,
          0.0,
          0.0
        ],
        [
          0.1336306209562122,
          0.1336306209562122,
          0.1336306209562122,
          0.1336306209562122,
          0.1336306209562122,
          0.1336306209562122,
          0.1336306209562122,
          -0.9354143466934853,
          0.0
        ],
        [
          0.11785113019775792,
          0.11785113019775792,
          0.11785113019775792,
          0.11785113019775792,
          0.11785113019775792,
          0.11785113019775792,
          0.11785113019775792,
          0.11785113019775792,
          -0.9428090415820634
        ]
      ]
    },
    "timesteps": [
      {
        "raw_values": [
          4.33,
          296.68,
          49.2,
          21.73,
          169.61,
          18.05,
          0.0,
          0.0,
          9.35
        ],
        "index": 0,
        "label": "2000",
        "coda_standard": {
          "shannon_entropy": 1.2508392528244008,
          "clr": [
            6.430314208815375,
            10.657400783669333,
            8.860640290299239,
            8.043440461069315,
            10.098248350684724,
            7.857892351579866,
            -29.574029728109707,
            -29.574029728109707,
            7.200123010101572
          ],
          "aitchison_norm": 47.57043562058941,
          "composition": [
            0.00761051058968275,
            0.5214517971702259,
            0.08647508568415503,
            0.03819316284383514,
            0.29811055453027513,
            0.03172510765445119,
            1.7576236927673788e-18,
            1.7576236927673788e-18,
            0.01643378152737499
          ],
          "ilr": [
            -2.9890015817418503,
            -0.25865206824417797,
            0.5248211806580345,
            -1.431351310268079,
            0.8764624116459503,
            35.395971770808764,
            30.65381074515725,
            -7.636883708730176
          ]
        },
        "higgins_extensions": {
          "bearing_tensor": {
            "pairs": [
              {
                "carrier_i": "Bioenergy",
                "carrier_j": "Coal",
                "theta_deg": 58.89464331725299
              },
              {
                "carrier_i": "Bioenergy",
                "carrier_j": "Gas",
                "theta_deg": 54.030982977849476
              },
              {
                "carrier_i": "Bioenergy",
                "carrier_j": "Hydro",
                "theta_deg": 51.35947395486764
              },
              {
                "carrier_i": "Bioenergy",
                "carrier_j": "Nuclear",
                "theta_deg": 57.51202642823064
              },
              {
                "carrier_i": "Bioenergy",
                "carrier_j": "Other Fossil",
                "theta_deg": 50.705659942141104
              },
              {
                "carrier_i": "Bioenergy",
                "carrier_j": "Other Renewables",
                "theta_deg": -77.73304833269032
              },
              {
                "carrier_i": "Bioenergy",
                "carrier_j": "Solar",
                "theta_deg": -77.73304833269032
              },
              {
                "carrier_i": "Bioenergy",
                "carrier_j": "Wind",
                "theta_deg": 48.2324707391076
              },
              {
                "carrier_i": "Coal",
                "carrier_j": "Gas",
                "theta_deg": 39.740381014463765
              },
              {
                "carrier_i": "Coal",
                "carrier_j": "Hydro",
                "theta_deg": 37.04288276047723
              },
              {
                "carrier_i": "Coal",
                "carrier_j": "Nuclear",
                "theta_deg": 43.45683807022419
              },
              {
                "carrier_i": "Coal",
                "carrier_j": "Other Fossil",
                "theta_deg": 36.40201603389854
              },
              {
                "carrier_i": "Coal",
                "carrier_j": "Other Renewables",
                "theta_deg": -70.18268840193349
              },
              {
                "carrier_i": "Coal",
                "carrier_j": "Solar",
                "theta_deg": -70.18268840193349
              },
              {
                "carrier_i": "Coal",
                "carrier_j": "Wind",
                "theta_deg": 34.042897797972756
              },
              {
                "carrier_i": "Gas",
                "carrier_j": "Hydro",
                "theta_deg": 42.232285071715424
              },
              {
                "carrier_i": "Gas",
                "carrier_j": "Nuclear",
                "theta_deg": 48.734884173772464
              },
              {
                "carrier_i": "Gas",
                "carrier_j": "Other Fossil",
                "theta_deg": 41.56761268980628
              },
              {
                "carrier_i": "Gas",
                "carrier_j": "Other Renewables",
                "theta_deg": -73.32132008025546
              },
              {
                "carrier_i": "Gas",
                "carrier_j": "Solar",
                "theta_deg": -73.32132008025546
              },
              {
                "carrier_i": "Gas",
                "carrier_j": "Wind",
                "theta_deg": 39.09718029382797
              },
              {
                "carrier_i": "Hydro",
                "carrier_j": "Nuclear",
                "theta_deg": 51.46203378710699
              },
              {
                "carrier_i": "Hydro",
                "carrier_j": "Other Fossil",
                "theta_deg": 44.3314622599437
              },
              {
                "carrier_i": "Hydro",
                "carrier_j": "Other Renewables",
                "theta_deg": -74.78492813871391
              },
              {
                "carrier_i": "Hydro",
                "carrier_j": "Solar",
                "theta_deg": -74.78492813871391
              },
              {
                "carrier_i": "Hydro",
                "carrier_j": "Wind",
                "theta_deg": 41.83346178941646
              },
              {
                "carrier_i": "Nuclear",
                "carrier_j": "Other Fossil",
                "theta_deg": 37.88805883434234
              },
              {
                "carrier_i": "Nuclear",
                "carrier_j": "Other Renewables",
                "theta_deg": -71.14718968018418
              },
              {
                "carrier_i": "Nuclear",
                "carrier_j": "Solar",
                "theta_deg": -71.14718968018418
              },
              {
                "carrier_i": "Nuclear",
                "carrier_j": "Wind",
                "theta_deg": 35.489139875135066
              },
              {
                "carrier_i": "Other Fossil",
                "carrier_j": "Other Renewables",
                "theta_deg": -75.12017262832549
              },
              {
                "carrier_i": "Other Fossil",
                "carrier_j": "Solar",
                "theta_deg": -75.12017262832549
              },
              {
                "carrier_i": "Other Fossil",
                "carrier_j": "Wind",
                "theta_deg": 42.49877639072134
              },
              {
                "carrier_i": "Other Renewables",
                "carrier_j": "Solar",
                "theta_deg": -135.0
              },
              {
                "carrier_i": "Other Renewables",
                "carrier_j": "Wind",
                "theta_deg": 166.3169135895865
              },
              {
                "carrier_i": "Solar",
                "carrier_j": "Wind",
                "theta_deg": 166.3169135895865
              }
            ]
          },
          "higgins_scale": 0.43071852293731316,
          "metric_tensor_diagonal": [
            15346.872616526833,
            3.269031763297565,
            118.86814230947185,
            609.3632072824472,
            10.002136400058866,
            883.1638185710663,
            2.877369799999999e+35,
            2.877369799999999e+35,
            3291.33781349195
          ],
          "condition_number": 2.9668e+17,
          "metric_tensor": {
            "matrix": [
              [
                15346.872616526833,
                -27.998162342237926,
                -168.83119519705585,
                -382.2593098801264,
                -48.97408645536906,
                -460.19361793324913,
                -8.306494803695147e+18,
                -8.306494803695147e+18,
                -888.395166170604
              ],
              [
                -27.998162342237926,
                3.269031763297565,
                -2.464065913453053,
                -5.579017162535214,
                -0.7147694295259136,
                -6.716456672680898,
                -1.212320429418902e+17,
                -1.212320429418902e+17,
                -12.965993897528366
              ],
              [
                -168.83119519705585,
                -2.464065913453053,
                118.86814230947185,
                -33.64192706871844,
                -4.3101177713769925,
                -40.50077978965383,
                -7.310390752032517e+17,
                -7.310390752032517e+17,
                -78.18599734794138
              ],
              [
                -382.2593098801264,
                -5.579017162535214,
                -33.64192706871844,
                609.3632072824472,
                -9.758757218212057,
                -91.69987876902755,
                -1.6551828117809475e+18,
                -1.6551828117809475e+18,
                -177.02489965571633
              ],
              [
                -48.97408645536906,
                -0.7147694295259136,
                -4.3101177713769925,
                -9.758757218212057,
                10.002136400058866,
                -11.748354257714572,
                -2.1205779435174803e+17,
                -2.1205779435174803e+17,
                -22.679978005534554
              ],
              [
                -460.19361793324913,
                -6.716456672680898,
                -40.50077978965383,
                -91.69987876902755,
                -11.748354257714572,
                883.1638185710663,
                -1.9926383656509688e+18,
                -1.9926383656509688e+18,
                -213.11640274341914
              ],
              [
                -8.306494803695147e+18,
                -1.212320429418902e+17,
                -7.310390752032517e+17,
                -1.6551828117809475e+18,
                -2.1205779435174803e+17,
                -1.9926383656509688e+18,
                2.877369799999999e+35,
                -3.596712249999999e+34,
                -3.8467510695187154e+18
              ],
              [
                -8.306494803695147e+18,
                -1.212320429418902e+17,
                -7.310390752032517e+17,
                -1.6551828117809475e+18,
                -2.1205779435174803e+17,
                -1.9926383656509688e+18,
                -3.596712249999999e+34,
                2.877369799999999e+35,
                -3.8467510695187154e+18
              ],
              [
                -888.395166170604,
                -12.965993897528366,
                -78.18599734794138,
                -177.02489965571633,
                -22.679978005534554,
                -213.11640274341914,
                -3.8467510695187154e+18,
                -3.8467510695187154e+18,
                3291.33781349195
              ]
            ],
            "eigenvalues": [
              -2.8090492354474357e+19,
              -3.426641112400521e+17,
              14798.770023079445,
              7.59858346226694e+18,
              1.069016725519229e+19,
              1.2103044669274128e+19,
              6.632489837540087e+19,
              2.5176985749999997e+35,
              3.237041024999999e+35
            ],
            "trace": 5.754739599999998e+35
          }
        }
      },
      {
        "raw_values": [
          4.59,
          293.74,
          55.5,
          22.73,
          171.3,
          20.52,
          0.0,
          0.1,
          10.46
        ],
        "index": 1,
        "label": "2001",
        "coda_standard": {
          "shannon_entropy": 1.287215981774396,
          "clr": [
            2.8552514572524874,
            7.01406645550575,
            5.347754453932422,
            4.455057071044486,
            6.474787838510108,
            4.352771453482601,
            -33.20740496173065,
            -0.9712136598140129,
            3.6789298918168107
          ],
          "aitchison_norm": 35.831196220981354,
          "composition": [
            0.0079282827235983,
            0.5073755484160707,
            0.0958648564618095,
            0.03926140878156631,
            0.2958855839983418,
            0.03544408747020416,
            1.7272947110235948e-18,
            0.00017272947110235948,
            0.018067502677306804
          ],
          "ilr": [
            -2.940726286965202,
            -0.3372910613489095,
            0.5345978147594148,
            -1.3924044302239627,
            0.8002336125787382,
            35.450287118655055,
            0.5466533896389647,
            -3.9020944110203377
          ],
          "aitchison_distance_step": 30.33823434467483
        },
        "higgins_extensions": {
          "bearing_tensor": {
            "pairs": [
              {
                "carrier_i": "Bioenergy",
                "carrier_j": "Coal",
                "theta_deg": 67.84998794075463
              },
              {
                "carrier_i": "Bioenergy",
                "carrier_j": "Gas",
                "theta_deg": 61.90152983278168
              },
              {
                "carrier_i": "Bioenergy",
                "carrier_j": "Hydro",
                "theta_deg": 57.344140674555234
              },
              {
                "carrier_i": "Bioenergy",
                "carrier_j": "Nuclear",
                "theta_deg": 66.2034836437837
              },
              {
                "carrier_i": "Bioenergy",
                "carrier_j": "Other Fossil",
                "theta_deg": 56.73665861683967
              },
              {
                "carrier_i": "Bioenergy",
                "carrier_j": "Other Renewables",
                "theta_deg": -85.08565969087167
              },
              {
                "carrier_i": "Bioenergy",
                "carrier_j": "Solar",
                "theta_deg": -18.785734458170648
              },
              {
                "carrier_i": "Bioenergy",
                "carrier_j": "Wind",
                "theta_deg": 52.184631036943756
              },
              {
                "carrier_i": "Coal",
                "carrier_j": "Gas",
                "theta_deg": 37.32308634281569
              },
              {
                "carrier_i": "Coal",
                "carrier_j": "Hydro",
                "theta_deg": 32.42209515317588
              },
              {
                "carrier_i": "Coal",
                "carrier_j": "Nuclear",
                "theta_deg": 42.71055854565858
              },
              {
                "carrier_i": "Coal",
                "carrier_j": "Other Fossil",
                "theta_deg": 31.82280527991728
              },
              {
                "carrier_i": "Coal",
                "carrier_j": "Other Renewables",
                "theta_deg": -78.07329158435093
              },
              {
                "carrier_i": "Coal",
                "carrier_j": "Solar",
                "theta_deg": -7.883421666301928
              },
              {
                "carrier_i": "Coal",
                "carrier_j": "Wind",
                "theta_deg": 27.67734361995348
              },
              {
                "carrier_i": "Gas",
                "carrier_j": "Hydro",
                "theta_deg": 39.79668628092135
              },
              {
                "carrier_i": "Gas",
                "carrier_j": "Nuclear",
                "theta_deg": 50.44550443613274
              },
              {
                "carrier_i": "Gas",
                "carrier_j": "Other Fossil",
                "theta_deg": 39.14365169432091
              },
              {
                "carrier_i": "Gas",
                "carrier_j": "Other Renewables",
                "theta_deg": -80.85157516840945
              },
              {
                "carrier_i": "Gas",
                "carrier_j": "Solar",
                "theta_deg": -10.293382500020892
              },
              {
                "carrier_i": "Gas",
                "carrier_j": "Wind",
                "theta_deg": 34.52560697198155
              },
              {
                "carrier_i": "Hydro",
                "carrier_j": "Nuclear",
                "theta_deg": 55.46960772471811
              },
              {
                "carrier_i": "Hydro",
                "carrier_j": "Other Fossil",
                "theta_deg": 44.33465203817163
              },
              {
                "carrier_i": "Hydro",
                "carrier_j": "Other Renewables",
                "theta_deg": -82.35890649381096
              },
              {
                "carrier_i": "Hydro",
                "carrier_j": "Solar",
                "theta_deg": -12.298209127405526
              },
              {
                "carrier_i": "Hydro",
                "carrier_j": "Wind",
                "theta_deg": 39.549464103703585
              },
              {
                "carrier_i": "Nuclear",
                "carrier_j": "Other Fossil",
                "theta_deg": 33.91154841199468
              },
              {
                "carrier_i": "Nuclear",
                "carrier_j": "Other Renewables",
                "theta_deg": -78.96688160993581
              },
              {
                "carrier_i": "Nuclear",
                "carrier_j": "Solar",
                "theta_deg": -8.53072652728538
              },
              {
                "carrier_i": "Nuclear",
                "carrier_j": "Wind",
                "theta_deg": 29.60494018261565
              },
              {
                "carrier_i": "Other Fossil",
                "carrier_j": "Other Renewables",
                "theta_deg": -82.5323388497574
              },
              {
                "carrier_i": "Other Fossil",
                "carrier_j": "Solar",
                "theta_deg": -12.578108672611934
              },
              {
                "carrier_i": "Other Fossil",
                "carrier_j": "Wind",
                "theta_deg": 40.204244923631876
              },
              {
                "carrier_i": "Other Renewables",
                "carrier_j": "Solar",
                "theta_deg": -178.32475360214949
              },
              {
                "carrier_i": "Other Renewables",
                "carrier_j": "Wind",
                "theta_deg": 173.6781848222353
              },
              {
                "carrier_i": "Solar",
                "carrier_j": "Wind",
                "theta_deg": 104.7883306416206
              }
            ]
          },
          "higgins_scale": 0.41416276012398434,
          "helmsman": "Solar",
          "angular_velocity_deg": 39.60727127848587,
          "metric_tensor_diagonal": [
            14141.296234591638,
            3.452935055913489,
            96.72274756919082,
            576.6545454404688,
            10.15312808988917,
            707.5544688014169,
            2.979302432e+35,
            29793024.319999997,
            2723.0224510015387
          ],
          "helmsman_delta": 28.602816068295695,
          "condition_number": 2.9374e+17,
          "metric_tensor": {
            "matrix": [
              [
                14141.296234591638,
                -27.621599763726262,
                -146.19042729003516,
                -356.95418893959305,
                -47.36467434090456,
                -395.398085506674,
                -8.11356871459695e+18,
                -81135.6871459695,
                -775.6757853343165
              ],
              [
                -27.621599763726262,
                3.452935055913489,
                -2.2843809534324957,
                -5.577788953607722,
                -0.7401234262434531,
                -6.1785157366229795,
                -1.2678314291550352e+17,
                -1267.8314291550353,
                -12.120759360946797
              ],
              [
                -146.19042729003516,
                -2.2843809534324957,
                96.72274756919082,
                -29.521076166355535,
                -3.91718658062616,
                -32.70049031487629,
                -6.710140612612613e+17,
                -6710.140612612613,
                -64.15048386818941
              ],
              [
                -356.95418893959305,
                -5.577788953607722,
                -29.521076166355535,
                576.6545454404688,
                -9.564621875264052,
                -79.84501594701425,
                -1.6384197272327322e+18,
                -16384.19727232732,
                -156.63668520389407
              ],
              [
                -47.36467434090456,
                -0.7401234262434531,
                -3.91718658062616,
                -9.564621875264052,
                10.15312808988917,
                -10.594729786781283,
                -2.1740385522475187e+17,
                -2174.038552247519,
                -20.784307382863464
              ],
              [
                -395.398085506674,
                -6.1785157366229795,
                -32.70049031487629,
                -79.84501594701425,
                -10.594729786781283,
                707.5544688014169,
                -1.814877212475634e+18,
                -18148.77212475634,
                -173.5064256668866
              ],
              [
                -8.11356871459695e+18,
                -1.2678314291550352e+17,
                -6.710140612612613e+17,
                -1.6384197272327322e+18,
                -2.1740385522475187e+17,
                -1.814877212475634e+18,
                2.979302432e+35,
                -3.7241280400000005e+20,
                -3.5603518546845117e+18
              ],
              [
                -81135.6871459695,
                -1267.8314291550353,
                -6710.140612612613,
                -16384.19727232732,
                -2174.038552247519,
                -18148.77212475634,
                -3.7241280400000005e+20,
                29793024.319999997,
                -35603.51854684512
              ],
              [
                -775.6757853343165,
                -12.120759360946797,
                -64.15048386818941,
                -156.63668520389407,
                -20.784307382863464,
                -173.5064256668866,
                -3.5603518546845117e+18,
                -35603.51854684512,
                2723.0224510015387
              ]
            ],
            "eigenvalues": [
              -18504.777468690143,
              5.5625191139455845,
              72.38979457709212,
              448.6244021660444,
              738.6728640861668,
              2601.41701077663,
              13901.969719521412,
              29327940.14710871,
              2.9793024319999992e+35
            ],
            "trace": 2.979302432e+35
          }
        }
      },
      {
        "raw_values": [
          5.31,
          299.6,
          56.3,
          23.12,
          164.84,
          18.53,
          0.0,
          0.2,
          15.86
        ],
        "index": 2,
        "label": "2002",
        "coda_standard": {
          "shannon_entropy": 1.3058122306715816,
          "clr": [
            2.871437955089789,
            6.904294371479006,
            5.232540654981586,
            4.3425441636401185,
            6.306821426306557,
            4.12123716013321,
            -33.33693027507474,
            -0.4075917925981596,
            3.965646336042643
          ],
          "aitchison_norm": 35.86301162127501,
          "composition": [
            0.009096203919418937,
            0.5132246128545978,
            0.09644374400438534,
            0.03960531725366589,
            0.2823763190352199,
            0.03174249691654104,
            1.7130327531862408e-18,
            0.00034260655063724817,
            0.027168699465533776
          ],
          "ilr": [
            -2.8516601195804943,
            -0.28142554400375586,
            0.5717616602165583,
            -1.3140183167880197,
            0.9222648769187058,
            35.458980396875674,
            -0.09419782764572382,
            -4.2062031240050075
          ],
          "aitchison_distance_step": 0.7326109929291865
        },
        "higgins_extensions": {
          "bearing_tensor": {
            "pairs": [
              {
                "carrier_i": "Bioenergy",
                "carrier_j": "Coal",
                "theta_deg": 67.41798482371662
              },
              {
                "carrier_i": "Bioenergy",
                "carrier_j": "Gas",
                "theta_deg": 61.243537686201186
              },
              {
                "carrier_i": "Bioenergy",
                "carrier_j": "Hydro",
                "theta_deg": 56.52596598080302
              },
              {
                "carrier_i": "Bioenergy",
                "carrier_j": "Nuclear",
                "theta_deg": 65.52066116260661
              },
              {
                "carrier_i": "Bioenergy",
                "carrier_j": "Other Fossil",
                "theta_deg": 55.13346327547981
              },
              {
                "carrier_i": "Bioenergy",
                "carrier_j": "Other Renewables",
                "theta_deg": -85.0770447991321
              },
              {
                "carrier_i": "Bioenergy",
                "carrier_j": "Solar",
                "theta_deg": -8.07898733416824
              },
              {
                "carrier_i": "Bioenergy",
                "carrier_j": "Wind",
                "theta_deg": 54.09252306075908
              },
              {
                "carrier_i": "Coal",
                "carrier_j": "Gas",
                "theta_deg": 37.1573073621143
              },
              {
                "carrier_i": "Coal",
                "carrier_j": "Hydro",
                "theta_deg": 32.16836470469674
              },
              {
                "carrier_i": "Coal",
                "carrier_j": "Nuclear",
                "theta_deg": 42.410561792802945
              },
              {
                "carrier_i": "Coal",
                "carrier_j": "Other Fossil",
                "theta_deg": 30.833367893788978
              },
              {
                "carrier_i": "Coal",
                "carrier_j": "Other Renewables",
                "theta_deg": -78.29909689345432
              },
              {
                "carrier_i": "Coal",
                "carrier_j": "Solar",
                "theta_deg": -3.3785084300831154
              },
              {
                "carrier_i": "Coal",
                "carrier_j": "Wind",
                "theta_deg": 29.871934188786977
              },
              {
                "carrier_i": "Gas",
                "carrier_j": "Hydro",
                "theta_deg": 39.68966093863043
              },
              {
                "carrier_i": "Gas",
                "carrier_j": "Nuclear",
                "theta_deg": 50.318738461303
              },
              {
                "carrier_i": "Gas",
                "carrier_j": "Other Fossil",
                "theta_deg": 38.22456395545431
              },
              {
                "carrier_i": "Gas",
                "carrier_j": "Other Renewables",
                "theta_deg": -81.0796747713604
              },
              {
                "carrier_i": "Gas",
                "carrier_j": "Solar",
                "theta_deg": -4.4540938109499715
              },
              {
                "carrier_i": "Gas",
                "carrier_j": "Wind",
                "theta_deg": 37.1578190697757
              },
              {
                "carrier_i": "Hydro",
                "carrier_j": "Nuclear",
                "theta_deg": 55.45075456041084
              },
              {
                "carrier_i": "Hydro",
                "carrier_j": "Other Fossil",
                "theta_deg": 43.50219798423965
              },
              {
                "carrier_i": "Hydro",
                "carrier_j": "Other Renewables",
                "theta_deg": -82.57831122086073
              },
              {
                "carrier_i": "Hydro",
                "carrier_j": "Solar",
                "theta_deg": -5.362080417226723
              },
              {
                "carrier_i": "Hydro",
                "carrier_j": "Wind",
                "theta_deg": 42.402580076122234
              },
              {
                "carrier_i": "Nuclear",
                "carrier_j": "Other Fossil",
                "theta_deg": 33.162893021493694
              },
              {
                "carrier_i": "Nuclear",
                "carrier_j": "Other Renewables",
                "theta_deg": -79.28715139620206
              },
              {
                "carrier_i": "Nuclear",
                "carrier_j": "Solar",
                "theta_deg": -3.6977196866911917
              },
              {
                "carrier_i": "Nuclear",
                "carrier_j": "Wind",
                "theta_deg": 32.16114120257634
              },
              {
                "carrier_i": "Other Fossil",
                "carrier_j": "Other Renewables",
                "theta_deg": -82.95263554710723
              },
              {
                "carrier_i": "Other Fossil",
                "carrier_j": "Solar",
                "theta_deg": -5.64820481205004
              },
              {
                "carrier_i": "Other Fossil",
                "carrier_j": "Wind",
                "theta_deg": 43.897770964028815
              },
              {
                "carrier_i": "Other Renewables",
                "carrier_j": "Solar",
                "theta_deg": -179.29951181075214
              },
              {
                "carrier_i": "Other Renewables",
                "carrier_j": "Wind",
                "theta_deg": 173.21617022824822
              },
              {
                "carrier_i": "Solar",
                "carrier_j": "Wind",
                "theta_deg": 95.86829261962062
              }
            ]
          },
          "higgins_scale": 0.4056992425168171,
          "helmsman": "Solar",
          "angular_velocity_deg": 1.1698755435628203,
          "metric_tensor_diagonal": [
            10743.037751871912,
            3.374679443035257,
            95.5651078671907,
            566.6833916686289,
            11.14784527460848,
            882.1964491459441,
            3.0291176675555558e+35,
            7572794.168888889,
            1204.2309312551808
          ],
          "helmsman_delta": 0.5636218672158533,
          "condition_number": 2.996e+17,
          "metric_tensor": {
            "matrix": [
              [
                10743.037751871912,
                -23.800705299749605,
                -126.6552630160743,
                -308.4209043168245,
                -43.258258358438376,
                -384.8187430008085,
                -7.130691307804981e+18,
                -35653.45653902491,
                -449.60222621721203
              ],
              [
                -23.800705299749605,
                3.374679443035257,
                -2.244791210331624,
                -5.466338457684705,
                -0.766693430852162,
                -6.820385598579083,
                -1.2638174514167038e+17,
                -631.9087257083519,
                -7.968584182955258
              ],
              [
                -126.6552630160743,
                -2.244791210331624,
                95.5651078671907,
                -29.08907641069872,
                -4.079952964179535,
                -36.29462744821125,
                -6.725394466153545e+17,
                -3362.697233076772,
                -42.40475703753812
              ],
              [
                -308.4209043168245,
                -5.466338457684705,
                -29.08907641069872,
                566.6833916686289,
                -9.935179579727844,
                -88.38181337951094,
                -1.6377150019223375e+18,
                -8188.575009611688,
                -103.26071891061397
              ],
              [
                -43.258258358438376,
                -0.766693430852162,
                -4.079952964179535,
                -9.935179579727844,
                11.14784527460848,
                -12.396187365531988,
                -2.2970135188330774e+17,
                -1148.5067594165387,
                -14.483061278897084
              ],
              [
                -384.8187430008085,
                -6.820385598579083,
                -36.29462744821125,
                -88.38181337951094,
                -12.396187365531988,
                882.1964491459441,
                -2.0433875253342932e+18,
                -10216.937626671466,
                -128.8390621270046
              ],
              [
                -7.130691307804981e+18,
                -1.2638174514167038e+17,
                -6.725394466153545e+17,
                -1.6377150019223375e+18,
                -2.2970135188330774e+17,
                -2.0433875253342932e+18,
                3.0291176675555558e+35,
                -1.8931985422222223e+20,
                -2.3873878212133955e+18
              ],
              [
                -35653.45653902491,
                -631.9087257083519,
                -3362.697233076772,
                -8188.575009611688,
                -1148.5067594165387,
                -10216.937626671466,
                -1.8931985422222223e+20,
                7572794.168888889,
                -11936.939106066979
              ],
              [
                -449.60222621721203,
                -7.968584182955258,
                -42.40475703753812,
                -103.26071891061397,
                -14.483061278897084,
                -128.8390621270046,
                -2.3873878212133955e+18,
                -11936.939106066979,
                1204.2309312551808
              ]
            ],
            "eigenvalues": [
              -2399.554271683647,
              8.194742475837206,
              79.58743720693069,
              465.054319479799,
              851.9843907964516,
              1238.9406924975626,
              10472.36977797185,
              7457044.562177764,
              3.0291176675555558e+35
            ],
            "trace": 3.0291176675555558e+35
          }
        }
      },
      {
        "raw_values": [
          8.95,
          304.63,
          62.59,
          18.32,
          165.06,
