{
  "metadata": {
    "_function": "provenance",
    "_description": "Identity, schema version, run-time provenance.",
    "schema_version": "2.0.0",
    "engine_version": "cnt 2.0.3",
    "engine_implementation": "python",
    "generated": "2026-05-05T20:04:43.026139+00:00",
    "wall_clock_ms": 79,
    "mathematical_lineage": {
      "Aitchison_1986": "CLR transform, simplex geometry, Aitchison distance",
      "Shannon_1948": "Entropy H = -sum x_j ln x_j",
      "Egozcue_2003": "ILR, Helmert basis, orthonormal coordinates",
      "Higgins_2026": "CNT tensor decomposition, recursive depth sounder, metric dual involution"
    },
    "engine_config": {
      "_description": "Active values from the USER CONFIGURATION block at top of cnt.py. Two runs with identical config and input produce identical content_sha256. Two runs with different config produce different content_sha256 - that is correct.",
      "DEFAULT_DELTA": 1e-15,
      "DEGEN_THRESHOLD": 0.0001,
      "LOCK_CLR_THRESHOLD": -10.0,
      "DEPTH_MAX_LEVELS": 50,
      "DEPTH_PRECISION_TARGET": 0.01,
      "NOISE_FLOOR_OMEGA_VAR": 1e-06,
      "TRIADIC_T_LIMIT": 500,
      "TRIADIC_K_DEFAULT": 500,
      "EITT_GATE_PCT": 5.0,
      "EITT_M_SWEEP_BASE": [
        2,
        4,
        8,
        16,
        32,
        64,
        128
      ]
    },
    "environment": {
      "git_sha": "unknown",
      "language_version": "python 3.10.12",
      "numerical_lib": "numpy 2.2.6",
      "platform": "Linux-6.8.0-106-generic-x86_64-with-glibc2.35",
      "hostname_hash": "c857d09db23e6822e3600bc06ad8d58f92ed62bc8efd81c753f77048662cb97d"
    }
  },
  "input": {
    "_function": "provenance",
    "_description": "Source data identity, hashes, and ordering declaration.",
    "source_file": "ember_USA_United_States_generation_TWh.csv",
    "source_file_sha256": "ecdb50b25cb5807b38d4767a0344eddf8390b8be9b58cb430b0a92ee4b13c3bd",
    "closed_data_sha256": "81879347e313f033e024b2bc26041b8b5004161e55cea4ee41859bf9503f7a0d",
    "n_records": 25,
    "n_carriers": 9,
    "carriers": [
      "Bioenergy",
      "Coal",
      "Gas",
      "Hydro",
      "Nuclear",
      "Other Fossil",
      "Other Renewables",
      "Solar",
      "Wind"
    ],
    "labels": [
      "2001",
      "2002",
      "2003",
      "2004",
      "2005",
      "2006",
      "2007",
      "2008",
      "2009",
      "2010",
      "2011",
      "2012",
      "2013",
      "2014",
      "2015",
      "2016",
      "2017",
      "2018",
      "2019",
      "2020",
      "2021",
      "2022",
      "2023",
      "2024",
      "2025"
    ],
    "zero_replacement": {
      "method": "multiplicative",
      "delta": 1e-15,
      "applied": true,
      "n_replacements": 2
    },
    "ordering": {
      "is_temporal": true,
      "ordering_method": "by-time",
      "caveat": null
    }
  },
  "tensor": {
    "_function": "composer",
    "_description": "Per-record compositional state. coda_standard fields follow Aitchison/Egozcue/Shannon. higgins_extensions are HUF-framework readings of the same simplex; see schema \u00a78 for the mapping.",
    "helmert_basis": {
      "D": 9,
      "dim": 8,
      "coefficients": [
        [
          0.7071067811865476,
          -0.7071067811865476,
          0.0,
          0.0,
          0.0,
          0.0,
          0.0,
          0.0,
          0.0
        ],
        [
          0.408248290463863,
          0.408248290463863,
          -0.816496580927726,
          0.0,
          0.0,
          0.0,
          0.0,
          0.0,
          0.0
        ],
        [
          0.28867513459481287,
          0.28867513459481287,
          0.28867513459481287,
          -0.8660254037844386,
          0.0,
          0.0,
          0.0,
          0.0,
          0.0
        ],
        [
          0.22360679774997896,
          0.22360679774997896,
          0.22360679774997896,
          0.22360679774997896,
          -0.8944271909999159,
          0.0,
          0.0,
          0.0,
          0.0
        ],
        [
          0.18257418583505539,
          0.18257418583505539,
          0.18257418583505539,
          0.18257418583505539,
          0.18257418583505539,
          -0.9128709291752769,
          0.0,
          0.0,
          0.0
        ],
        [
          0.1543033499620919,
          0.1543033499620919,
          0.1543033499620919,
          0.1543033499620919,
          0.1543033499620919,
          0.1543033499620919,
          -0.9258200997725514,
          0.0,
          0.0
        ],
        [
          0.1336306209562122,
          0.1336306209562122,
          0.1336306209562122,
          0.1336306209562122,
          0.1336306209562122,
          0.1336306209562122,
          0.1336306209562122,
          -0.9354143466934853,
          0.0
        ],
        [
          0.11785113019775792,
          0.11785113019775792,
          0.11785113019775792,
          0.11785113019775792,
          0.11785113019775792,
          0.11785113019775792,
          0.11785113019775792,
          0.11785113019775792,
          -0.9428090415820634
        ]
      ]
    },
    "timesteps": [
      {
        "label": "2001",
        "raw_values": [
          49.75,
          1903.97,
          639.12,
          208.13,
          768.82,
          135.58,
          14.89,
          0.0,
          6.74
        ],
        "index": 0,
        "coda_standard": {
          "ilr": [
            -2.5771821825864536,
            -0.596645706365662,
            0.5497270896935968,
            -0.7429258599922366,
            0.9775039343699987,
            2.871159728001103,
            37.32082824837831,
            -1.448530063347434
          ],
          "shannon_entropy": 1.3438863694773047,
          "clr": [
            3.3646377794077864,
            7.009323774727843,
            5.917719545976971,
            4.795790200273345,
            6.102484187689052,
            4.367189187806004,
            2.1583171624991024,
            -35.0811490791075,
            1.365687240727401
          ],
          "composition": [
            0.013348537697880332,
            0.5108585994097129,
            0.17148376710491012,
            0.055843842232358464,
            0.20628387442983634,
            0.03637778374027368,
            0.003995170378320365,
            2.683123155352831e-19,
            0.001808425006707808
          ],
          "aitchison_norm": 37.57650230426632
        },
        "higgins_extensions": {
          "bearing_tensor": {
            "pairs": [
              {
                "carrier_i": "Bioenergy",
                "carrier_j": "Coal",
                "theta_deg": 64.35791548863091
              },
              {
                "carrier_i": "Bioenergy",
                "carrier_j": "Gas",
                "theta_deg": 60.37873889993265
              },
              {
                "carrier_i": "Bioenergy",
                "carrier_j": "Hydro",
                "theta_deg": 54.947209919423145
              },
              {
                "carrier_i": "Bioenergy",
                "carrier_j": "Nuclear",
                "theta_deg": 61.12961636379552
              },
              {
                "carrier_i": "Bioenergy",
                "carrier_j": "Other Fossil",
                "theta_deg": 52.38806584667693
              },
              {
                "carrier_i": "Bioenergy",
                "carrier_j": "Other Renewables",
                "theta_deg": 32.678989830382974
              },
              {
                "carrier_i": "Bioenergy",
                "carrier_j": "Solar",
                "theta_deg": -84.52151140847151
              },
              {
                "carrier_i": "Bioenergy",
                "carrier_j": "Wind",
                "theta_deg": 22.091952293853947
              },
              {
                "carrier_i": "Coal",
                "carrier_j": "Gas",
                "theta_deg": 40.17319738606513
              },
              {
                "carrier_i": "Coal",
                "carrier_j": "Hydro",
                "theta_deg": 34.379994463700484
              },
              {
                "carrier_i": "Coal",
                "carrier_j": "Nuclear",
                "theta_deg": 41.04360642807246
              },
              {
                "carrier_i": "Coal",
                "carrier_j": "Other Fossil",
                "theta_deg": 31.925146650680965
              },
              {
                "carrier_i": "Coal",
                "carrier_j": "Other Renewables",
                "theta_deg": 17.114691913308288
              },
              {
                "carrier_i": "Coal",
                "carrier_j": "Solar",
                "theta_deg": -78.70091331314211
              },
              {
                "carrier_i": "Coal",
                "carrier_j": "Wind",
                "theta_deg": 11.025303175854814
              },
              {
                "carrier_i": "Gas",
                "carrier_j": "Hydro",
                "theta_deg": 39.02171928621305
              },
              {
                "carrier_i": "Gas",
                "carrier_j": "Nuclear",
                "theta_deg": 45.880634037410026
              },
              {
                "carrier_i": "Gas",
                "carrier_j": "Other Fossil",
                "theta_deg": 36.42677501499004
              },
              {
                "carrier_i": "Gas",
                "carrier_j": "Other Renewables",
                "theta_deg": 20.037979545167417
              },
              {
                "carrier_i": "Gas",
                "carrier_j": "Solar",
                "theta_deg": -80.42510943466924
              },
              {
                "carrier_i": "Gas",
                "carrier_j": "Wind",
                "theta_deg": 12.995165154356512
              },
              {
                "carrier_i": "Hydro",
                "carrier_j": "Nuclear",
                "theta_deg": 51.83707787829428
              },
              {
                "carrier_i": "Hydro",
                "carrier_j": "Other Fossil",
                "theta_deg": 42.32192533930109
              },
              {
                "carrier_i": "Hydro",
                "carrier_j": "Other Renewables",
                "theta_deg": 24.229847300787892
              },
              {
                "carrier_i": "Hydro",
                "carrier_j": "Solar",
                "theta_deg": -82.21559840367978
              },
              {
                "carrier_i": "Hydro",
                "carrier_j": "Wind",
                "theta_deg": 15.895253350472908
              },
              {
                "carrier_i": "Nuclear",
                "carrier_j": "Other Fossil",
                "theta_deg": 35.58907123544052
              },
              {
                "carrier_i": "Nuclear",
                "carrier_j": "Other Renewables",
                "theta_deg": 19.477589722992153
              },
              {
                "carrier_i": "Nuclear",
                "carrier_j": "Solar",
                "theta_deg": -80.13195023519523
              },
              {
                "carrier_i": "Nuclear",
                "carrier_j": "Wind",
                "theta_deg": 12.614489145353666
              },
              {
                "carrier_i": "Other Fossil",
                "carrier_j": "Other Renewables",
                "theta_deg": 26.2991335752332
              },
              {
                "carrier_i": "Other Fossil",
                "carrier_j": "Solar",
                "theta_deg": -82.90385817255988
              },
              {
                "carrier_i": "Other Fossil",
                "carrier_j": "Wind",
                "theta_deg": 17.365266585807877
              },
              {
                "carrier_i": "Other Renewables",
                "carrier_j": "Solar",
                "theta_deg": -86.47939722686922
              },
              {
                "carrier_i": "Other Renewables",
                "carrier_j": "Wind",
                "theta_deg": 32.323811444698684
              },
              {
                "carrier_i": "Solar",
                "carrier_j": "Wind",
                "theta_deg": 177.7706368023164
              }
            ]
          },
          "metric_tensor_diagonal": [
            4988.616202172224,
            3.4060111145193006,
            30.227445496490095,
            285.03414906228,
            20.88896480001499,
            671.699467358014,
            55689.95507637557,
            1.2347136888888889e+37,
            271798.13348908786
          ],
          "higgins_scale": 0.38837095518631504,
          "metric_tensor": {
            "matrix": [
              [
                4988.616202172224,
                -16.293826587214355,
                -48.5401129791878,
                -149.05567197068427,
                -40.351391752631976,
                -228.81661754874253,
                -2083.4759575056087,
                -3.1022957007258518e+19,
                -4602.8126123528955
              ],
              [
                -16.293826587214355,
                3.4060111145193006,
                -1.2683343858960978,
                -3.8947670816985256,
                -1.0543662661141933,
                -5.978889753016036,
                -54.44042127024272,
                -8.10617872713914e+17,
                -120.2697140525095
              ],
              [
                -48.5401129791878,
                -1.2683343858960978,
                30.227445496490095,
                -11.602703217770593,
                -3.141009105791464,
                -17.811407439995527,
                -162.180699846514,
                -2.4148706207145933e+18,
                -358.2894096015717
              ],
              [
                -149.05567197068427,
                -3.8947670816985256,
                -11.602703217770593,
                285.03414906228,
                -9.64532618888887,
                -54.69479038605651,
                -498.0201262956039,
                -7.415519680541542e+18,
                -1100.2254718904364
              ],
              [
                -40.351391752631976,
                -1.0543662661141933,
                -3.141009105791464,
                -9.64532618888887,
                20.88896480001499,
                -14.806621475833017,
                -134.82080185986842,
                -2.0074817396934405e+18,
                -297.84595544413065
              ],
              [
                -228.81661754874253,
                -5.978889753016036,
                -17.811407439995527,
                -54.69479038605651,
                -14.806621475833017,
                671.699467358014,
                -764.5148907353889,
                -1.138362672304994e+19,
                -1688.9653891765493
              ],
              [
                -2083.4759575056087,
                -54.44042127024272,
                -162.180699846514,
                -498.0201262956039,
                -134.82080185986842,
                -764.5148907353889,
                55689.95507637557,
                -1.0365292888590403e+20,
                -15378.772831736504
              ],
              [
                -3.1022957007258518e+19,
                -8.10617872713914e+17,
                -2.4148706207145933e+18,
                -7.415519680541542e+18,
                -2.0074817396934405e+18,
                -1.138362672304994e+19,
                -1.0365292888590403e+20,
                1.2347136888888889e+37,
                -2.2898992746455653e+20
              ],
              [
                -4602.8126123528955,
                -120.2697140525095,
                -358.2894096015717,
                -1100.2254718904364,
                -297.84595544413065,
                -1688.9653891765493,
                -15378.772831736504,
                -2.2898992746455653e+20,
                271798.13348908786
              ]
            ],
            "eigenvalues": [
              -1.9540633056968413e-30,
              8.86259857669949,
              29.154775923054046,
              235.772135242196,
              629.6171616811218,
              4704.07670846238,
              53605.0755767547,
              269061.2996690513,
              1.2347136888888889e+37
            ],
            "trace": 1.2347136888888889e+37
          },
          "condition_number": 1.90397e+18
        }
      },
      {
        "label": "2002",
        "raw_values": [
          53.72,
          1933.15,
          691.01,
          255.57,
          780.07,
          103.68,
          16.12,
          0.0,
          10.36
        ],
        "index": 1,
        "coda_standard": {
          "ilr": [
            -2.533648947699348,
            -0.6228305907146634,
            0.4209913191750374,
            -0.6719814825894073,
            1.2935708940131918,
            2.816448212697134,
            37.34769135581922,
            -1.8301453880097343
          ],
          "shannon_entropy": 1.3541087946702821,
          "aitchison_distance_step": 0.5229056793032864,
          "clr": [
            3.3713107540489906,
            6.954431458177728,
            5.925679677836937,
            4.931021727116812,
            6.04690904164062,
            4.028834614997919,
            2.1675861194724364,
            -35.15125101251673,
            1.7254776192252912
          ],
          "composition": [
            0.0139761894850768,
            0.5029424926112476,
            0.17977823335969695,
            0.06649096698996794,
            0.20294873662739873,
            0.02697414977313408,
            0.004193897514881572,
            2.6016733963285186e-19,
            0.002695333638596345
          ],
          "aitchison_norm": 37.61969265799632
        },
        "higgins_extensions": {
          "bearing_tensor": {
            "pairs": [
              {
                "carrier_i": "Bioenergy",
                "carrier_j": "Coal",
                "theta_deg": 64.13721077397143
              },
              {
                "carrier_i": "Bioenergy",
                "carrier_j": "Gas",
                "theta_deg": 60.36305274485918
              },
              {
                "carrier_i": "Bioenergy",
                "carrier_j": "Hydro",
                "theta_deg": 55.63981186287486
              },
              {
                "carrier_i": "Bioenergy",
                "carrier_j": "Nuclear",
                "theta_deg": 60.85918424005293
              },
              {
                "carrier_i": "Bioenergy",
                "carrier_j": "Other Fossil",
                "theta_deg": 50.077558046692616
              },
              {
                "carrier_i": "Bioenergy",
                "carrier_j": "Other Renewables",
                "theta_deg": 32.73901316085091
              },
              {
                "carrier_i": "Bioenergy",
                "carrier_j": "Solar",
                "theta_deg": -84.52159299040098
              },
              {
                "carrier_i": "Bioenergy",
                "carrier_j": "Wind",
                "theta_deg": 27.103915708802706
              },
              {
                "carrier_i": "Coal",
                "carrier_j": "Gas",
                "theta_deg": 40.43340341431244
              },
              {
                "carrier_i": "Coal",
                "carrier_j": "Hydro",
                "theta_deg": 35.338449074558355
              },
              {
                "carrier_i": "Coal",
                "carrier_j": "Nuclear",
                "theta_deg": 41.00710397637496
              },
              {
                "carrier_i": "Coal",
                "carrier_j": "Other Fossil",
                "theta_deg": 30.084529933953547
              },
              {
                "carrier_i": "Coal",
                "carrier_j": "Other Renewables",
                "theta_deg": 17.31142923855867
              },
              {
                "carrier_i": "Coal",
                "carrier_j": "Solar",
                "theta_deg": -78.80894639143958
              },
              {
                "carrier_i": "Coal",
                "carrier_j": "Wind",
                "theta_deg": 13.934384933940864
              },
              {
                "carrier_i": "Gas",
                "carrier_j": "Hydro",
                "theta_deg": 39.76534834120913
              },
              {
                "carrier_i": "Gas",
                "carrier_j": "Nuclear",
                "theta_deg": 45.5801329765712
              },
              {
                "carrier_i": "Gas",
                "carrier_j": "Other Fossil",
                "theta_deg": 34.211552601294976
              },
              {
                "carrier_i": "Gas",
                "carrier_j": "Other Renewables",
                "theta_deg": 20.092285090015032
              },
              {
                "carrier_i": "Gas",
                "carrier_j": "Solar",
                "theta_deg": -80.43123530502662
              },
              {
                "carrier_i": "Gas",
                "carrier_j": "Wind",
                "theta_deg": 16.234844087017034
              },
              {
                "carrier_i": "Hydro",
                "carrier_j": "Nuclear",
                "theta_deg": 50.80407983281622
              },
              {
                "carrier_i": "Hydro",
                "carrier_j": "Other Fossil",
                "theta_deg": 39.2501454803426
              },
              {
                "carrier_i": "Hydro",
                "carrier_j": "Other Renewables",
                "theta_deg": 23.729404220303334
              },
              {
                "carrier_i": "Hydro",
                "carrier_j": "Solar",
                "theta_deg": -82.01464901755214
              },
              {
                "carrier_i": "Hydro",
                "carrier_j": "Wind",
                "theta_deg": 19.286112742707964
              },
              {
                "carrier_i": "Nuclear",
                "carrier_j": "Other Fossil",
                "theta_deg": 33.67407131889672
              },
              {
                "carrier_i": "Nuclear",
                "carrier_j": "Other Renewables",
                "theta_deg": 19.72081911958279
              },
              {
                "carrier_i": "Nuclear",
                "carrier_j": "Solar",
                "theta_deg": -80.23920361855765
              },
              {
                "carrier_i": "Nuclear",
                "carrier_j": "Wind",
                "theta_deg": 15.926028252288543
              },
              {
                "carrier_i": "Other Fossil",
                "carrier_j": "Other Renewables",
                "theta_deg": 28.28105767655831
              },
              {
                "carrier_i": "Other Fossil",
                "carrier_j": "Solar",
                "theta_deg": -83.46161736578912
              },
              {
                "carrier_i": "Other Fossil",
                "carrier_j": "Wind",
                "theta_deg": 23.184582516112187
              },
              {
                "carrier_i": "Other Renewables",
                "carrier_j": "Solar",
                "theta_deg": -86.47134952607563
              },
              {
                "carrier_i": "Other Renewables",
                "carrier_j": "Wind",
                "theta_deg": 38.521068873198196
              },
              {
                "carrier_i": "Solar",
                "carrier_j": "Wind",
                "theta_deg": 177.18976446096875
              }
            ]
          },
          "metric_tensor_diagonal": [
            4550.613149725302,
            3.514073313434379,
            27.50256886194486,
            201.05838025397387,
            21.581159438960892,
            1221.6644841572252,
            50537.2784567905,
            1.3132334171022222e+37,
            122355.19531445403
          ],
          "higgins_scale": 0.38371852898536174,
          "angular_velocity_deg": 0.7941401676427837,
          "helmsman_delta": 0.3597903784978902,
          "metric_tensor": {
            "matrix": [
              [
                4550.613149725302,
                -15.807033753410442,
                -44.22130982244164,
                -119.56554877491646,
                -39.17259643417309,
                -294.7276938696508,
                -1895.6183188837094,
                -3.0557367300405395e+19,
                -2949.552828224459
              ],
              [
                -15.807033753410442,
                3.514073313434379,
                -1.228858993695039,
                -3.322588148973702,
                -1.0885610948161175,
                -8.19014133133882,
                -52.67703804176234,
                -8.491538532332087e+17,
                -81.96465764799314
              ],
              [
                -44.22130982244164,
                -1.228858993695039,
                27.50256886194486,
                -9.29517847815301,
                -3.045327680415302,
                -22.91250736556293,
                -147.3677893090301,
                -2.3755687636615644e+18,
                -229.30200421443675
              ],
              [
                -119.56554877491646,
                -3.322588148973702,
                -9.29517847815301,
                201.05838025397387,
                -8.233955004279759,
                -61.9508225326824,
                -398.45293301417564,
                -6.423061280188511e+18,
                -619.9866100568062
              ],
              [
                -39.17259643417309,
                -1.0885610948161175,
                -3.045327680415302,
                -8.233955004279759,
                21.581159438960892,
                -20.296603785144463,
                -130.54292062306314,
                -2.1043518804437778e+18,
                -203.12276838260402
              ],
              [
                -294.7276938696508,
                -8.19014133133882,
                -22.91250736556293,
                -61.9508225326824,
                -20.296603785144463,
                1221.6644841572252,
                -982.1818681561812,
                -1.5832771714677637e+19,
                -1528.2598180190773
              ],
              [
                -1895.6183188837094,
                -52.67703804176234,
                -147.3677893090301,
                -398.45293301417564,
                -130.54292062306314,
                -982.1818681561812,
                50537.2784567905,
                -1.0183261609043286e+20,
                -9829.40309753213
              ],
              [
                -3.0557367300405395e+19,
                -8.491538532332087e+17,
                -2.3755687636615644e+18,
                -6.423061280188511e+18,
                -2.1043518804437778e+18,
                -1.5832771714677637e+19,
                -1.0183261609043286e+20,
                1.3132334171022222e+37,
                -1.5844997793221794e+20
              ],
              [
                -2949.552828224459,
                -81.96465764799314,
                -229.30200421443675,
                -619.9866100568062,
                -203.12276838260402,
                -1528.2598180190773,
                -9829.40309753213,
                -1.5844997793221794e+20,
                122355.19531445403
              ]
            ],
            "eigenvalues": [
              0.0,
              8.712336458758248,
              27.775591141088526,
              172.33948490673464,
              1099.9875853667427,
              4321.977497787537,
              48258.34586032737,
              122230.20994654248,
              1.3132334171022222e+37
            ],
            "trace": 1.3132334171022222e+37
          },
          "condition_number": 1.93315e+18,
          "helmsman": "Wind"
        }
      },
      {
        "label": "2003",
        "raw_values": [
          53.34,
          1973.72,
          649.91,
          267.26,
          763.72,
          132.38,
          16.85,
          0.53,
          11.2
        ],
        "index": 2,
        "coda_standard": {
          "ilr": [
            -2.5533547006491486,
            -0.5671817581222649,
            0.36850243331268057,
            -0.6536892449078102,
            1.066093776897004,
            2.8094306584509905,
            5.668850689292346,
            2.123142051719998
          ],
          "shannon_entropy": 1.3642804198961065,
          "aitchison_distance_step": 31.9254725484145,
          "clr": [
            -0.4409447824718873,
            3.1700440647352326,
            2.0592025905387814,
            1.170590666127159,
            2.2205699286195077,
            0.4680452734650209,
            -1.5932806444273853,
            -5.052509573661725,
            -2.0017175229247073
          ],
          "composition": [
            0.013786828848435349,
            0.5101488532945972,
            0.16798271347743937,
            0.06907888785213406,
            0.19739926749394535,
            0.03421635551098371,
            0.004355231835323128,
            0.00013698948799532686,
            0.0028948721991465297
          ],
          "aitchison_norm": 7.285429014230682
        },
        "higgins_extensions": {
          "bearing_tensor": {
            "pairs": [
              {
                "carrier_i": "Bioenergy",
                "carrier_j": "Coal",
                "theta_deg": 97.91888122391335
              },
              {
                "carrier_i": "Bioenergy",
                "carrier_j": "Gas",
                "theta_deg": 102.08643241975093
              },
              {
                "carrier_i": "Bioenergy",
                "carrier_j": "Hydro",
                "theta_deg": 110.6406749687261
              },
              {
                "carrier_i": "Bioenergy",
                "carrier_j": "Nuclear",
                "theta_deg": 101.23128335310912
              },
              {
                "carrier_i": "Bioenergy",
                "carrier_j": "Other Fossil",
                "theta_deg": 133.29229821428655
              },
              {
                "carrier_i": "Bioenergy",
                "carrier_j": "Other Renewables",
                "theta_deg": -105.46957325387511
              },
              {
                "carrier_i": "Bioenergy",
                "carrier_j": "Solar",
                "theta_deg": -94.9877045480924
              },
              {
                "carrier_i": "Bioenergy",
                "carrier_j": "Wind",
                "theta_deg": -102.42289580162456
              },
              {
                "carrier_i": "Coal",
                "carrier_j": "Gas",
                "theta_deg": 33.00701567146586
              },
              {
                "carrier_i": "Coal",
                "carrier_j": "Hydro",
                "theta_deg": 20.26749252761707
              },
              {
                "carrier_i": "Coal",
                "carrier_j": "Nuclear",
                "theta_deg": 35.01068546222921
              },
              {
                "carrier_i": "Coal",
                "carrier_j": "Other Fossil",
                "theta_deg": 8.398830664225871
              },
              {
                "carrier_i": "Coal",
                "carrier_j": "Other Renewables",
                "theta_deg": -26.68434045895697
              },
              {
                "carrier_i": "Coal",
                "carrier_j": "Solar",
                "theta_deg": -57.89502982860562
              },
              {
                "carrier_i": "Coal",
                "carrier_j": "Wind",
                "theta_deg": -32.27027469314566
              },
              {
                "carrier_i": "Gas",
                "carrier_j": "Hydro",
                "theta_deg": 29.616842261922287
              },
              {
                "carrier_i": "Gas",
                "carrier_j": "Nuclear",
                "theta_deg": 47.15929462975002
              },
              {
                "carrier_i": "Gas",
                "carrier_j": "Other Fossil",
                "theta_deg": 12.805448311702325
              },
              {
                "carrier_i": "Gas",
                "carrier_j": "Other Renewables",
                "theta_deg": -37.730436180324304
              },
              {
                "carrier_i": "Gas",
                "carrier_j": "Solar",
                "theta_deg": -67.82613885076012
              },
              {
                "carrier_i": "Gas",
                "carrier_j": "Wind",
                "theta_deg": -44.188993701846236
              },
              {
                "carrier_i": "Hydro",
                "carrier_j": "Nuclear",
                "theta_deg": 62.203695722132935
              },
              {
                "carrier_i": "Hydro",
                "carrier_j": "Other Fossil",
                "theta_deg": 21.793350110001793
              },
              {
                "carrier_i": "Hydro",
                "carrier_j": "Other Renewables",
                "theta_deg": -53.69510278083425
              },
              {
                "carrier_i": "Hydro",
                "carrier_j": "Solar",
                "theta_deg": -76.95557662067084
              },
              {
                "carrier_i": "Hydro",
                "carrier_j": "Wind",
                "theta_deg": -59.68119714642533
              },
              {
                "carrier_i": "Nuclear",
                "carrier_j": "Other Fossil",
                "theta_deg": 11.902415994859641
              },
              {
                "carrier_i": "Nuclear",
                "carrier_j": "Other Renewables",
                "theta_deg": -35.65980957029804
              },
              {
                "carrier_i": "Nuclear",
                "carrier_j": "Solar",
                "theta_deg": -66.27458748800039
              },
              {
                "carrier_i": "Nuclear",
                "carrier_j": "Wind",
                "theta_deg": -42.032862421039376
              },
              {
                "carrier_i": "Other Fossil",
                "carrier_j": "Other Renewables",
                "theta_deg": -73.62921733327649
              },
              {
                "carrier_i": "Other Fossil",
                "carrier_j": "Solar",
                "theta_deg": -84.70744167916075
              },
              {
                "carrier_i": "Other Fossil",
                "carrier_j": "Wind",
                "theta_deg": -76.8394364024163
              },
              {
                "carrier_i": "Other Renewables",
                "carrier_j": "Solar",
                "theta_deg": -107.50237744465585
              },
              {
                "carrier_i": "Other Renewables",
                "carrier_j": "Wind",
                "theta_deg": -128.5182738176538
              },
              {
                "carrier_i": "Solar",
                "carrier_j": "Wind",
                "theta_deg": -158.38737965688372
              }
            ]
          },
          "metric_tensor_diagonal": [
            4676.475991713383,
            3.4154949534052546,
            31.500561341091718,
            186.2759571594799,
            22.811634476424604,
            759.2415695220272,
            46862.44258939987,
            47366685.140935875,
            106069.05178642288
          ],
          "higgins_scale": 0.3790892228458156,
          "angular_velocity_deg": 34.98837585378893,
          "helmsman_delta": 30.098741438855008,
          "metric_tensor": {
            "matrix": [
              [
                4676.475991713383,
                -15.797784728709736,
                -47.9764947065732,
                -116.66692986136715,
                -40.82700947303852,
                -235.53711795398843,
                -1850.4690608159633,
                -58830.95032971506,
                -2783.964613816873
              ],
              [
                -15.797784728709736,
                3.4154949534052546,
                -1.296570044205163,
                -3.1529366064109015,
                -1.1033544197210723,
                -6.36541650875795,
                -50.0091298177672,
                -1589.912900810146,
                -75.23694977048012
              ],
              [
                -47.9764947065732,
                -1.296570044205163,
                31.500561341091718,
                -9.57519354803792,
                -3.350791163840955,
                -19.33121489385568,
                -151.87336662603053,
                -4828.426844620028,
                -228.4880560400549
              ],
              [
                -116.66692986136715,
                -3.1529366064109015,
                -9.57519354803792,
                186.2759571594799,
                -8.148292618767773,
                -47.00871762203751,
                -369.31834058191833,
                -11741.535922274195,
                -555.6262534647611
              ],
              [
                -40.82700947303852,
                -1.1033544197210723,
                -3.350791163840955,
                -8.148292618767773,
                22.811634476424604,
                -16.450465971384464,
                -129.2411089193991,
                -4108.891859041273,
                -194.438632615346
              ],
              [
                -235.53711795398843,
                -6.36541650875795,
                -19.33121489385568,
                -47.00871762203751,
                -16.450465971384464,
                759.2415695220272,
                -745.6112683481152,
                -23704.81107861461,
                -1121.74552425587
              ],
              [
                -1850.4690608159633,
                -50.0091298177672,
                -151.87336662603053,
                -369.31834058191833,
                -129.2411089193991,
                -745.6112683481152,
                46862.44258939987,
                -186233.99944136507,
                -8812.858902136026
              ],
              [
                -58830.95032971506,
                -1589.912900810146,
                -4828.426844620028,
                -11741.535922274195,
                -4108.891859041273,
                -23704.81107861461,
                -186233.99944136507,
                47366685.140935875,
                -280182.400945268
              ],
              [
                -2783.964613816873,
                -75.23694977048012,
                -228.4880560400549,
                -555.6262534647611,
                -194.438632615346,
                -1121.74552425587,
                -8812.858902136026,
                -280182.400945268,
                106069.05178642288
              ]
            ],
            "eigenvalues": [
              5.348328138012435e-09,
              12.011842170583181,
              30.90607344817464,
              160.0603411713398,
              694.7382651142206,
              4409.085508512321,
              44683.20260260436,
              106139.07211962326,
              47369167.2797682
            ],
            "trace": 47525296.35652087
          },
          "condition_number": 3724.0,
          "helmsman": "Solar"
        }
      },
      {
        "label": "2004",
        "raw_values": [
          53.54,
          1978.3,
          710.09,
          259.92,
          788.53,
          129.86,
          16.95,
          0.57,
          14.13
        ],
        "index": 3,
