SiO2,TiO2,Al2O3,FeO,CaO,MgO,MnO,K2O,Na2O,P2O5
47.31881284,2.033789148,15.11544799,9.573033256,10.55730749,10.50620726,0.163520736,1.492126712,2.728752274,0.511002299
49.51460441,1.790670753,15.96255071,10.39483553,9.178466658,7.234309841,0.204648086,1.524628241,3.796221996,0.399063768
45.60147595,1.932708603,16.50637617,11.34613405,11.47088673,7.542787087,0.219388544,1.420802,3.541557926,0.417882941
44.73966467,2.303448374,15.89074957,9.58711449,11.17223198,9.660276881,0.182652294,1.907701737,3.906729621,0.649430379
50.52453292,3.611793919,13.82830088,13.7937839,8.94832089,4.636488262,0.213055259,0.872512014,3.043646561,0.527565404
49.75154242,1.628679276,18.61201412,8.691527879,10.80664551,6.494230573,0.112675925,0.57362289,3.093466298,0.235595115
48.82942163,3.874706909,15.00181026,13.22482301,8.997028871,5.031033055,0.162291389,1.06503724,3.296543837,0.517303802
48.38464438,2.051935724,15.18432436,10.88443149,11.43954166,7.612681537,0.164154858,0.851553326,3.016345515,0.410387145
48.56243619,2.110969013,15.48720536,11.24796144,10.34171839,7.814644904,0.060893337,0.862655606,3.085262404,0.426253358
48.19541446,1.87538642,17.09021496,10.60658063,10.38520437,7.672951967,0.161323563,0.67554242,3.03489953,0.302481681
47.96761586,2.418110144,16.20842029,11.46074533,9.884910503,7.001390039,0.182117082,0.870114947,3.510812635,0.495763168
47.72403711,2.378578208,16.40609071,11.47419825,10.11403981,7.074745438,0.182967554,0.792859403,3.395064621,0.457418886
50.39376277,3.188837942,15.19506587,12.0083194,7.7746906,4.059441316,0.253082376,1.305905062,5.031277641,0.789617014
47.62603024,3.363293113,14.10558383,15.43398787,9.74117671,5.365521121,0.224969439,0.787393037,3.003342011,0.348702631
44.97723642,2.812995228,9.482351186,14.09624028,13.13413045,13.19550489,0.163665177,0.623973487,1.309321415,0.204581471
51.52879774,3.457335967,14.16058564,13.02833295,8.363854675,4.668438686,0.207026106,0.569321791,3.415930746,0.600375707
52.38241642,3.175316721,13.75283281,12.23548297,8.391908477,4.690808792,0.216498867,0.773210241,3.824813323,0.556711373
46.92270049,2.167907975,15.42549905,11.73070847,10.97503412,10.05784229,0.166762152,0.187607421,2.15748534,0.20845269
47.05463427,3.452988794,14.82333355,13.87959902,7.866276246,5.526825259,0.265614523,0.919434886,4.59717443,1.614119022
48.40070109,2.127953039,16.03126159,11.42395476,11.7242028,6.649853246,0.163688695,0.450143912,2.619019125,0.409221738
47.04562707,2.742889075,15.39065537,12.4612031,9.965830307,8.177872984,0.19301812,0.558736664,3.088289922,0.375877392
50.50961258,1.960536546,15.66365514,10.80590579,11.2472886,5.86097241,0.196053655,0.54688651,2.889211751,0.319877015
45.98810581,2.379056522,16.28658077,12.06923252,11.32933965,8.017525283,0.199128079,0.555462536,2.892597357,0.282971481
52.41387515,4.020956498,13.23480656,12.1552343,8.345000169,4.313940765,0.222263927,1.293171939,3.263238565,0.737512122
49.71753197,3.907395063,12.85166657,14.1390637,9.229185734,5.535476339,0.264563207,0.580003955,2.706685122,1.068428337
48.07011349,2.486927941,16.1702783,11.92917212,10.32547297,7.376836888,0.19937397,0.975883116,2.067193267,0.39874794
43.58229164,3.777336122,13.43506577,20.12465454,9.800655884,5.625168117,0.285852463,0.153135248,2.776852501,0.438987712
50.75843006,3.183104565,14.58587155,11.59833653,9.065804139,4.10983121,0.261901009,1.087896497,4.613486995,0.735337447
47.17789826,2.430592301,15.76325551,12.2444311,11.40039318,7.779929332,0.233906372,0.335604795,2.318724036,0.31526511
44.66779885,2.957457001,14.59352058,14.26434134,12.13577183,7.964737649,0.214160679,0.356934466,2.518937515,0.326340083
44.99323698,2.714137901,14.97384759,14.61219742,10.90776175,9.074438417,0.215082626,0.307260895,1.843565367,0.358471044
48.67226229,0.582403139,15.72488474,13.06593153,10.88885868,8.476045676,0.218401177,0.145600785,1.872010088,0.353601906
46.26749433,1.044509202,15.13472517,10.21484169,10.71154845,15.0281426,0.181190372,0.266456429,1.065825716,0.085266057
53.56114975,2.161203606,15.90319635,8.852257349,9.072977403,5.912726847,0.183498419,1.661680131,2.385479452,0.305830699
42.67415631,2.431195924,15.19240997,14.60039633,11.4584213,10.18640318,0.205164213,0.543685165,2.420937714,0.287229898
46.20899298,2.386284977,15.91530743,12.32424986,10.76861653,8.513779451,0.182004786,0.566237113,2.730071795,0.404455081
47.06842563,2.587744613,15.43477594,12.43438998,10.82981308,7.78360978,0.193571447,0.621466226,2.628496496,0.417706808
45.68637209,2.525634268,15.48101328,11.83798115,11.9021793,8.589201558,0.184054319,0.664640597,2.842616706,0.286306719
47.05545717,2.528073423,15.19965132,11.11169001,11.50637533,8.562158137,0.187264698,0.603408471,3.245921432,0.0
47.23824645,2.492286113,14.94324489,11.05261243,12.12633327,7.717709517,0.188492227,0.764440698,3.476634409,0.0
50.110605,3.104378106,12.53021262,15.92565435,7.99146839,4.887090285,0.276627752,0.409818892,4.210889113,0.553255504
49.26904065,1.586371588,21.04993068,6.55661207,13.43331325,5.430271972,0.122028584,0.050845243,2.318543089,0.183042876
50.62493842,3.022384383,14.18505737,13.19712051,9.32909313,4.805591169,0.221641521,0.453357658,3.62686126,0.533954574
51.38329588,3.293151481,13.92243118,13.60797068,8.683787136,4.640810395,0.233053797,0.455974821,3.242487612,0.537037011
48.2068193,2.733636332,15.69571267,11.83770649,10.86393479,7.272884853,0.221918817,0.373227101,2.017443787,0.776715858
45.78234392,2.23502749,14.13476289,11.91542346,11.37924955,11.2771935,0.173495285,0.469457829,2.347289144,0.285756939
47.38538834,2.214554,14.23786316,11.49873694,11.24467602,10.18290355,0.192130256,0.303363562,2.45724485,0.283139324
45.67052165,2.438766918,14.31494699,12.4298232,11.83519239,9.601363873,0.194691477,0.686543628,2.469507677,0.358642194
45.94416694,2.491817212,14.63170355,12.95114582,11.6147513,8.700766712,0.195638541,0.658992982,2.43003662,0.380980318
46.76648263,3.914956039,14.27031903,14.3780858,9.574400261,5.334888281,0.263701702,0.77082036,3.4382645,1.288081391
47.58959699,2.790499231,14.33530832,12.13453325,11.40377303,7.887945479,0.191406084,0.715254315,2.740129208,0.211554093
47.71494527,3.592320423,14.22721252,14.41347332,8.656071527,5.114490093,0.263842743,1.024927578,3.663355007,1.329361512
44.66652978,4.181113519,14.66449083,16.08199233,10.02447461,5.88415244,0.265143784,0.683255136,2.906383787,0.642463785
45.63008562,3.591725143,14.98407024,14.40564871,10.02647779,6.040168761,0.202350712,1.173634131,3.510784858,0.435054031
48.81190789,2.416929625,14.58214207,11.14762465,10.87618331,8.670735031,0.201410802,0.604232406,2.336365304,0.352468904
47.16302332,3.604688802,14.78123788,13.95064106,9.938066613,6.524688111,0.211448226,0.644413641,2.879723456,0.302068894
46.30650602,4.072003779,14.03136277,15.38055202,9.648442451,5.917443915,0.230680017,0.902660936,3.129224579,0.381123506
48.07391387,2.220341686,14.95967769,11.17628579,11.57390779,8.439307764,0.180842309,0.673135262,2.561932714,0.140655129
50.46581019,3.207268749,14.55054832,13.68040913,8.42292304,4.344670765,0.16394984,1.516536022,3.156034424,0.491849521
49.43727807,3.435715954,15.69731301,12.95500477,7.601778713,4.567239173,0.205731494,1.717857977,3.734026621,0.648054207
49.09618043,2.203360684,16.4946029,12.38581058,9.190870261,6.059241881,0.18361339,0.642646866,3.396847721,0.346825293
52.31180033,3.045900058,13.39991603,13.45759802,8.432441436,4.384869547,0.224865105,1.604719158,2.688160118,0.44973021
52.01144622,2.738516155,13.77402363,12.86632057,9.121600277,4.479357279,0.254508936,1.150380392,3.298435815,0.305410724
51.93501544,3.282366599,13.41577875,13.25758299,8.558694216,4.519644974,0.173832499,1.441787198,3.006279689,0.409017645
50.53356596,3.558268545,13.94595164,13.28899478,8.982833559,4.799048066,0.194833148,1.292051402,2.932751596,0.471701306
47.41163483,3.226204616,15.84912171,13.77994265,8.571889935,6.316678941,0.208815833,0.783059373,3.320171741,0.532480374
46.45183126,3.241550291,15.27268887,15.49112157,8.384394504,6.59738601,0.238960438,0.612985472,3.210381539,0.498700045
47.49395711,2.025261538,16.11814364,12.2001902,10.07383978,8.636218892,0.188884496,0.419743324,2.560434277,0.283326744
51.5158898,3.355480534,13.74100157,13.08687843,8.759245198,4.549455203,0.226443472,1.214560439,3.015815327,0.535230024
46.01189829,1.83603716,12.67067403,9.913121748,10.98595861,15.05146947,0.16140986,0.67590379,2.340442974,0.353084069
47.73386802,2.60127313,15.34447496,11.04050763,10.20265881,8.562945789,0.182190336,0.890708309,2.894802004,0.546571008
49.07163706,2.050602713,14.53785505,12.07913343,12.0791722,6.978170426,0.204040071,0.244848085,2.519894876,0.234646082
51.28103517,3.157773757,14.47733336,13.54963794,8.070987238,4.428954247,0.221952149,1.341801628,2.945910342,0.524614171
49.5835362,3.261681017,14.53293346,13.11161058,9.705246575,5.545855185,0.239389433,0.63837182,2.952469667,0.428906067
50.2398571,2.782044825,14.32804038,13.30822224,10.00720886,5.339895562,0.214003448,0.774488669,2.690329062,0.315909852
49.29592995,3.65864293,13.75770689,14.49056028,9.322988183,4.948742917,0.221735935,0.655128899,3.21517106,0.433392964
47.63112385,2.935194627,16.34599767,14.211346,9.412865529,5.151772639,0.232791298,0.657888451,2.945315988,0.475703957
49.46886143,2.626753595,14.64190407,12.76781026,10.99640954,6.282235785,0.249691406,0.359555625,2.327123908,0.279654375
50.93105708,3.301180508,13.95177817,13.84625548,8.631527017,4.411669364,0.252383831,0.948963204,3.200226976,0.524958368
52.825122,2.940361877,13.90081425,12.94501008,7.8274461,4.380125279,0.212922757,0.699603343,3.63996522,0.628629091
49.96491577,4.211984509,14.53234466,12.5464259,9.292316536,5.469591258,0.199620119,0.509031303,2.724814623,0.548955327
54.13890582,1.442902543,17.37495145,8.996938241,8.196488055,4.589231699,0.150302348,1.482983169,3.33671213,0.29058454
46.23270652,2.0977836,16.25273119,13.51225187,11.55817663,6.670137175,0.224035142,0.376786375,2.830989518,0.244401973
47.01473681,2.160052757,16.12288183,14.29034681,9.942443792,7.089933931,0.217038794,0.361731323,2.563124803,0.237709155
48.21550938,3.21237203,14.52550831,12.59754238,10.91408385,6.604317652,0.189549902,0.61853126,2.713556497,0.409028737
51.16513703,2.453603165,16.02353088,12.51152142,8.081868385,4.656838661,0.210308843,1.101617748,3.405000311,0.390573565
54.34600131,1.760691698,17.15650748,9.303904395,7.820746845,4.24818055,0.153548695,1.42288457,3.480437077,0.307097389
50.54045718,3.458774304,14.41996284,13.69198463,8.167950981,4.174730502,0.252097253,1.02855679,3.388187074,0.877298439
48.86945626,1.940226551,15.50160172,10.03209903,12.16683733,7.912486405,0.171790893,0.636636837,2.445493882,0.323371092
47.79706155,2.351513189,14.24199075,11.20481721,10.30576215,9.968371125,0.194255437,0.817917631,2.760472004,0.357838964
47.06139591,2.882345577,17.13168779,12.61621333,9.773587289,5.80528757,0.142087458,1.116401456,2.943240201,0.527753415
46.97598644,2.551378799,15.10416249,13.95730139,10.57291374,6.164131178,0.122466182,1.122606672,3.061654559,0.367398547
47.9071526,3.159833469,13.51593284,15.55090229,8.786375646,4.933417416,0.193667213,1.579916735,3.771414141,0.60138766
46.89732648,3.142233831,11.09023705,18.11708312,9.601270038,5.709418333,0.195106022,1.386279631,3.388683543,0.472361948
48.10172006,3.41465983,12.10466239,16.05457526,10.41777954,5.029977953,0.102235324,1.022353243,3.220412714,0.531623686
47.27368695,2.213585085,14.76734159,11.32519657,10.52210992,9.137355785,0.1819385,0.990554056,3.103062197,0.485169334
48.0291536,2.26092755,15.9198339,11.18080945,10.6408792,7.342828925,0.176310864,0.923039229,2.986913461,0.539303819
45.94696416,2.439135344,15.5569242,12.38943132,11.36280123,8.616295177,0.178473318,0.475928848,2.677099767,0.356946636
47.94063879,1.833409594,14.46580317,10.63639279,11.05082596,10.27515267,0.161178865,0.614494425,2.649377601,0.372726126
47.90942897,1.940225767,14.36979709,10.61824526,11.1664035,10.20639596,0.161685481,0.626531237,2.62738906,0.373897674
48.13439049,1.991627725,14.5307533,10.61046377,10.60846605,10.10039775,0.162581855,0.670650152,2.763891537,0.42677737
48.38830225,2.075528524,15.22054251,10.50809366,10.57095165,9.329704197,0.17296071,0.640972044,2.736848887,0.35609558
47.68301644,2.125737686,14.94061132,10.77946469,10.99137353,9.268619296,0.191417138,0.816041482,2.790660375,0.413058034
47.82969054,2.006840163,15.32496124,10.93886611,10.39908084,9.122000739,0.172304458,0.800708954,2.969718019,0.435828924
48.31281119,2.127107129,15.1543661,10.42741704,11.05281503,8.681446798,0.173018283,0.85491387,2.829357807,0.386746751
48.66576574,1.905101434,15.4121698,10.29895416,11.10805175,8.275599352,0.161278428,0.846711749,2.983650924,0.34271666
48.54580247,2.038298087,15.30741682,10.68823579,11.18036773,8.163282934,0.171539938,0.716431506,2.825363685,0.363261045
48.36856023,1.988029806,15.35086933,10.42593539,11.47728548,8.126328022,0.163961221,0.7788158,2.992292286,0.327922442
48.42626674,2.094491687,15.54173542,10.79691442,10.47245844,8.276783576,0.172011395,0.809465386,2.964666978,0.445205963
48.26837288,2.253265052,15.57076881,11.0313956,10.31651847,8.063253414,0.171773569,0.737615914,3.051506931,0.535529362
48.11412751,2.243456404,15.64410224,11.11305544,10.20572355,8.012344298,0.170262316,0.791219,3.174891428,0.53081781
48.69792008,2.228668531,15.22755422,10.98435691,10.53827428,7.805382095,0.181520514,0.806757839,3.005172951,0.524392596
48.56805964,2.248615066,15.48708304,10.85558021,10.35173242,7.768863764,0.182320141,0.860956219,3.119700181,0.557089318
48.02537543,2.060695669,16.17087784,10.93328176,11.03436548,7.562651594,0.162419363,0.751189554,2.893094905,0.406048408
48.4143289,2.248312233,15.64744657,10.8841622,10.39466329,7.702737876,0.171396,0.917472705,3.175867056,0.443613176
47.83625276,2.453656858,15.38563521,11.63818521,10.17664238,7.491698193,0.191063444,0.955317219,3.408974077,0.462574654
48.87679977,3.017341551,15.3967086,11.39142536,10.89136299,5.931349486,0.196333868,0.733668665,3.234342142,0.330667567
51.46273265,2.3678548,15.5587369,11.3426383,8.77020898,5.375945018,0.203249339,1.189008634,3.404426429,0.325198943
50.24451591,2.674190945,16.20660626,11.58014694,8.950971202,4.985095573,0.181643159,1.30177597,3.481493872,0.393560177
49.68693488,3.11618325,14.63999079,13.18192055,8.761736022,5.382498341,0.202349562,1.234332326,3.389355159,0.404699123
49.09715041,3.181284612,15.187088,13.43663782,8.865044699,5.30889534,0.212761073,1.134725722,3.171153132,0.405259186
49.30769072,3.14235488,14.71147494,13.40842019,8.800614471,5.365242576,0.2020807,1.313524548,3.34443558,0.404161399
49.63202857,3.046959127,14.98172594,13.24770859,8.9586672,4.828569779,0.192332968,1.255225687,3.421502275,0.435279875
47.8261497,2.995459228,15.45292649,12.60545307,9.381049677,5.667085026,0.192276099,0.850062754,4.503308637,0.526229324
49.22725673,3.608174469,14.67594559,13.22137695,8.797459099,4.277105691,0.233112396,0.98312619,4.114940546,0.861502331
48.55086406,3.909185133,13.76316735,13.87639801,9.205827165,4.344664306,0.263312988,0.921595459,4.223135234,0.941850304
50.11397393,3.162434242,15.05439943,11.6539137,8.21424613,4.203107491,0.171761604,1.313471091,4.849739412,1.262952972
48.39821536,1.94277362,15.28046816,10.34049413,11.36472237,8.80791149,0.171125138,0.614037258,2.727936016,0.35231646
50.84198671,1.885301171,15.57156859,10.22909181,9.589558929,7.510632232,0.163053074,0.896791908,2.975718605,0.336296966
49.02015151,2.191916934,13.71715758,10.67685971,11.02019067,9.151505723,0.181817995,0.818180975,2.868683913,0.353534989
49.66748472,2.075472055,14.56940284,10.67250473,9.051935051,9.277976562,0.17466844,1.181580625,2.948814256,0.380160723
47.60798726,2.393472955,16.24142362,11.88399146,9.976156182,7.240758519,0.181018963,0.764302288,3.308624379,0.402264362
47.65662628,2.284217518,15.90902157,12.26390952,11.06889546,7.063967831,0.171064748,0.462881083,2.898038085,0.221377909
47.31774349,2.178310442,18.21309564,10.69935665,11.32519734,6.171879585,0.161356329,0.494153758,3.146448416,0.292458346
49.10284809,2.041698465,16.82359535,10.58381571,10.89246131,6.135303888,0.183752862,0.735011448,3.154424129,0.347088739
47.7914408,2.420709801,16.05101354,11.72946999,9.964083497,6.89048516,0.180799902,0.783466243,3.776709067,0.411821999
48.97544645,2.101994073,17.04950748,11.33037561,9.687450947,6.336445903,0.182782093,0.700664691,3.361159605,0.27417314
49.57109741,2.332638725,16.53043114,11.18806238,9.370946914,6.260761947,0.19186206,0.817938254,3.423223065,0.313038097
47.66450004,2.139050383,20.00819297,9.332515382,11.72441766,5.166008471,0.141258044,0.504493015,2.996688508,0.32287553
49.07624099,2.571238699,15.88296661,11.81866021,9.616837653,6.175022072,0.182213766,0.961683765,3.350708698,0.364427532
47.56494267,2.646987039,16.39717543,12.56860369,9.426102699,6.415407518,0.191957075,0.838549329,3.495639372,0.454635178
47.35158617,2.583919211,16.18242737,12.68379671,9.545301555,6.292603255,0.20266033,0.942370536,3.769482143,0.445852727
47.54622819,1.952430221,19.76709146,10.03646654,12.2406247,4.774855256,0.141627063,0.475462282,2.771843941,0.293370344
50.38688977,2.282014935,17.38388266,10.79857175,8.904929392,5.071144301,0.172418906,0.953375129,3.661366185,0.385406967
49.7952476,2.767524917,16.27183446,12.08563183,9.312620342,4.413899229,0.181808206,1.191853797,3.595762301,0.383817324
48.43989144,1.639813563,16.96150716,9.689531583,11.65977864,7.253408458,0.1710235,0.714274619,2.937580125,0.533190913
48.79740525,1.755448349,16.85433357,10.05610311,11.47637042,6.788410088,0.182647805,0.761032521,3.013688783,0.314560109
48.90966485,2.30187094,17.96681566,10.75666735,10.6028657,4.776891465,0.183334854,0.825006841,3.289842096,0.387040247
48.06792467,2.971063314,14.73279849,13.15510466,10.7101217,5.492893686,0.22461647,0.796367486,3.348827378,0.500282139
49.37322972,2.950833815,15.11922068,13.31038389,8.457028873,4.644267655,0.243367737,1.216838687,4.177812825,0.50701612
49.60598386,3.164397253,14.91932166,13.16163692,8.610811756,4.533607603,0.243415173,1.115652878,4.077204153,0.567968738
49.59390823,2.936947802,15.01894341,13.31953022,8.304473095,4.435803922,0.243057749,1.458346495,4.121854329,0.567134748
49.20028893,3.61159839,16.71654112,11.43328862,8.84325663,4.674440202,0.227014756,1.052522959,4.241048395,0.0
48.63538792,2.759889604,13.72789533,11.70397629,10.93734028,9.056526628,0.204436267,0.705305121,2.269242564,0.0
48.41457158,3.683940482,17.0343766,12.56028733,7.952796306,5.500256542,0.205233453,0.985120575,3.663417137,0.0
48.84863371,3.735543957,16.93787739,12.40405281,8.320540375,5.025074199,0.20468734,1.074608536,3.448981681,0.0
50.26672138,3.744357817,16.13664341,12.70004103,7.416906032,4.667624128,0.194911777,1.07714403,3.79565039,0.0
46.9667319,4.552477083,16.65465032,12.28756824,10.3924194,4.779070965,0.195694716,0.906375528,3.265011845,0.0
48.87790817,3.40745316,16.75931645,12.73419806,8.214947499,4.982499485,0.205888409,1.070619724,3.747169034,0.0
49.24437134,2.549604195,14.59854015,11.44237689,11.38069292,7.710496556,0.236455228,0.616839725,2.220623008,0.0
48.78224232,2.641044086,16.1545576,11.07799815,10.02980166,7.070188059,0.205528723,0.924879252,3.113760148,0.0
49.21214651,3.527079203,13.02306167,14.3587603,9.464677032,6.261087342,0.219138057,0.980903684,2.953146196,0.0
45.7559145,3.437253851,15.97312084,12.27925981,11.01943146,8.08765612,0.161753122,0.545916788,2.335310705,0.404382806
46.31692428,3.502704707,18.29528662,11.50848049,10.66040563,5.746466274,0.152291509,0.507638363,2.873233137,0.436568993
49.59811165,2.751516698,18.37042031,10.54535971,7.748756583,4.875849442,0.171969794,1.224020296,4.046348085,0.667647434
45.76110025,3.432082519,17.79371354,12.6555428,10.65375615,6.026573471,0.173647032,0.429010315,2.747708922,0.326865002
45.8381444,3.33609464,18.20058972,12.46577366,10.70202837,5.794806592,0.163233989,0.42848922,2.734169308,0.336670101
46.62127752,3.005858886,15.95339294,13.76434574,10.24632303,5.839083985,0.203098573,0.69053515,3.36128139,0.314802789
47.32009292,1.760841781,14.5218848,10.91557357,9.79594738,12.14373642,0.182156046,0.637546162,2.448986845,0.27323407
47.75918888,2.095855861,16.17960225,11.13368651,9.841410131,9.082042065,0.172123428,0.779617881,2.652725776,0.303747226
48.05630211,1.987977039,16.52252346,10.91631461,9.453033677,9.179179697,0.17242658,0.73027728,2.667540619,0.31442494
48.91520195,2.74482289,15.97732727,11.98131374,10.12921582,4.946826328,0.194595653,1.30071831,3.400302983,0.409675058
48.99006226,3.04286101,16.01559178,12.93360364,8.773582579,4.939577706,0.202857401,1.349001714,3.357289981,0.395571931
49.33862372,2.732569442,17.28934272,11.77559254,8.990051883,4.9673846,0.172690262,1.086932827,3.240481978,0.406330029
49.96217916,2.560865342,17.38959153,10.97703288,8.765649747,4.969900722,0.172073956,1.214639688,3.481967105,0.50609987
50.31796413,1.995209583,18.09940122,10.34790408,8.978443125,5.649700606,0.162874252,0.916167666,3.288023956,0.244311378
50.39069178,2.438585687,17.29270929,10.69312336,8.651413951,4.93788305,0.172016418,1.305301052,3.683175062,0.435100351
50.52519935,2.556183545,16.86878268,11.12190389,8.540898987,4.473321204,0.182584539,1.572255752,3.753126633,0.40574342
50.47832262,2.633299334,16.93414033,11.46037393,8.386045572,4.699426504,0.182305339,1.336905816,3.494185655,0.3949949
50.52814414,2.551210644,16.92708014,11.10245769,8.544530886,4.758210327,0.17210548,1.569197023,3.431985747,0.415077922
50.74082414,2.390663705,16.5928269,11.71765176,8.357193035,5.034575683,0.192468688,1.2763713,3.423916662,0.273508136
50.83327991,2.359863363,16.4684027,11.69249502,8.203816841,5.003315456,0.19243521,1.266021117,3.696781663,0.28358873
40.52957648,3.482931378,9.122445267,13.58482757,15.05557837,11.82576701,0.182246409,2.865318547,2.93619215,0.415116821
40.82676287,2.837781082,7.705507756,14.46264979,17.37881991,11.73432834,0.217494171,2.029945592,2.299224089,0.507486398
50.67467143,1.925637514,14.35106695,10.84298309,11.65517443,6.790405971,0.192563751,0.49661178,2.776971994,0.293913094
45.48613031,2.948644224,14.44936998,11.74332925,10.30505559,9.048588631,0.212788758,1.367927733,3.485682519,0.952483014
46.46822064,2.57424821,14.77659012,11.01614455,10.34766702,9.212565445,0.253370887,1.246584763,3.476248567,0.628359799
48.86204412,2.360044834,15.70999801,9.396562061,9.480695127,8.174060863,0.172192112,1.914371131,3.29190803,0.638123711
45.26152776,2.231130654,14.82687734,10.43024576,11.69315293,10.21249349,0.223113065,1.166272842,3.184431933,0.770754226
45.91161478,2.290007711,13.4563285,10.83155814,11.85534966,11.520968,0.20265555,1.053808858,2.310273266,0.567435539
52.21816085,2.193528344,16.86782676,11.47691401,6.875086523,4.976059669,0.13201791,1.533438796,3.219205949,0.507761191
45.91946843,2.292423209,13.13578785,10.78822071,11.68527228,12.11129784,0.202869311,0.527460207,2.779309554,0.557890604
46.34539018,2.236805248,13.60301472,10.80106494,11.43705851,11.08281333,0.202425814,1.062735525,2.712505911,0.516185826
45.87172203,2.265769732,13.48335291,10.69428141,11.45022918,11.36930883,0.202300869,1.122769823,2.99405286,0.546212346
47.60048575,1.560007407,15.15435767,11.48477453,10.89979201,9.400564115,0.202598365,0.810393458,2.51221972,0.374806974
50.02797207,1.449645391,16.27049548,9.969925028,10.15765512,7.288776478,0.162198086,0.84140257,3.335198138,0.496731638
47.04094773,1.948262428,15.69714028,10.76352405,10.6498283,8.772228236,0.232176352,1.03974627,3.199995801,0.656150559
47.20202112,2.017440336,14.83173473,9.833596249,11.35443807,8.384035968,0.202757823,1.439580541,3.821984958,0.912410202
47.33028917,2.015132123,14.79451272,9.886126808,11.05791095,8.830126691,0.202525842,1.407554599,3.564454811,0.911366287
47.25532116,1.509981311,14.37015771,10.40439752,12.07985049,9.22203351,0.192547952,1.043812584,3.253046985,0.668850782
46.93003056,1.51321674,14.26892295,10.34444713,12.33931771,8.967586451,0.203116341,1.594463276,3.036589296,0.802309547
46.78170772,1.522181379,14.22732196,10.08981986,12.28907767,8.869243503,0.192809641,1.572920759,3.663383186,0.791534317
47.10674697,1.55029733,14.54037038,10.27527545,12.63542987,8.876212163,0.202653246,0.952470255,3.029666024,0.830878308
49.79674283,3.242294066,13.18329002,15.11918836,9.227283427,4.261883395,0.295680905,0.825867357,3.007788521,1.039981116
50.22578329,3.872121294,12.5513643,15.18936431,8.709732149,4.420925887,0.264239248,0.802880793,3.201360125,0.762228601
47.04200139,3.527133639,12.51268447,17.52402781,9.747899597,5.448252538,0.284610207,0.589549715,2.815608121,0.508232513
47.5619655,1.823038935,15.68424558,10.53869273,13.12791724,8.361536119,0.173137776,0.234245226,2.260975662,0.234245226
47.27097325,4.558199746,12.00597254,16.40587252,10.37804406,5.066927396,0.264538378,0.702044157,2.686081993,0.661345945
47.62276333,2.037337469,14.62808303,12.19075509,10.94050221,9.483805918,0.203733747,0.30560062,2.30219134,0.285227246
48.00056376,2.557199964,14.88836185,12.1050953,11.59331367,7.449234679,0.202150195,0.37397786,2.425802338,0.40430039
47.8661745,2.703439097,14.56796615,12.42897657,11.67069557,7.314588047,0.204033139,0.397864622,2.427994359,0.418267936
47.84789085,3.113143854,15.31913362,12.64703286,11.69226965,5.599549176,0.205488043,0.38015288,2.71244217,0.482896901
49.18299467,1.002273545,15.8318311,10.59208614,11.87387332,8.805689003,0.173863778,0.071590968,2.393183771,0.072613696
49.58216649,1.133769426,15.5387149,11.30380062,11.21621896,8.483024809,0.192335885,0.091106472,2.368768264,0.090094178
49.20264886,0.993062201,15.99137277,10.74111229,11.53794949,8.814706756,0.184279584,0.061426528,2.405872343,0.067569181
49.36549559,1.035001141,15.84972335,10.88335764,11.62854223,8.584421228,0.18264726,0.08117656,2.313531962,0.076103025
49.52056613,1.12800797,15.66000254,11.15565331,11.38170204,8.404167492,0.193082445,0.10162234,2.357638281,0.097557446
45.50442264,3.427866199,15.05454687,14.36348303,10.97518564,5.923593344,0.210483012,0.831909048,2.826486164,0.882024051
47.84314521,3.377988673,13.65228657,14.77845787,9.722994103,4.821402231,0.260616337,1.443413558,3.217609389,0.882086063
48.64455919,2.424713352,16.72250655,11.64825481,12.63456007,4.148063337,0.15029215,0.961869759,2.284440679,0.380740113
47.69373812,3.237721188,14.71509196,14.30563952,9.622948423,5.021976208,0.210501997,1.012414365,3.748940323,0.431027898
44.28506278,1.427897062,12.44599638,11.7235554,12.213077,14.00554352,0.192411661,0.63799656,2.491224661,0.577234983
46.49109675,2.76601481,15.04271098,13.67227691,10.50283884,7.626584313,0.18039227,0.831808802,2.445317441,0.440958883
48.35011107,2.544742688,17.20205982,11.15441671,9.517738399,5.650531008,0.170317424,1.522838144,3.316180432,0.571064304
48.44738427,1.682760643,15.66881916,9.54405812,13.6031549,7.355780057,0.171298988,1.16886368,2.03543503,0.322445153
48.45806167,1.633305222,15.88213973,10.93977416,11.87402876,8.176546386,0.150304162,0.400811097,2.254562423,0.230466381
46.10609247,2.645513674,16.1035624,12.52769372,11.39374639,6.052614617,0.220459473,1.072234709,3.026307309,0.851775236
47.28950658,3.176684379,15.06169281,12.60610577,10.77266785,5.912440958,0.200421727,1.042192983,3.216768725,0.721518219
49.08524269,3.437369996,16.52543185,12.27190394,9.70079929,4.088766643,0.16034379,0.9921272,3.317112154,0.420902449
46.31580197,2.726227686,15.56555734,13.12153832,11.94729192,6.675248671,0.190435022,0.771762985,2.235105786,0.451030316
47.91465327,3.287179727,16.83677421,12.51892734,8.648890561,4.499828345,0.150328341,1.032254609,4.690244244,0.420919355
44.03025219,4.679912187,15.08772761,14.45968946,9.696268161,6.687081491,0.223599287,1.124265576,3.291297921,0.719906117
48.60324334,1.849702911,15.3188103,11.25513768,12.24278501,6.877624637,0.189058032,0.721486329,2.697909219,0.244242539
46.02645317,4.800166082,11.84095834,14.02394343,10.54472832,6.964664461,0.197520765,1.771514358,2.993674089,0.836376988
46.34834956,2.641979962,8.496508328,11.04920673,16.00072371,11.41136885,0.167449434,1.211424302,2.284341047,0.38864807
47.94188626,1.888989662,15.45167096,11.34972533,12.59326441,6.713695084,0.200393626,0.695782945,2.878751074,0.285840654
48.20464751,2.612695965,14.84393852,12.45942411,11.13041038,6.145126023,0.207550614,1.05606636,2.869082017,0.471058501
47.47071523,2.32459688,14.97733691,11.36658748,10.87870557,7.656895863,0.174344766,1.263234883,3.007702103,0.87988031
48.20435485,2.14058621,15.36488083,10.90839028,10.2192409,7.790498852,0.185243037,1.132040784,3.735734588,0.319029676
48.45331213,2.856749743,15.68173263,11.02034976,9.036243868,5.318417075,0.246166733,1.720128037,4.53838257,1.128517452
46.10641088,1.98814897,13.73059049,10.2211914,12.64632984,10.92367273,0.171252383,1.051834165,2.735984822,0.424584311
45.56537524,1.939168153,14.68082277,9.857108486,13.34066468,10.3557671,0.17361139,0.994965859,2.670163478,0.422352854
46.52633145,2.877675532,15.26055511,11.42757495,10.6905493,7.008022298,0.204018116,1.460769713,3.651924284,0.892579259
46.5985347,2.931939363,16.03324556,11.33002471,10.97817769,5.841411757,0.202202715,1.382739776,3.798960094,0.902763635
49.57825933,2.537032231,15.1514395,11.39591819,9.966190356,5.528910877,0.212261661,1.162385285,4.00264846,0.464954114
47.98616601,1.959655108,15.98185047,10.42446962,11.75793065,7.757391205,0.172612108,0.507682671,3.218708131,0.233534028
46.53148658,3.206269027,14.15425726,14.05981437,10.91754897,6.300927424,0.223221261,0.862445783,3.145390501,0.598638837
46.85651542,3.399812144,14.06608845,14.35518006,10.2400312,5.673119368,0.213122552,1.055464069,3.501299073,0.639367657
47.07344667,2.996691145,13.89652029,14.12194258,11.17410257,6.074648491,0.213323776,0.772028905,3.210014922,0.467280653
47.25433467,3.474283769,13.2552586,15.0074041,10.46360537,5.17576585,0.213958825,0.998474514,3.464095254,0.692819051
47.12058567,2.813169294,14.07603911,13.82120878,11.43614474,6.309245626,0.21404549,0.682907039,3.09856328,0.428090979
48.37857644,1.923412466,16.9385693,10.25490919,11.14406171,7.058579923,0.18506019,0.702824219,3.104561657,0.309444908
44.85834238,2.993314338,16.01123219,13.36454655,10.96376364,7.198848581,0.209966417,0.972258285,2.606479659,0.821247956
47.86776765,3.134631873,14.23914607,14.57522224,10.05829042,4.998849154,0.244388181,0.928069166,3.534539806,0.419095434
47.93351041,3.551267251,15.00008355,13.1239261,9.831477551,4.946082842,0.224546092,1.438308753,3.327732628,0.623064832
49.94443946,3.358176653,14.59945386,12.2934535,8.675037799,4.382858819,0.228714702,1.582866943,4.130970381,0.804027894
48.9758872,2.449299996,15.42189304,11.84744813,10.34530923,5.521543343,0.209333237,0.835310403,3.964184964,0.429790462
48.15199785,1.466989108,19.4689257,7.999980602,13.01296123,6.29431277,0.143465877,0.438480215,2.788491693,0.234394954
49.20382293,2.750164048,14.8242287,13.52194107,9.523320567,4.619217455,0.236048117,1.24128751,3.611943164,0.468026438
50.13226229,3.007529726,16.51451523,11.90972839,7.643165317,4.151466952,0.218231148,1.722503525,4.141316666,0.559280756
47.84792371,2.735613412,15.84468908,12.45328373,10.02315795,6.368248839,0.211600001,0.909171297,3.168937816,0.437374165
47.92460582,1.789758007,15.38169167,11.12573099,12.9271664,6.565855087,0.184089395,0.623858505,3.190882846,0.286361281
48.39026968,1.86311145,15.10740372,11.27944278,12.17097806,6.875286276,0.21263772,0.577159525,3.219942615,0.303768171
47.82713485,2.326444779,14.64413901,12.83102219,11.2687169,6.491196369,0.218104198,0.862030878,3.146932,0.384278825
47.93283915,1.881702846,16.0450576,10.7506317,12.85830278,6.474676458,0.182100275,0.526067462,3.004654544,0.343967187
47.14174783,1.81001534,15.63934602,10.4855897,14.04287182,6.914665342,0.183035259,0.508431275,2.93873277,0.335564642
48.30538428,1.929790503,14.93314327,11.48222723,12.18495993,6.678489648,0.202072304,0.687045834,3.303882171,0.293004841
47.74630411,1.758421079,15.12242128,10.98251881,12.71235003,8.233548109,0.186185761,0.51718267,2.482476817,0.258591335
49.24466624,3.060987234,13.48488971,14.75771024,8.821020643,4.539774985,0.258529327,1.530493617,3.588387061,0.713540943
48.20752311,1.849419602,14.98949479,11.29938362,12.18982091,7.775736559,0.194137969,0.551760544,2.625971479,0.316751424
47.94806172,1.749553658,15.13878489,10.92713582,12.49387142,8.346400098,0.19553835,0.483700129,2.449375121,0.267578795
48.24119141,1.848437611,15.20163172,11.22449093,12.58553696,6.717000061,0.191914287,0.61614587,3.080729351,0.292921807
48.63028725,2.133087252,14.39833895,12.69725109,10.79875421,6.758194706,0.225614998,0.851183855,3.138099514,0.369188178
45.39190247,3.712577653,10.27625085,12.09805783,13.43501858,9.476303181,0.205114788,1.169154289,3.681810435,0.553809926
45.74570344,2.226698266,9.217495146,11.57418702,14.42693341,11.09206438,0.18642125,0.849252362,4.329115698,0.352129028
49.56363475,2.826313407,14.04904694,13.5601958,8.086969748,5.260656341,0.175355211,1.815442188,4.208525073,0.453860547
49.43964732,2.816182442,14.2626014,12.32487206,8.145732011,5.480957227,0.171595346,1.988487244,4.834951218,0.534973726
51.32366177,2.607763571,15.43097893,11.69537609,7.258617499,4.578986428,0.164268571,2.002023214,4.455784999,0.482538929
51.32106822,2.583412308,15.50047385,11.53089235,7.188625552,4.554157665,0.173588969,2.083067632,4.584791013,0.479922445
42.31232659,3.711792069,12.05018048,12.72556892,14.87871325,6.750624669,0.262874792,1.966303447,4.248056646,1.093559137
45.94949298,3.079089736,15.62153569,11.65380989,11.35818067,4.575570412,0.258385153,3.735818666,2.94989716,0.81821965
47.24508196,3.397515183,12.26823112,11.726566,10.70888524,6.784703573,0.18588229,2.56104488,4.48182854,0.64026122
38.71879407,5.028280723,11.65693827,13.05307603,15.80759299,6.256957122,0.247800282,2.405727738,5.461931217,1.362901551
40.12986548,4.439808741,12.04324931,13.21997022,13.61970314,8.482822981,0.289552744,2.177007668,4.1931527,1.404867017
41.72936252,3.19131672,8.362724342,13.5711386,15.24038051,13.80797432,0.221180367,1.674651348,1.716780942,0.484490327
46.98568877,3.872053934,11.89200733,14.39593691,9.746542092,8.346881436,0.183897021,0.929701604,3.095599847,0.551691062
48.212967,2.790461113,11.56491106,13.00995858,8.83646019,10.94480859,0.165360659,1.033504116,2.893811524,0.547757181
48.72234884,2.719813327,13.46664127,11.4481751,8.658581752,6.906492268,0.193544769,2.241044689,5.062723683,0.580634306
49.16363595,2.706911184,13.88185773,11.21331318,8.386317289,6.670237747,0.194080425,2.267676539,4.954158204,0.561811755
45.92258994,3.422484456,14.17010729,13.28343862,10.27766974,6.201337507,0.234976545,1.777648643,4.086548604,0.623198662
46.11739435,3.402018616,14.3686466,13.05838226,10.53495191,5.663179025,0.226116041,1.829484331,4.162590754,0.637236115
45.61063878,3.192019255,15.7735497,10.97582661,8.674415964,4.653300798,0.27981987,3.876023382,6.093854942,0.870550706
45.71403153,3.189110241,15.63492358,10.89128984,8.852887194,4.535163264,0.279564859,4.079576087,5.953696066,0.869757338
46.34145963,2.839370464,14.52165115,10.87939054,10.29926629,6.244519544,0.188592872,2.566958537,5.312032565,0.806758397
45.29848782,3.053945402,11.35781701,13.15151252,12.59369459,10.28536127,0.183849556,0.99074483,2.573893784,0.510693211
44.48890495,3.360376046,10.06051233,14.13517651,14.44137067,9.813122685,0.185542236,1.278179846,1.772959141,0.463855589
45.07098475,3.234022824,10.48234064,14.27272833,13.23382673,9.229798471,0.205334782,1.334676086,2.535884563,0.400402826
45.38354389,2.999047405,11.14951977,13.18063789,12.72044937,10.54767012,0.183615147,0.948678261,2.417599438,0.46923871
45.47388266,2.956411942,10.98241,13.13635015,12.5977691,10.81985814,0.193030333,0.934673191,2.448437382,0.457177105
46.88678068,2.993852879,12.78730382,12.62009054,10.70682979,7.855058063,0.223270384,1.552744036,3.856488455,0.517581345
48.03907016,2.91083762,14.18520869,11.90616427,9.685709688,6.498137505,0.194739137,1.773151086,4.202265579,0.604716266
46.51280315,3.209908114,11.11122039,13.6822786,13.05568396,8.672924808,0.17489884,0.76132436,2.397142918,0.421814848
47.05155535,3.164765042,15.31172731,11.15101378,8.490583237,4.260654555,0.215081119,3.185248958,6.29880421,0.870566436
45.4194834,2.46145615,9.794757045,11.37736509,10.25436504,15.80030151,0.183843198,1.297115897,2.788288502,0.623024171
48.70840132,2.370312763,11.0885876,12.52223414,10.67149394,10.90547331,0.223806355,0.864706373,2.329620698,0.315363501
49.91007525,3.006017191,15.01989606,11.47024627,8.600266131,4.616019618,0.203797776,2.078737311,4.493740953,0.601203438
45.36977999,3.298121217,10.64674755,14.20762184,13.00696555,8.678181452,0.216439205,1.298635229,2.854936179,0.422571781
46.05116711,3.42701515,12.14559169,14.48086814,12.05184355,7.010277191,0.229162107,1.677049967,2.406202127,0.520822971
39.78525519,3.905810953,9.556771482,14.86163145,13.99235998,10.55399981,0.259694877,1.817864141,4.290159372,0.976452738
43.61697784,4.089091673,11.95513062,12.33944697,12.6418483,9.551618716,0.208096268,0.936433208,3.766542457,0.894813954
47.62432543,3.664186124,14.88891056,13.53328282,8.852592921,5.75368069,0.18169518,1.322337141,3.583432711,0.595556422
46.03854969,2.218480069,16.39436418,11.55591614,10.84816401,6.645263694,0.193353768,0.895533239,3.846722322,1.363652887
45.94644386,2.018293163,16.32799169,10.75107632,12.05930165,6.670458905,0.232103714,1.190792966,3.754025284,1.049512445
46.02039685,2.0318056,16.34587606,10.90532442,12.05876624,6.765912649,0.233657644,1.198765304,3.382956325,1.056538912
45.38036201,2.142203684,15.80380454,11.31074653,11.31730248,7.346141879,0.191989953,1.626862232,3.910532197,0.970054499
45.51822811,2.134773535,15.72245532,11.27031328,11.35173415,7.537470537,0.192230792,1.628903029,3.682737282,0.961153961
45.70451592,2.051624937,15.72235348,11.23167353,11.73082575,7.698671792,0.203131182,1.107064941,3.646204714,0.903933759
46.02255206,2.065244307,15.22611489,10.65793622,12.06750595,7.866151112,0.192351186,1.184478353,3.563558805,1.154107113
45.49408937,1.903139197,15.26539165,10.85454333,13.85565891,7.904572855,0.23159895,0.815631084,2.618075086,1.057299554
45.72234487,2.076906869,14.93346695,11.51363615,11.61041596,8.66222133,0.192493807,1.063781567,3.059638411,1.165094097
45.78271388,2.36789619,15.20331631,11.0463719,11.71752921,8.709386414,0.182927603,1.077240327,2.96749222,0.945125947
45.18611497,1.949680346,15.2438738,10.97133216,13.04164418,8.707898749,0.202039414,0.919279334,2.889163622,0.888973422
45.51639878,2.096083326,14.62195325,10.86076563,11.95881356,9.275421866,0.192394122,1.326506839,3.047927928,1.103734698
46.30679401,2.065995425,14.39072675,10.43960719,12.06012108,9.434373197,0.183191713,1.099150275,3.05319521,0.96684515
45.79475555,1.940969772,14.83022216,10.80637347,10.80675357,9.452118419,0.192075134,1.496164199,3.528116929,1.152450802
45.99427779,2.115614724,14.6160498,11.08315426,12.20546956,9.642320952,0.193253268,0.722156949,2.390237789,1.037464913
47.29133312,1.907804047,14.32367166,10.09094896,11.74965032,9.639962249,0.181695624,1.170927352,2.957600983,0.686405689
46.54517855,1.833843561,14.36679651,10.00995301,13.4245454,9.706199619,0.222898112,1.124622294,2.228981123,0.536981816
44.98037342,1.830951428,13.671104,11.23954354,12.98958319,11.86049647,0.193267095,0.752724476,1.871639238,0.610317143
44.90821884,2.733455065,16.58432065,11.86647309,11.1990062,6.017680926,0.203989184,1.580916175,3.406619372,1.499320502
41.9490044,2.51003006,15.77152491,12.8196442,13.72894984,6.747611173,0.22356543,0.894261722,3.180726351,2.174681914
43.8389204,2.431505765,16.4767859,11.69632861,12.50635244,6.904655611,0.215449878,1.220882642,3.088114917,1.621003843
44.31702346,2.177012453,15.81144725,11.46816023,13.00075043,7.215825315,0.265738609,1.236706605,3.158201165,1.349134478
44.44633368,2.263423706,16.33116028,12.27456909,11.39831759,7.206416285,0.202997642,1.258585379,3.582908378,1.035287973
44.63092423,2.278333415,15.59234431,11.53149979,12.22569985,7.384241337,0.294962808,1.23070689,3.295446547,1.535840829
43.050887,2.524682559,15.08750297,12.04005964,13.11825058,7.69523244,0.212073335,1.837968903,2.363102875,2.070239698
