{
  "metadata": {
    "_function": "provenance",
    "_description": "Identity, schema version, run-time provenance.",
    "schema_version": "2.0.0",
    "engine_version": "cnt 2.0.3",
    "engine_implementation": "python",
    "generated": "2026-05-05T20:04:42.588778+00:00",
    "wall_clock_ms": 70,
    "mathematical_lineage": {
      "Aitchison_1986": "CLR transform, simplex geometry, Aitchison distance",
      "Shannon_1948": "Entropy H = -sum x_j ln x_j",
      "Egozcue_2003": "ILR, Helmert basis, orthonormal coordinates",
      "Higgins_2026": "CNT tensor decomposition, recursive depth sounder, metric dual involution"
    },
    "engine_config": {
      "_description": "Active values from the USER CONFIGURATION block at top of cnt.py. Two runs with identical config and input produce identical content_sha256. Two runs with different config produce different content_sha256 - that is correct.",
      "DEFAULT_DELTA": 1e-15,
      "DEGEN_THRESHOLD": 0.0001,
      "LOCK_CLR_THRESHOLD": -10.0,
      "DEPTH_MAX_LEVELS": 50,
      "DEPTH_PRECISION_TARGET": 0.01,
      "NOISE_FLOOR_OMEGA_VAR": 1e-06,
      "TRIADIC_T_LIMIT": 500,
      "TRIADIC_K_DEFAULT": 500,
      "EITT_GATE_PCT": 5.0,
      "EITT_M_SWEEP_BASE": [
        2,
        4,
        8,
        16,
        32,
        64,
        128
      ]
    },
    "environment": {
      "git_sha": "unknown",
      "language_version": "python 3.10.12",
      "numerical_lib": "numpy 2.2.6",
      "platform": "Linux-6.8.0-106-generic-x86_64-with-glibc2.35",
      "hostname_hash": "c857d09db23e6822e3600bc06ad8d58f92ed62bc8efd81c753f77048662cb97d"
    }
  },
  "input": {
    "_function": "provenance",
    "_description": "Source data identity, hashes, and ordering declaration.",
    "source_file": "ember_GBR_United_Kingdom_generation_TWh.csv",
    "source_file_sha256": "b1df2a0ae6f21f77c0d6fb5b7a0c26af57f4d10ebde0d917ea361cd0a7e37919",
    "closed_data_sha256": "e9e032d0675926fb170de906bf7bc05315b20c5633b1f93f2e31c84f26fac00a",
    "n_records": 26,
    "n_carriers": 9,
    "carriers": [
      "Bioenergy",
      "Coal",
      "Gas",
      "Hydro",
      "Nuclear",
      "Other Fossil",
      "Other Renewables",
      "Solar",
      "Wind"
    ],
    "labels": [
      "2000",
      "2001",
      "2002",
      "2003",
      "2004",
      "2005",
      "2006",
      "2007",
      "2008",
      "2009",
      "2010",
      "2011",
      "2012",
      "2013",
      "2014",
      "2015",
      "2016",
      "2017",
      "2018",
      "2019",
      "2020",
      "2021",
      "2022",
      "2023",
      "2024",
      "2025"
    ],
    "zero_replacement": {
      "method": "multiplicative",
      "delta": 1e-15,
      "applied": true,
      "n_replacements": 24
    },
    "ordering": {
      "is_temporal": true,
      "ordering_method": "by-time",
      "caveat": null
    }
  },
  "tensor": {
    "_function": "composer",
    "_description": "Per-record compositional state. coda_standard fields follow Aitchison/Egozcue/Shannon. higgins_extensions are HUF-framework readings of the same simplex; see schema \u00a78 for the mapping.",
    "helmert_basis": {
      "D": 9,
      "dim": 8,
      "coefficients": [
        [
          0.7071067811865476,
          -0.7071067811865476,
          0.0,
          0.0,
          0.0,
          0.0,
          0.0,
          0.0,
          0.0
        ],
        [
          0.408248290463863,
          0.408248290463863,
          -0.816496580927726,
          0.0,
          0.0,
          0.0,
          0.0,
          0.0,
          0.0
        ],
        [
          0.28867513459481287,
          0.28867513459481287,
          0.28867513459481287,
          -0.8660254037844386,
          0.0,
          0.0,
          0.0,
          0.0,
          0.0
        ],
        [
          0.22360679774997896,
          0.22360679774997896,
          0.22360679774997896,
          0.22360679774997896,
          -0.8944271909999159,
          0.0,
          0.0,
          0.0,
          0.0
        ],
        [
          0.18257418583505539,
          0.18257418583505539,
          0.18257418583505539,
          0.18257418583505539,
          0.18257418583505539,
          -0.9128709291752769,
          0.0,
          0.0,
          0.0
        ],
        [
          0.1543033499620919,
          0.1543033499620919,
          0.1543033499620919,
          0.1543033499620919,
          0.1543033499620919,
          0.1543033499620919,
          -0.9258200997725514,
          0.0,
          0.0
        ],
        [
          0.1336306209562122,
          0.1336306209562122,
          0.1336306209562122,
          0.1336306209562122,
          0.1336306209562122,
          0.1336306209562122,
          0.1336306209562122,
          -0.9354143466934853,
          0.0
        ],
        [
          0.11785113019775792,
          0.11785113019775792,
          0.11785113019775792,
          0.11785113019775792,
          0.11785113019775792,
          0.11785113019775792,
          0.11785113019775792,
          0.11785113019775792,
          -0.9428090415820634
        ]
      ]
    },
    "timesteps": [
      {
        "label": "2000",
        "raw_values": [
          3.88,
          119.95,
          148.08,
          5.09,
          85.06,
          14.06,
          0.0,
          0.0,
          0.94
        ],
        "index": 0,
        "coda_standard": {
          "ilr": [
            -2.4262529556658983,
            -1.5728154016404146,
            1.8067683962122865,
            -1.119260900813527,
            0.7293159730095233,
            35.04032954801136,
            30.345815545556327,
            -5.742640225232687
          ],
          "shannon_entropy": 1.310117705157338,
          "clr": [
            6.831923684255505,
            10.263163519906026,
            10.473841198885566,
            7.103366361182755,
            9.919445420445811,
            8.119422417002843,
            -29.06268786429036,
            -29.06268786429036,
            5.414213126902236
          ],
          "composition": [
            0.010290139500344773,
            0.3181191322335968,
            0.39272264361109643,
            0.013499177849679096,
            0.22558743966477485,
            0.03728849519970297,
            2.6520978093672095e-18,
            2.6520978093672095e-18,
            0.002492971940805177
          ],
          "aitchison_norm": 46.85168773051051
        },
        "higgins_extensions": {
          "bearing_tensor": {
            "pairs": [
              {
                "carrier_i": "Bioenergy",
                "carrier_j": "Coal",
                "theta_deg": 56.349315991713844
              },
              {
                "carrier_i": "Bioenergy",
                "carrier_j": "Gas",
                "theta_deg": 56.88421511026444
              },
              {
                "carrier_i": "Bioenergy",
                "carrier_j": "Hydro",
                "theta_deg": 46.115911700971665
              },
              {
                "carrier_i": "Bioenergy",
                "carrier_j": "Nuclear",
                "theta_deg": 55.44324199436697
              },
              {
                "carrier_i": "Bioenergy",
                "carrier_j": "Other Fossil",
                "theta_deg": 49.92174485972505
              },
              {
                "carrier_i": "Bioenergy",
                "carrier_j": "Other Renewables",
                "theta_deg": -76.77135354100186
              },
              {
                "carrier_i": "Bioenergy",
                "carrier_j": "Solar",
                "theta_deg": -76.77135354100186
              },
              {
                "carrier_i": "Bioenergy",
                "carrier_j": "Wind",
                "theta_deg": 38.39637954527944
              },
              {
                "carrier_i": "Coal",
                "carrier_j": "Gas",
                "theta_deg": 45.58207666583014
              },
              {
                "carrier_i": "Coal",
                "carrier_j": "Hydro",
                "theta_deg": 34.687979929657786
              },
              {
                "carrier_i": "Coal",
                "carrier_j": "Nuclear",
                "theta_deg": 44.0243237191162
              },
              {
                "carrier_i": "Coal",
                "carrier_j": "Other Fossil",
                "theta_deg": 38.348323779934375
              },
              {
                "carrier_i": "Coal",
                "carrier_j": "Other Renewables",
                "theta_deg": -70.54989563448868
              },
              {
                "carrier_i": "Coal",
                "carrier_j": "Solar",
                "theta_deg": -70.54989563448868
              },
              {
                "carrier_i": "Coal",
                "carrier_j": "Wind",
                "theta_deg": 27.81336921647326
              },
              {
                "carrier_i": "Gas",
                "carrier_j": "Hydro",
                "theta_deg": 34.14514759120604
              },
              {
                "carrier_i": "Gas",
                "carrier_j": "Nuclear",
                "theta_deg": 43.44278574105062
              },
              {
                "carrier_i": "Gas",
                "carrier_j": "Other Fossil",
                "theta_deg": 37.78318694434047
              },
              {
                "carrier_i": "Gas",
                "carrier_j": "Other Renewables",
                "theta_deg": -70.18145067922644
              },
              {
                "carrier_i": "Gas",
                "carrier_j": "Solar",
                "theta_deg": -70.18145067922644
              },
              {
                "carrier_i": "Gas",
                "carrier_j": "Wind",
                "theta_deg": 27.335671105848334
              },
              {
                "carrier_i": "Hydro",
                "carrier_j": "Nuclear",
                "theta_deg": 54.39335227599187
              },
              {
                "carrier_i": "Hydro",
                "carrier_j": "Other Fossil",
                "theta_deg": 48.81858441016306
              },
              {
                "carrier_i": "Hydro",
                "carrier_j": "Other Renewables",
                "theta_deg": -76.2653059396721
              },
              {
                "carrier_i": "Hydro",
                "carrier_j": "Solar",
                "theta_deg": -76.2653059396721
              },
              {
                "carrier_i": "Hydro",
                "carrier_j": "Wind",
                "theta_deg": 37.314788854337074
              },
              {
                "carrier_i": "Nuclear",
                "carrier_j": "Other Fossil",
                "theta_deg": 39.301557906954336
              },
              {
                "carrier_i": "Nuclear",
                "carrier_j": "Other Renewables",
                "theta_deg": -71.15460881490579
              },
              {
                "carrier_i": "Nuclear",
                "carrier_j": "Solar",
                "theta_deg": -71.15460881490579
              },
              {
                "carrier_i": "Nuclear",
                "carrier_j": "Wind",
                "theta_deg": 28.62651223681356
              },
              {
                "carrier_i": "Other Fossil",
                "carrier_j": "Other Renewables",
                "theta_deg": -74.39090323594792
              },
              {
                "carrier_i": "Other Fossil",
                "carrier_j": "Solar",
                "theta_deg": -74.39090323594792
              },
              {
                "carrier_i": "Other Fossil",
                "carrier_j": "Wind",
                "theta_deg": 33.69624632508353
              },
              {
                "carrier_i": "Other Renewables",
                "carrier_j": "Solar",
                "theta_deg": -135.0
              },
              {
                "carrier_i": "Other Renewables",
                "carrier_j": "Wind",
                "theta_deg": 169.44709456082194
              },
              {
                "carrier_i": "Solar",
                "carrier_j": "Wind",
                "theta_deg": 169.44709456082194
              }
            ]
          },
          "metric_tensor_diagonal": [
            8394.695598776585,
            8.783505939912244,
            5.763357935574187,
            4877.89939911542,
            17.466972929721315,
            639.2897813588088,
            1.263771054222222e+35,
            1.263771054222222e+35,
            143025.24380061365
          ],
          "higgins_scale": 0.40373973663372886,
          "metric_tensor": {
            "matrix": [
              [
                8394.695598776585,
                -33.94270417179361,
                -27.494782316360364,
                -799.8874981152541,
                -47.86535816372729,
                -289.575203798481,
                -4.071427365406643e+18,
                -4.071427365406643e+18,
                -4331.305707879408
              ],
              [
                -33.94270417179361,
                8.783505939912244,
                -0.8893685317838951,
                -25.873809859834815,
                -1.548291702169753,
                -9.366834437166371,
                -1.3169769218655922e+17,
                -1.3169769218655922e+17,
                -140.1039278580417
              ],
              [
                -27.494782316360364,
                -0.8893685317838951,
                5.763357935574187,
                -20.95869457514307,
                -1.2541706488064683,
                -7.587464821300015,
                -1.0667975538747822e+17,
                -1.0667975538747822e+17,
                -113.48910147604066
              ],
              [
                -799.8874981152541,
                -25.873809859834815,
                -20.95869457514307,
                4877.89939911542,
                -36.486756321269525,
                -220.73709051829204,
                -3.1035634926871864e+18,
                -3.1035634926871864e+18,
                -3301.663290092751
              ],
              [
                -47.86535816372729,
                -1.548291702169753,
                -1.2541706488064683,
                -36.486756321269525,
                17.466972929721315,
                -13.208932409335839,
                -1.857175896752619e+17,
                -1.857175896752619e+17,
                -197.57190390985306
              ],
              [
                -289.575203798481,
                -9.366834437166371,
                -7.587464821300015,
                -220.73709051829204,
                -13.208932409335839,
                639.2897813588088,
                -1.1235517907381064e+18,
                -1.1235517907381064e+18,
                -1195.2678624873472
              ],
              [
                -4.071427365406643e+18,
                -1.3169769218655922e+17,
                -1.0667975538747822e+17,
                -3.1035634926871864e+18,
                -1.857175896752619e+17,
                -1.1235517907381064e+18,
                1.263771054222222e+35,
                -1.5797138177777776e+34,
                -1.6805466146572104e+19
              ],
              [
                -4.071427365406643e+18,
                -1.3169769218655922e+17,
                -1.0667975538747822e+17,
                -3.1035634926871864e+18,
                -1.857175896752619e+17,
                -1.1235517907381064e+18,
                -1.5797138177777776e+34,
                1.263771054222222e+35,
                -1.6805466146572104e+19
              ],
              [
                -4331.305707879408,
                -140.1039278580417,
                -113.48910147604066,
                -3301.663290092751,
                -197.57190390985306,
                -1195.2678624873472,
                -1.6805466146572104e+19,
                -1.6805466146572104e+19,
                143025.24380061365
              ]
            ],
            "eigenvalues": [
              -2.11013710221047e+19,
              -9.263404581215343e+18,
              -4.776258695841314e+16,
              -69705162292542.31,
              8094.885041679694,
              7.569151211852531e+17,
              2.0016244055485145e+19,
              1.1057996724444444e+35,
              1.4217424360000001e+35
            ],
            "trace": 2.527542108444444e+35
          },
          "condition_number": 1.4808000000000003e+17
        }
      },
      {
        "label": "2001",
        "raw_values": [
          4.53,
          131.46,
          141.91,
          4.05,
          90.09,
          11.77,
          0.0,
          0.0,
          0.96
        ],
        "index": 1,
        "coda_standard": {
          "ilr": [
            -2.3815219800953615,
            -1.4374265316832506,
            2.063584665525813,
            -1.176149884146048,
            0.8976029915567825,
            35.01796577271614,
            30.326447948026143,
            -5.77957018529975
          ],
          "shannon_entropy": 1.2965853910166136,
          "aitchison_distance_step": 0.3465278397677779,
          "clr": [
            7.000574961173924,
            10.368555644514412,
            10.445046075525427,
            6.888569902797429,
            9.99066219234233,
            7.955406942951167,
            -29.048923373231705,
            -29.048923373231705,
            5.449031027158727
          ],
          "composition": [
            0.011773267146607067,
            0.3416586532214051,
            0.36881773527042133,
            0.010525768641006317,
            0.23413987576994053,
            0.03058970293941836,
            2.59895522000156e-18,
            2.59895522000156e-18,
            0.0024949970112014973
          ],
          "aitchison_norm": 46.83524364042692
        },
        "higgins_extensions": {
          "bearing_tensor": {
            "pairs": [
              {
                "carrier_i": "Bioenergy",
                "carrier_j": "Coal",
                "theta_deg": 55.97381768461533
              },
              {
                "carrier_i": "Bioenergy",
                "carrier_j": "Gas",
                "theta_deg": 56.1688518571303
              },
              {
                "carrier_i": "Bioenergy",
                "carrier_j": "Hydro",
                "theta_deg": 44.53796449775773
              },
              {
                "carrier_i": "Bioenergy",
                "carrier_j": "Nuclear",
                "theta_deg": 54.980617439856154
              },
              {
                "carrier_i": "Bioenergy",
                "carrier_j": "Other Fossil",
                "theta_deg": 48.652966171342726
              },
              {
                "carrier_i": "Bioenergy",
                "carrier_j": "Other Renewables",
                "theta_deg": -76.45050559544556
              },
              {
                "carrier_i": "Bioenergy",
                "carrier_j": "Solar",
                "theta_deg": -76.45050559544556
              },
              {
                "carrier_i": "Bioenergy",
                "carrier_j": "Wind",
                "theta_deg": 37.89608657138524
              },
              {
                "carrier_i": "Coal",
                "carrier_j": "Gas",
                "theta_deg": 45.210562265922306
              },
              {
                "carrier_i": "Coal",
                "carrier_j": "Hydro",
                "theta_deg": 33.59891890878966
              },
              {
                "carrier_i": "Coal",
                "carrier_j": "Nuclear",
                "theta_deg": 43.93663822897836
              },
              {
                "carrier_i": "Coal",
                "carrier_j": "Other Fossil",
                "theta_deg": 37.49768482582056
              },
              {
                "carrier_i": "Coal",
                "carrier_j": "Other Renewables",
                "theta_deg": -70.35677693776701
              },
              {
                "carrier_i": "Coal",
                "carrier_j": "Solar",
                "theta_deg": -70.35677693776701
              },
              {
                "carrier_i": "Coal",
                "carrier_j": "Wind",
                "theta_deg": 27.723463446751047
              },
              {
                "carrier_i": "Gas",
                "carrier_j": "Hydro",
                "theta_deg": 33.40508832506571
              },
              {
                "carrier_i": "Gas",
                "carrier_j": "Nuclear",
                "theta_deg": 43.726249690703504
              },
              {
                "carrier_i": "Gas",
                "carrier_j": "Other Fossil",
                "theta_deg": 37.29449496248398
              },
              {
                "carrier_i": "Gas",
                "carrier_j": "Other Renewables",
                "theta_deg": -70.22306869325776
              },
              {
                "carrier_i": "Gas",
                "carrier_j": "Solar",
                "theta_deg": -70.22306869325776
              },
              {
                "carrier_i": "Gas",
                "carrier_j": "Wind",
                "theta_deg": 27.550404581159952
              },
              {
                "carrier_i": "Hydro",
                "carrier_j": "Nuclear",
                "theta_deg": 55.41370446478174
              },
              {
                "carrier_i": "Hydro",
                "carrier_j": "Other Fossil",
                "theta_deg": 49.11078122646082
              },
              {
                "carrier_i": "Hydro",
                "carrier_j": "Other Renewables",
                "theta_deg": -76.65947967453809
              },
              {
                "carrier_i": "Hydro",
                "carrier_j": "Solar",
                "theta_deg": -76.65947967453809
              },
              {
                "carrier_i": "Hydro",
                "carrier_j": "Wind",
                "theta_deg": 38.34487808601073
              },
              {
                "carrier_i": "Nuclear",
                "carrier_j": "Other Fossil",
                "theta_deg": 38.529757607173956
              },
              {
                "carrier_i": "Nuclear",
                "carrier_j": "Other Renewables",
                "theta_deg": -71.02060571764694
              },
              {
                "carrier_i": "Nuclear",
                "carrier_j": "Solar",
                "theta_deg": -71.02060571764694
              },
              {
                "carrier_i": "Nuclear",
                "carrier_j": "Wind",
                "theta_deg": 28.608598504425533
              },
              {
                "carrier_i": "Other Fossil",
                "carrier_j": "Other Renewables",
                "theta_deg": -74.68436509186697
              },
              {
                "carrier_i": "Other Fossil",
                "carrier_j": "Solar",
                "theta_deg": -74.68436509186697
              },
              {
                "carrier_i": "Other Fossil",
                "carrier_j": "Wind",
                "theta_deg": 34.40907112280966
              },
              {
                "carrier_i": "Other Renewables",
                "carrier_j": "Solar",
                "theta_deg": -135.0
              },
              {
                "carrier_i": "Other Renewables",
                "carrier_j": "Wind",
                "theta_deg": 169.37585205198897
              },
              {
                "carrier_i": "Solar",
                "carrier_j": "Wind",
                "theta_deg": 169.37585205198897
              }
            ]
          },
          "metric_tensor_diagonal": [
            6412.885417089673,
            7.614872363574694,
            6.534673362221766,
            8023.056263103522,
            16.21424423008024,
            949.9417131638442,
            1.3159818035555548e+35,
            1.3159818035555548e+35,
            142793.1644483024
          ],
          "higgins_scale": 0.40989855821269106,
          "angular_velocity_deg": 0.42337304172738593,
          "helmsman_delta": 0.2147964583853259,
          "metric_tensor": {
            "matrix": [
              [
                6412.885417089673,
                -27.622823424821448,
                -25.588727837552167,
                -896.6163870190193,
                -40.307429985869994,
                -308.52135662081804,
                -3.6312963674270275e+18,
                -3.6312963674270275e+18,
                -3782.6003827364875
              ],
              [
                -27.622823424821448,
                7.614872363574694,
                -0.8817658383090774,
                -30.89663953442992,
                -1.3889598192301162,
                -10.63138403691089,
                -1.2513139011444117e+17,
                -1.2513139011444117e+17,
                -130.34519803587622
              ],
              [
                -25.588727837552167,
                -0.8817658383090774,
                6.534673362221766,
                -28.621465951632427,
                -1.2866792885349243,
                -9.848507825328065,
                -1.1591693710411133e+17,
                -1.1591693710411133e+17,
                -120.7468094834493
              ],
              [
                -896.6163870190193,
                -30.89663953442992,
                -28.621465951632427,
                8023.056263103522,
                -45.08460687308422,
                -345.08685073884095,
                -4.061672233196157e+18,
                -4.061672233196157e+18,
                -4230.908576245998
              ],
              [
                -40.307429985869994,
                -1.3889598192301162,
                -1.2866792885349243,
                -45.08460687308422,
                16.21424423008024,
                -15.513394888359482,
                -1.8259265783599107e+17,
                -1.8259265783599107e+17,
                -190.20068524582408
              ],
              [
                -308.52135662081804,
                -10.63138403691089,
                -9.848507825328065,
                -345.08685073884095,
                -15.513394888359482,
                949.9417131638442,
                -1.3976017454923057e+18,
                -1.3976017454923057e+18,
                -1455.8351515544853
              ],
              [
                -3.6312963674270275e+18,
                -1.2513139011444117e+17,
                -1.1591693710411133e+17,
                -4.061672233196157e+18,
                -1.8259265783599107e+17,
                -1.3976017454923057e+18,
                1.3159818035555548e+35,
                -1.6449772544444435e+34,
                -1.7135179733796289e+19
              ],
              [
                -3.6312963674270275e+18,
                -1.2513139011444117e+17,
                -1.1591693710411133e+17,
                -4.061672233196157e+18,
                -1.8259265783599107e+17,
                -1.3976017454923057e+18,
                -1.6449772544444435e+34,
                1.3159818035555548e+35,
                -1.7135179733796289e+19
              ],
              [
                -3782.6003827364875,
                -130.34519803587622,
                -120.7468094834493,
                -4230.908576245998,
                -190.20068524582408,
                -1455.8351515544853,
                -1.7135179733796289e+19,
                -1.7135179733796289e+19,
                142793.1644483024
              ]
            ],
            "eigenvalues": [
              -3.045725873929329e+19,
              -1.9026652424098046e+19,
              -3488311961975547.0,
              6183.853795050684,
              4.4799522330821384e+16,
              5.786259695797966e+17,
              5.332308088061254e+18,
              1.1514840781111102e+35,
              1.4804795289999987e+35
            ],
            "trace": 2.6319636071111095e+35
          },
          "condition_number": 1.4190999999999998e+17,
          "helmsman": "Hydro"
        }
      },
      {
        "label": "2002",
        "raw_values": [
          5.08,
          124.28,
          152.28,
          4.79,
          87.85,
          11.71,
          0.0,
          0.0,
          1.25
        ],
        "index": 2,
        "coda_standard": {
          "ilr": [
            -2.260780060381694,
            -1.4711608928065383,
            1.9554790234095618,
            -1.08727096367546,
            0.9518531862891475,
            35.05908392640646,
            30.36205731367868,
            -5.9970347799581685
          ],
          "shannon_entropy": 1.303800258811768,
          "aitchison_distance_step": 0.2974820560999428,
          "clr": [
            7.056226323502842,
            10.253452146437297,
            10.456635993426747,
            6.997445473335275,
            9.906545876545557,
            7.891358239522077,
            -29.107861332998233,
            -29.107861332998233,
            5.654058613226661
          ],
          "composition": [
            0.013118479495919844,
            0.3209379196364012,
            0.39324449953517204,
            0.012369589918396862,
            0.22686189443239335,
            0.03023964466480736,
            2.5823778535275286e-18,
            2.5823778535275286e-18,
            0.0032279723169094106
          ],
          "aitchison_norm": 46.90571221004523
        },
        "higgins_extensions": {
          "bearing_tensor": {
            "pairs": [
              {
                "carrier_i": "Bioenergy",
                "carrier_j": "Coal",
                "theta_deg": 55.465007714294
              },
              {
                "carrier_i": "Bioenergy",
                "carrier_j": "Gas",
                "theta_deg": 55.98819041396936
              },
              {
                "carrier_i": "Bioenergy",
                "carrier_j": "Hydro",
                "theta_deg": 44.76035622289793
              },
              {
                "carrier_i": "Bioenergy",
                "carrier_j": "Nuclear",
                "theta_deg": 54.538520769707354
              },
              {
                "carrier_i": "Bioenergy",
                "carrier_j": "Other Fossil",
                "theta_deg": 48.19783032340296
              },
              {
                "carrier_i": "Bioenergy",
                "carrier_j": "Other Renewables",
                "theta_deg": -76.37342327653829
              },
              {
                "carrier_i": "Bioenergy",
                "carrier_j": "Solar",
                "theta_deg": -76.37342327653829
              },
              {
                "carrier_i": "Bioenergy",
                "carrier_j": "Wind",
                "theta_deg": 38.70472441224837
              },
              {
                "carrier_i": "Coal",
                "carrier_j": "Gas",
                "theta_deg": 45.56210303540395
              },
              {
                "carrier_i": "Coal",
                "carrier_j": "Hydro",
                "theta_deg": 34.311494579608876
              },
              {
                "carrier_i": "Coal",
                "carrier_j": "Nuclear",
                "theta_deg": 44.01417134725743
              },
              {
                "carrier_i": "Coal",
                "carrier_j": "Other Fossil",
                "theta_deg": 37.58293852747885
              },
              {
                "carrier_i": "Coal",
                "carrier_j": "Other Renewables",
                "theta_deg": -70.59482345826942
              },
              {
                "carrier_i": "Coal",
                "carrier_j": "Solar",
                "theta_deg": -70.59482345826942
              },
              {
                "carrier_i": "Coal",
                "carrier_j": "Wind",
                "theta_deg": 28.873649414928536
              },
              {
                "carrier_i": "Gas",
                "carrier_j": "Hydro",
                "theta_deg": 33.7899258709877
              },
              {
                "carrier_i": "Gas",
                "carrier_j": "Nuclear",
                "theta_deg": 43.452590619195995
              },
              {
                "carrier_i": "Gas",
                "carrier_j": "Other Fossil",
                "theta_deg": 37.0409299653349
              },
              {
                "carrier_i": "Gas",
                "carrier_j": "Other Renewables",
                "theta_deg": -70.23980755909278
              },
              {
                "carrier_i": "Gas",
                "carrier_j": "Solar",
                "theta_deg": -70.23980755909278
              },
              {
                "carrier_i": "Gas",
                "carrier_j": "Wind",
                "theta_deg": 28.400748847001026
              },
              {
                "carrier_i": "Hydro",
                "carrier_j": "Nuclear",
                "theta_deg": 54.7646942560449
              },
              {
                "carrier_i": "Hydro",
                "carrier_j": "Other Fossil",
                "theta_deg": 48.43587175502327
              },
              {
                "carrier_i": "Hydro",
                "carrier_j": "Other Renewables",
                "theta_deg": -76.48275561334859
              },
              {
                "carrier_i": "Hydro",
                "carrier_j": "Solar",
                "theta_deg": -76.48275561334859
              },
              {
                "carrier_i": "Hydro",
                "carrier_j": "Wind",
                "theta_deg": 38.938818903055
              },
              {
                "carrier_i": "Nuclear",
                "carrier_j": "Other Fossil",
                "theta_deg": 38.54013291288989
              },
              {
                "carrier_i": "Nuclear",
                "carrier_j": "Other Renewables",
                "theta_deg": -71.20454834437322
              },
              {
                "carrier_i": "Nuclear",
                "carrier_j": "Solar",
                "theta_deg": -71.20454834437322
              },
              {
                "carrier_i": "Nuclear",
                "carrier_j": "Wind",
                "theta_deg": 29.71511681148076
              },
              {
                "carrier_i": "Other Fossil",
                "carrier_j": "Other Renewables",
                "theta_deg": -74.83130020531459
              },
              {
                "carrier_i": "Other Fossil",
                "carrier_j": "Solar",
                "theta_deg": -74.83130020531459
              },
              {
                "carrier_i": "Other Fossil",
                "carrier_j": "Wind",
                "theta_deg": 35.621120164749094
              },
              {
                "carrier_i": "Other Renewables",
                "carrier_j": "Solar",
                "theta_deg": -135.0
              },
              {
                "carrier_i": "Other Renewables",
                "carrier_j": "Wind",
                "theta_deg": 169.00746661133118
              },
              {
                "carrier_i": "Solar",
                "carrier_j": "Wind",
                "theta_deg": 169.00746661133118
              }
            ]
          },
          "metric_tensor_diagonal": [
            5165.120714241428,
            8.629893005080358,
            5.7480715331669225,
            5809.474819234572,
            17.271273789304928,
            972.0623231073162,
            1.3329317119999995e+35,
            1.3329317119999995e+35,
            85307.62956799997
          ],
          "higgins_scale": 0.40661493037165297,
          "angular_velocity_deg": 0.35330083468218154,
          "helmsman_delta": 0.20502758606793403,
          "metric_tensor": {
            "matrix": [
              [
                5165.120714241428,
                -26.39082437675657,
                -21.5382955972111,
                -684.7289464599803,
                -37.33468017693007,
                -280.08980815912093,
                -3.279851653543306e+18,
                -3.279851653543306e+18,
                -2623.8813228346453
              ],
              [
                -26.39082437675657,
                8.629893005080358,
                -0.8803873642889636,
                -27.98859871271886,
                -1.5260715746604823,
                -11.448794861991745,
                -1.3406538783392336e+17,
                -1.3406538783392336e+17,
                -107.2523102671387
              ],
              [
                -21.5382955972111,
                -0.8803873642889636,
                5.7480715331669225,
                -22.842284265935774,
                -1.245470024289498,
                -9.343684170267494,
                -1.0941454163383237e+17,
                -1.0941454163383237e+17,
                -87.5316333070659
              ],
              [
                -684.7289464599803,
                -27.98859871271886,
                -22.842284265935774,
                5809.474819234572,
                -39.59502615841435,
                -297.04722869485056,
                -3.4784230480167004e+18,
                -3.4784230480167004e+18,
                -2782.73843841336
              ],
              [
                -37.33468017693007,
                -1.5260715746604823,
                -1.245470024289498,
                -39.59502615841435,
                17.271273789304928,
                -16.196428291955996,
                -1.8966017529880474e+17,
                -1.8966017529880474e+17,
                -151.7281402390438
              ],
              [
                -280.08980815912093,
                -11.448794861991745,
                -9.343684170267494,
                -297.04722869485056,
                -16.196428291955996,
                972.0623231073162,
                -1.422856225448334e+18,
                -1.422856225448334e+18,
                -1138.2849803586673
              ],
              [
                -3.279851653543306e+18,
                -1.3406538783392336e+17,
                -1.0941454163383237e+17,
                -3.4784230480167004e+18,
                -1.8966017529880474e+17,
                -1.422856225448334e+18,
                1.3329317119999995e+35,
                -1.6661646399999994e+34,
                -1.3329317119999996e+19
              ],
              [
                -3.279851653543306e+18,
                -1.3406538783392336e+17,
                -1.0941454163383237e+17,
                -3.4784230480167004e+18,
                -1.8966017529880474e+17,
                -1.422856225448334e+18,
                -1.6661646399999994e+34,
                1.3329317119999995e+35,
                -1.3329317119999996e+19
              ],
              [
                -2623.8813228346453,
                -107.2523102671387,
                -87.5316333070659,
                -2782.73843841336,
                -151.7281402390438,
                -1138.2849803586673,
                -1.3329317119999996e+19,
                -1.3329317119999996e+19,
                85307.62956799997
              ]
            ],
            "eigenvalues": [
              -3.0303838635218637e+19,
              -2.004658024583901e+19,
              -9.478957569212489e+17,
              -2140642968599672.2,
              4980.652117304665,
              1.1481046616651618e+16,
              2.605689671463918e+19,
              1.1663152479999996e+35,
              1.4995481759999993e+35
            ],
