{
  "metadata": {
    "_function": "provenance",
    "_description": "Identity, schema version, run-time provenance.",
    "schema_version": "2.1.0",
    "engine_version": "cnt 2.0.4",
    "engine_implementation": "python",
    "generated": "2026-05-06T01:24:00.262415+00:00",
    "wall_clock_ms": 30,
    "mathematical_lineage": {
      "Aitchison_1986": "CLR transform, simplex geometry, Aitchison distance",
      "Shannon_1948": "Entropy H = -sum x_j ln x_j",
      "Egozcue_2003": "ILR, Helmert basis, orthonormal coordinates",
      "Higgins_2026": "CNT tensor decomposition, recursive depth sounder, metric dual involution"
    },
    "engine_config": {
      "_description": "Active values from the USER CONFIGURATION block at top of cnt.py. Two runs with identical config and input produce identical content_sha256. Two runs with different config produce different content_sha256 - that is correct.",
      "DEFAULT_DELTA": 1e-15,
      "DEGEN_THRESHOLD": 0.0001,
      "LOCK_CLR_THRESHOLD": -10.0,
      "DEPTH_MAX_LEVELS": 50,
      "DEPTH_PRECISION_TARGET": 0.01,
      "NOISE_FLOOR_OMEGA_VAR": 1e-06,
      "TRIADIC_T_LIMIT": 500,
      "TRIADIC_K_DEFAULT": 500,
      "EITT_GATE_PCT": 5.0,
      "EITT_M_SWEEP_BASE": [
        2,
        4,
        8,
        16,
        32,
        64,
        128
      ],
      "active_overrides": {}
    },
    "units": {
      "input_units": "ratio",
      "higgins_scale_units": "neper",
      "units_scale_factor_to_neper": 1.0,
      "feature": "v1.1-B native units",
      "schema_addition": "2.1.0",
      "_description": "v1.1-B native units (additive 2.1.0).",
      "report_units_scale_factors": true
    },
    "environment": {
      "git_sha": "unknown",
      "language_version": "python 3.10.12",
      "numerical_lib": "numpy 2.2.6",
      "platform": "Linux-6.8.0-106-generic-x86_64-with-glibc2.35",
      "hostname_hash": "c857d09db23e6822e3600bc06ad8d58f92ed62bc8efd81c753f77048662cb97d"
    }
  },
  "input": {
    "_function": "provenance",
    "_description": "Source data identity, hashes, and ordering declaration.",
    "source_file": "chemixhub_oxide_input.csv",
    "source_file_sha256": "9968c4a135c8b7a50cbc1af698bff4dda3dd177b146c9a5f2acf99d22f269f62",
    "closed_data_sha256": "d123b42c416a90924eeae3d336960690ee968034af6accc866a7d4f274e78a0b",
    "n_records": 24,
    "n_carriers": 7,
    "carriers": [
      "SiO2",
      "TiO2",
      "Al2O3",
      "Fe2O3",
      "MgO",
      "CaO",
      "Na2O"
    ],
    "labels": [
      "sample_00",
      "sample_01",
      "sample_02",
      "sample_03",
      "sample_04",
      "sample_05",
      "sample_06",
      "sample_07",
      "sample_08",
      "sample_09",
      "sample_10",
      "sample_11",
      "sample_12",
      "sample_13",
      "sample_14",
      "sample_15",
      "sample_16",
      "sample_17",
      "sample_18",
      "sample_19",
      "sample_20",
      "sample_21",
      "sample_22",
      "sample_23"
    ],
    "zero_replacement": {
      "method": "multiplicative",
      "delta": 1e-15,
      "applied": false,
      "n_replacements": 0
    },
    "ordering": {
      "is_temporal": false,
      "ordering_method": "by-label",
      "caveat": "Order is treated as arbitrary; angular_velocity and energy_depth are ordering-dependent."
    }
  },
  "tensor": {
    "_function": "composer",
    "_description": "Per-record compositional state. coda_standard fields follow Aitchison/Egozcue/Shannon. higgins_extensions are HUF-framework readings of the same simplex; see schema \u00a78 for the mapping.",
    "helmert_basis": {
      "D": 7,
      "dim": 6,
      "coefficients": [
        [
          0.7071067811865476,
          -0.7071067811865476,
          0.0,
          0.0,
          0.0,
          0.0,
          0.0
        ],
        [
          0.408248290463863,
          0.408248290463863,
          -0.816496580927726,
          0.0,
          0.0,
          0.0,
          0.0
        ],
        [
          0.28867513459481287,
          0.28867513459481287,
          0.28867513459481287,
          -0.8660254037844386,
          0.0,
          0.0,
          0.0
        ],
        [
          0.22360679774997896,
          0.22360679774997896,
          0.22360679774997896,
          0.22360679774997896,
          -0.8944271909999159,
          0.0,
          0.0
        ],
        [
          0.18257418583505539,
          0.18257418583505539,
          0.18257418583505539,
          0.18257418583505539,
          0.18257418583505539,
          -0.9128709291752769,
          0.0
        ],
        [
          0.1543033499620919,
          0.1543033499620919,
          0.1543033499620919,
          0.1543033499620919,
          0.1543033499620919,
          0.1543033499620919,
          -0.9258200997725514
        ]
      ]
    },
    "timesteps": [
      {
        "raw_values": [
          0.446769,
          0.04,
          0.16,
          0.102822,
          0.094962,
          0.123015,
          0.032432
        ],
        "index": 0,
        "label": "sample_00",
        "coda_standard": {
          "composition": [
            0.446769,
            0.04,
            0.16,
            0.102822,
            0.094962,
            0.123015,
            0.032432
          ],
          "shannon_entropy": 1.6083661978654218,
          "aitchison_norm": 2.147961527879001,
          "ilr": [
            1.7063633758049512,
            -0.14673525165746992,
            0.27917683878422844,
            0.2873765592960115,
            -0.001635936718667741,
            1.2328843621546701
          ],
          "clr": [
            1.4814669696263372,
            -0.9316952587737628,
            0.45459910234612755,
            0.012424625019067825,
            -0.06709790130849802,
            0.19173158626878495,
            -1.141429123178055
          ]
        },
        "higgins_extensions": {
          "metric_tensor": {
            "matrix": [
              [
                4.294248258999518,
                -7.993904168437314,
                -1.9984760421093286,
                -3.1098030259817224,
                -3.3672012672173355,
                -2.5993266409583597,
                -9.859279931471775
              ],
              [
                -7.993904168437314,
                535.7142857142858,
                -22.32142857142857,
                -34.7340897028707,
                -37.609028573835545,
                -29.032464101358137,
                -110.12051589259285
              ],
              [
                -1.9984760421093286,
                -22.32142857142857,
                33.48214285714286,
                -8.683522425717674,
                -9.402257143458886,
                -7.258116025339534,
                -27.530128973148212
              ],
              [
                -3.1098030259817224,
                -34.7340897028707,
                -8.683522425717674,
                81.07390955913102,
                -14.63073216776003,
                -11.294261578789806,
                -42.83928182396485
              ],
              [
                -3.3672012672173355,
                -37.609028573835545,
                -9.402257143458886,
                -14.63073216776003,
                95.05030283398129,
                -12.229087045916529,
                -46.3850870422244
              ],
              [
                -2.5993266409583597,
                -29.032464101358137,
                -7.258116025339534,
                -11.294261578789806,
                -12.229087045916529,
                56.64180290473482,
                -35.807183154117084
              ],
              [
                -9.859279931471775,
                -110.12051589259285,
                -27.530128973148212,
                -42.83928182396485,
                -46.3850870422244,
                -35.807183154117084,
                814.9026829742934
              ]
            ],
            "eigenvalues": [
              -1.3806057457982359e-14,
              16.157344035188075,
              50.74296170800989,
              80.48780434172679,
              104.29167956785524,
              512.816512459263,
              856.6630729905255
            ],
            "trace": 1621.159375102569
          },
          "metric_tensor_diagonal": [
            4.294248258999518,
            535.7142857142858,
            33.48214285714286,
            81.07390955913102,
            95.05030283398129,
            56.64180290473482,
            814.9026829742934
          ],
          "bearing_tensor": {
            "pairs": [
              {
                "carrier_i": "SiO2",
                "carrier_j": "TiO2",
                "theta_deg": -32.165806211319506
              },
              {
                "carrier_i": "SiO2",
                "carrier_j": "Al2O3",
                "theta_deg": 17.059019254889666
              },
              {
                "carrier_i": "SiO2",
                "carrier_j": "Fe2O3",
                "theta_deg": 0.4805114798392598
              },
              {
                "carrier_i": "SiO2",
                "carrier_j": "MgO",
                "theta_deg": -2.593241124601616
              },
              {
                "carrier_i": "SiO2",
                "carrier_j": "CaO",
                "theta_deg": 7.374235421617939
              },
              {
                "carrier_i": "SiO2",
                "carrier_j": "Na2O",
                "theta_deg": -37.61325224840405
              },
              {
                "carrier_i": "TiO2",
                "carrier_j": "Al2O3",
                "theta_deg": 153.9910107524097
              },
              {
                "carrier_i": "TiO2",
                "carrier_j": "Fe2O3",
                "theta_deg": 179.23597724224106
              },
              {
                "carrier_i": "TiO2",
                "carrier_j": "MgO",
                "theta_deg": -175.8808410562701
              },
              {
                "carrier_i": "TiO2",
                "carrier_j": "CaO",
                "theta_deg": 168.37155923365557
              },
              {
                "carrier_i": "TiO2",
                "carrier_j": "Na2O",
                "theta_deg": -129.22315520871163
              },
              {
                "carrier_i": "Al2O3",
                "carrier_j": "Fe2O3",
                "theta_deg": 1.565558308729252
              },
              {
                "carrier_i": "Al2O3",
                "carrier_j": "MgO",
                "theta_deg": -8.396120265134691
              },
              {
                "carrier_i": "Al2O3",
                "carrier_j": "CaO",
                "theta_deg": 22.86805743530027
              },
              {
                "carrier_i": "Al2O3",
                "carrier_j": "Na2O",
                "theta_deg": -68.28399911169899
              },
              {
                "carrier_i": "Fe2O3",
                "carrier_j": "MgO",
                "theta_deg": -79.50927615192855
              },
              {
                "carrier_i": "Fe2O3",
                "carrier_j": "CaO",
                "theta_deg": 86.29229266099388
              },
              {
                "carrier_i": "Fe2O3",
                "carrier_j": "Na2O",
                "theta_deg": -89.37635158663744
              },
              {
                "carrier_i": "MgO",
                "carrier_j": "CaO",
                "theta_deg": 109.28787545329855
              },
              {
                "carrier_i": "MgO",
                "carrier_j": "Na2O",
                "theta_deg": -93.36421018932914
              },
              {
                "carrier_i": "CaO",
                "carrier_j": "Na2O",
                "theta_deg": -80.46475589299013
              }
            ]
          },
          "higgins_scale": 0.17346327699342123,
          "condition_number": 13.775561174148988
        }
      },
      {
        "raw_values": [
          0.437529,
          0.045,
          0.165176,
          0.097602,
          0.09423,
          0.129465,
          0.030998
        ],
        "index": 1,
        "label": "sample_01",
        "coda_standard": {
          "aitchison_distance_step": 0.14817526827199892,
          "composition": [
            0.43752900000000006,
            0.045000000000000005,
            0.16517600000000002,
            0.09760200000000001,
            0.09423000000000001,
            0.12946500000000002,
            0.030998000000000005
          ],
          "shannon_entropy": 1.6206873734838072,
          "aitchison_norm": 2.122692174763417,
          "ilr": [
            1.6083005849047185,
            -0.1331778040878936,
            0.3614568033048725,
            0.3114307439040937,
            -0.03571137076962913,
            1.2932670022037336
          ],
          "clr": [
            1.449887718027486,
            -0.8245927815173482,
            0.4757563007949104,
            -0.050357286275296786,
            -0.08551666906900302,
            0.23215530305206267,
            -1.1973325850128087
          ]
        },
        "higgins_extensions": {
          "metric_tensor": {
            "matrix": [
              [
                4.4775404971735755,
                -7.255754874769841,
                -1.9767337226028165,
                -3.3453102330345983,
                -3.4650214301670683,
                -2.5219864006846855,
                -10.533226961889245
              ],
              [
                -7.255754874769841,
                423.28042328042324,
                -19.21951842037084,
                -32.52600535443099,
                -33.689941362657045,
                -24.520937509003772,
                -102.41316132018756
              ],
              [
                -1.9767337226028165,
                -19.21951842037084,
                31.41661000084835,
                -8.86127670454179,
                -9.17837555891635,
                -6.680402648721181,
                -27.901101003828884
              ],
              [
                -3.3453102330345983,
                -32.52600535443099,
                -8.86127670454179,
                89.97788411811611,
                -15.532953846433138,
                -11.305528451314212,
                -47.21821539936107
              ],
              [
                -3.4650214301670683,
                -33.689941362657045,
                -9.17837555891635,
                -15.532953846433138,
                96.53278327408897,
                -11.710094321396262,
                -48.90790893991765
              ],
              [
                -2.5219864006846855,
                -24.520937509003772,
                -6.680402648721181,
                -11.305528451314212,
                -11.710094321396262,
                51.13855580605584,
                -35.597205881191364
              ],
              [
                -10.533226961889245,
                -102.41316132018756,
                -27.901101003828884,
                -47.21821539936107,
                -48.90790893991765,
                -35.597205881191364,
                892.0431497661347
              ]
            ],
            "eigenvalues": [
              -9.5436434605769e-15,
              15.732563389615231,
              47.354566841542415,
              82.03338429906141,
              109.08855777065736,
              415.705850357577,
              918.952024084387
            ],
            "trace": 1588.8669467428408
          },
          "helmsman": "TiO2",
          "metric_tensor_diagonal": [
            4.4775404971735755,
            423.28042328042324,
            31.41661000084835,
            89.97788411811611,
            96.53278327408897,
            51.13855580605584,
            892.0431497661347
          ],
          "bearing_tensor": {
            "pairs": [
              {
                "carrier_i": "SiO2",
                "carrier_j": "TiO2",
                "theta_deg": -29.628133013335372
              },
              {
                "carrier_i": "SiO2",
                "carrier_j": "Al2O3",
                "theta_deg": 18.166380837376387
              },
              {
                "carrier_i": "SiO2",
                "carrier_j": "Fe2O3",
                "theta_deg": -1.98918896262141
              },
              {
                "carrier_i": "SiO2",
                "carrier_j": "MgO",
                "theta_deg": -3.37548501017503
              },
              {
                "carrier_i": "SiO2",
                "carrier_j": "CaO",
                "theta_deg": 9.09695299161578
              },
              {
                "carrier_i": "SiO2",
                "carrier_j": "Na2O",
                "theta_deg": -39.55025376855968
              },
              {
                "carrier_i": "TiO2",
                "carrier_j": "Al2O3",
                "theta_deg": 150.01681253736902
              },
              {
                "carrier_i": "TiO2",
                "carrier_j": "Fe2O3",
                "theta_deg": -176.5053281774364
              },
              {
                "carrier_i": "TiO2",
                "carrier_j": "MgO",
                "theta_deg": -174.07914943370423
              },
              {
                "carrier_i": "TiO2",
                "carrier_j": "CaO",
                "theta_deg": 164.2760008708809
              },
              {
                "carrier_i": "TiO2",
                "carrier_j": "Na2O",
                "theta_deg": -124.55485444798126
              },
              {
                "carrier_i": "Al2O3",
                "carrier_j": "Fe2O3",
                "theta_deg": -6.042078212315152
              },
              {
                "carrier_i": "Al2O3",
                "carrier_j": "MgO",
                "theta_deg": -10.190037339470816
              },
              {
                "carrier_i": "Al2O3",
                "carrier_j": "CaO",
                "theta_deg": 26.011036357081622
              },
              {
                "carrier_i": "Al2O3",
                "carrier_j": "Na2O",
                "theta_deg": -68.32975834509824
              },
              {
                "carrier_i": "Fe2O3",
                "carrier_j": "MgO",
                "theta_deg": -120.49209979526698
              },
              {
                "carrier_i": "Fe2O3",
                "carrier_j": "CaO",
                "theta_deg": 102.23855184735793
              },
              {
                "carrier_i": "Fe2O3",
                "carrier_j": "Na2O",
                "theta_deg": -92.40832045958943
              },
              {
                "carrier_i": "MgO",
                "carrier_j": "CaO",
                "theta_deg": 110.22176668959571
              },
              {
                "carrier_i": "MgO",
                "carrier_j": "Na2O",
                "theta_deg": -94.08527936799682
              },
              {
                "carrier_i": "CaO",
                "carrier_j": "Na2O",
                "theta_deg": -79.02686534049238
              }
            ]
          },
          "helmsman_delta": 0.10710247725641464,
          "higgins_scale": 0.16713144526708645,
          "condition_number": 14.11474933866701,
          "angular_velocity_deg": 3.918477210112198
        }
      },
      {
        "raw_values": [
          0.431335,
          0.04866,
          0.17,
          0.092544,
          0.09133,
          0.135953,
          0.030178
        ],
        "index": 2,
        "label": "sample_02",
        "coda_standard": {
          "aitchison_distance_step": 0.11804059943906918,
          "composition": [
            0.431335,
            0.04866,
            0.17,
            0.092544,
            0.09133,
            0.135953,
            0.030178
          ],
          "shannon_entropy": 1.6267920804120202,
          "aitchison_norm": 2.115290480749993,
          "ilr": [
            1.542926592611669,
            -0.1305800472586644,
            0.4343083346387293,
            0.3482245988786325,
            -0.07884317166806842,
            1.3269061204552774
          ],
          "clr": [
            1.4312955114527321,
            -0.7507322015647975,
            0.5002088981300878,
            -0.10790533182392936,
            -0.12111021821658641,
            0.27671969885120795,
            -1.2284763568287143
          ]
        },
        "higgins_extensions": {
          "metric_tensor": {
            "matrix": [
              [
                4.607059391235028,
                -6.806363757084396,
                -1.9482215318807454,
                -3.5788128935395784,
                -3.6263841062052644,
                -2.4361188088510497,
                -10.974804838615109
              ],
              [
                -6.806363757084396,
                362.00035895955597,
                -17.26954653624705,
                -31.723535952217308,
                -32.14521965577574,
                -21.594395939493786,
                -97.28354798734172
              ],
              [
                -1.9482215318807454,
                -17.26954653624705,
                29.658922392486403,
                -9.080395643734672,
                -9.20109640264734,
                -6.181078273033927,
                -27.845984970964988
              ],
              [
                -3.5788128935395784,
                -31.723535952217308,
                -9.080395643734672,
                100.08216152975196,
                -16.902083208528353,
                -11.354418508123354,
                -51.15207301460978
              ],
              [
                -3.6263841062052644,
                -32.14521965577574,
                -9.20109640264734,
                -16.902083208528353,
                102.76052042812097,
                -11.505346615742557,
                -51.83200969083597
              ],
              [
                -2.4361188088510497,
                -21.594395939493786,
                -6.181078273033927,
                -11.354418508123354,
                -11.505346615742557,
                46.37411339576624,
                -34.819514428251296
              ],
              [
                -10.974804838615109,
                -97.28354798734172,
                -27.845984970964988,
                -51.15207301460978,
                -51.83200969083597,
                -34.819514428251296,
                941.1791593340942
              ]
            ],
            "eigenvalues": [
              3.60778225471813e-14,
              15.32765180020107,
              44.126716155990984,
              85.19502648333281,
              118.36397851972043,
              360.1255363169171,
              963.5233861548481
            ],
            "trace": 1586.6622954310105
          },
          "helmsman": "TiO2",
          "metric_tensor_diagonal": [
            4.607059391235028,
            362.00035895955597,
            29.658922392486403,
            100.08216152975196,
            102.76052042812097,
            46.37411339576624,
            941.1791593340942
          ],
          "bearing_tensor": {
            "pairs": [
              {
                "carrier_i": "SiO2",
                "carrier_j": "TiO2",
                "theta_deg": -27.67756611876936
              },
              {
                "carrier_i": "SiO2",
                "carrier_j": "Al2O3",
                "theta_deg": 19.26349037558724
              },
              {
                "carrier_i": "SiO2",
                "carrier_j": "Fe2O3",
                "theta_deg": -4.31137158168625
              },
              {
                "carrier_i": "SiO2",
                "carrier_j": "MgO",
                "theta_deg": -4.836607214591424
              },
              {
                "carrier_i": "SiO2",
                "carrier_j": "CaO",
                "theta_deg": 10.942284451303243
              },
              {
                "carrier_i": "SiO2",
                "carrier_j": "Na2O",
                "theta_deg": -40.63938686958438
              },
              {
                "carrier_i": "TiO2",
                "carrier_j": "Al2O3",
                "theta_deg": 146.32468896472184
              },
              {
                "carrier_i": "TiO2",
                "carrier_j": "Fe2O3",
                "theta_deg": -171.82069898246368
              },
              {
                "carrier_i": "TiO2",
                "carrier_j": "MgO",
                "theta_deg": -170.83583951814586
              },
              {
                "carrier_i": "TiO2",
                "carrier_j": "CaO",
                "theta_deg": 159.766126323648
              },
              {
                "carrier_i": "TiO2",
                "carrier_j": "Na2O",
                "theta_deg": -121.42945186148937
              },
              {
                "carrier_i": "Al2O3",
                "carrier_j": "Fe2O3",
                "theta_deg": -12.173333994628338
              },
              {
                "carrier_i": "Al2O3",
                "carrier_j": "MgO",
                "theta_deg": -13.61049052649801
              },
              {
                "carrier_i": "Al2O3",
                "carrier_j": "CaO",
                "theta_deg": 28.951731348900697
              },
              {
                "carrier_i": "Al2O3",
                "carrier_j": "Na2O",
                "theta_deg": -67.84491397301076
              },
              {
                "carrier_i": "Fe2O3",
                "carrier_j": "MgO",
                "theta_deg": -131.70001674127118
              },
              {
                "carrier_i": "Fe2O3",
                "carrier_j": "CaO",
                "theta_deg": 111.3030247587832
              },
              {
                "carrier_i": "Fe2O3",
                "carrier_j": "Na2O",
                "theta_deg": -95.0197899944002
              },
              {
                "carrier_i": "MgO",
                "carrier_j": "CaO",
                "theta_deg": 113.63725858934636
              },
              {
                "carrier_i": "MgO",
                "carrier_j": "Na2O",
                "theta_deg": -95.63035161263657
              },
              {
                "carrier_i": "CaO",
                "carrier_j": "Na2O",
                "theta_deg": -77.30574383191326
              }
            ]
          },
          "helmsman_delta": 0.07386057995255069,
          "higgins_scale": 0.16399424649602468,
          "condition_number": 14.29302803366691,
          "angular_velocity_deg": 3.185854903112391
        }
      },
      {
        "raw_values": [
          0.429096,
          0.05,
          0.174142,
          0.087995,
          0.086706,
          0.142034,
          0.030027
        ],
        "index": 3,
        "label": "sample_03",
        "coda_standard": {
          "aitchison_distance_step": 0.09208834816115576,
          "composition": [
            0.429096,
            0.05,
            0.174142,
            0.087995,
            0.086706,
            0.142034,
            0.030027
          ],
          "shannon_entropy": 1.6255704439611276,
          "aitchison_norm": 2.123990265042288,
          "ilr": [
            1.5200375119315708,
            -0.14126960203319722,
            0.49124850795641456,
            0.39371843882096336,
            -0.12907164475832084,
            1.3296107372983395
          ],
          "clr": [
            1.4286033477484326,
            -0.7210543169410499,
            0.5267937359773804,
            -0.1557973276870217,
            -0.17055423682494775,
            0.32298914319141026,
            -1.2309803454642045
          ]
        },
        "higgins_extensions": {
          "metric_tensor": {
            "matrix": [
              [
                4.655263606952638,
                -6.658516642296496,
                -1.9118066412170804,
                -3.78346306170606,
                -3.8397092717323456,
                -2.3439868771901433,
                -11.087548943112024
              ],
              [
                -6.658516642296496,
                342.85714285714283,
                -16.406971650393682,
                -32.46937731851647,
                -32.95207779326525,
                -20.115907861095632,
                -95.15245802587194
              ],
              [
                -1.9118066412170804,
                -16.406971650393682,
                28.264815467366322,
                -9.322672680489621,
                -9.461266608074231,
                -5.775719774981232,
                -27.320364422675734
              ],
              [
                -3.78346306170606,
                -32.46937731851647,
                -9.322672680489621,
                110.69734866248017,
                -18.72383532772615,
                -11.430142542812451,
                -54.0669685924609
              ],
              [
                -3.8397092717323456,
                -32.95207779326525,
                -9.461266608074231,
                -18.72383532772615,
                114.01314024380753,
                -11.600066812617138,
                -54.87074598405643
              ],
              [
                -2.3439868771901433,
                -20.115907861095632,
                -5.775719774981232,
                -11.430142542812451,
                -11.600066812617138,
                42.48822365298936,
                -33.496366372091174
              ],
              [
                -11.087548943112024,
                -95.15245802587194,
                -27.320364422675734,
                -54.0669685924609,
                -54.87074598405643,
                -33.496366372091174,
                950.668978178359
              ]
            ],
            "eigenvalues": [
              6.34046393808307e-14,
              14.947016934836936,
              41.33563983919293,
              90.4832110600017,
              131.12909374344835,
              343.4779039368549,
              972.2720471547632
            ],
            "trace": 1593.644912669098
          },
          "helmsman": "MgO",
          "metric_tensor_diagonal": [
            4.655263606952638,
            342.85714285714283,
            28.264815467366322,
            110.69734866248017,
            114.01314024380753,
            42.48822365298936,
            950.668978178359
          ],
          "bearing_tensor": {
            "pairs": [
              {
                "carrier_i": "SiO2",
                "carrier_j": "TiO2",
                "theta_deg": -26.78129929862846
              },
              {
                "carrier_i": "SiO2",
                "carrier_j": "Al2O3",
                "theta_deg": 20.241320131576636
              },
              {
                "carrier_i": "SiO2",
                "carrier_j": "Fe2O3",
                "theta_deg": -6.22383503696354
              },
              {
                "carrier_i": "SiO2",
                "carrier_j": "MgO",
                "theta_deg": -6.808051044767515
              },
              {
                "carrier_i": "SiO2",
                "carrier_j": "CaO",
                "theta_deg": 12.739668168208581
              },
              {
                "carrier_i": "SiO2",
                "carrier_j": "Na2O",
                "theta_deg": -40.75039007141074
              },
              {
                "carrier_i": "TiO2",
                "carrier_j": "Al2O3",
                "theta_deg": 143.84857869043967
              },
              {
                "carrier_i": "TiO2",
                "carrier_j": "Fe2O3",
                "theta_deg": -167.80760162964742
              },
              {
                "carrier_i": "TiO2",
                "carrier_j": "MgO",
                "theta_deg": -166.69215716146633
              },
              {
                "carrier_i": "TiO2",
                "carrier_j": "CaO",
                "theta_deg": 155.8704787832156
              },
              {
                "carrier_i": "TiO2",
                "carrier_j": "Na2O",
                "theta_deg": -120.35990169498179
              },
              {
                "carrier_i": "Al2O3",
                "carrier_j": "Fe2O3",
                "theta_deg": -16.47539076924465
              },
              {
                "carrier_i": "Al2O3",
                "carrier_j": "MgO",
                "theta_deg": -17.93982930048066
              },
              {
                "carrier_i": "Al2O3",
                "carrier_j": "CaO",
                "theta_deg": 31.513402603869174
              },
              {
                "carrier_i": "Al2O3",
                "carrier_j": "Na2O",
                "theta_deg": -66.83166581252837
              },
              {
                "carrier_i": "Fe2O3",
                "carrier_j": "MgO",
                "theta_deg": -132.41097284925362
              },
              {
                "carrier_i": "Fe2O3",
                "carrier_j": "CaO",
                "theta_deg": 115.75084318251102
              },
              {
                "carrier_i": "Fe2O3",
                "carrier_j": "Na2O",
                "theta_deg": -97.213209798842
              },
              {
                "carrier_i": "MgO",
                "carrier_j": "CaO",
                "theta_deg": 117.83626913752302
              },
              {
                "carrier_i": "MgO",
                "carrier_j": "Na2O",
                "theta_deg": -97.88819961133696
              },
              {
                "carrier_i": "CaO",
                "carrier_j": "Na2O",
                "theta_deg": -75.29793172140297
              }
            ]
          },
          "helmsman_delta": 0.04944401860836134,
          "higgins_scale": 0.16462204344311682,
          "condition_number": 14.290338695174341,
          "angular_velocity_deg": 2.478295946829607
        }
      },
      {
        "raw_values": [
          0.430843,
          0.04866,
          0.177321,
          0.084264,
          0.081061,
          0.147296,
          0.030555
        ],
        "index": 4,
        "label": "sample_04",
        "coda_standard": {
          "aitchison_distance_step": 0.09258335314617311,
          "composition": [
            0.430843,
            0.04866,
            0.177321,
            0.084264,
            0.081061,
            0.147296,
            0.030555
          ],
          "shannon_entropy": 1.6174205753077129,
          "aitchison_norm": 2.1463454679666905,
          "ilr": [
            1.5421195746313758,
            -0.1654720980172089,
            0.5273224523071123,
            0.44312374627103923,
            -0.1833960273997562,
            1.3012391571479858
          ],
          "clr": [
            1.4415020499545181,
            -0.7393843672902016,
            0.5537199447371413,
            -0.19028697711133713,
            -0.2290397469806762,
            0.36820246298925285,
            -1.2047133662986993
          ]
        },
        "higgins_extensions": {
          "metric_tensor": {
            "matrix": [
              [
                4.617587437094742,
                -6.814136265790552,
                -1.869918795254754,
                -3.934964761859967,
                -4.090448806372587,
                -2.2510853702297973,
                -10.851771254896688
              ],
              [
                -6.814136265790552,
                362.00035895955597,
                -16.556543845128317,
                -34.84077317908001,
                -36.21745242671567,
                -19.931450352772636,
                -96.08322406028469
              ],
              [
                -1.869918795254754,
                -16.556543845128317,
                27.260440337149376,
                -9.560920719452481,
                -9.938705709329321,
                -5.469540405061536,
                -26.366925986056096
              ],
              [
                -3.934964761859967,
                -34.84077317908001,
                -9.560920719452481,
                120.71717622429748,
                -20.91452144550442,
                -11.509830700725297,
                -55.485256844838275
              ],
              [
                -4.090448806372587,
                -36.21745242671567,
                -9.938705709329321,
                -20.91452144550442,
                130.44555841284847,
                -11.964623853220619,
                -57.67767092403811
              ],
              [
                -2.2510853702297973,
                -19.931450352772636,
                -5.469540405061536,
                -11.509830700725297,
                -11.964623853220619,
                39.5067499796023,
                -31.741593001666388
              ],
              [
                -10.851771254896688,
                -96.08322406028469,
                -26.366925986056096,
                -55.485256844838275,
                -57.67767092403811,
                -31.741593001666388,
                918.097139474414
              ]
            ],
            "eigenvalues": [
              -2.13602232427694e-15,
              14.604553408113727,
              39.13555626069918,
              97.53923216557179,
              146.84814066601305,
              362.8588052065486,
              941.6587231180163
            ],
            "trace": 1602.6450108249624
          },
          "helmsman": "MgO",
          "metric_tensor_diagonal": [
            4.617587437094742,
            362.00035895955597,
            27.260440337149376,
            120.71717622429748,
            130.44555841284847,
            39.5067499796023,
            918.097139474414
          ],
          "bearing_tensor": {
            "pairs": [
              {
                "carrier_i": "SiO2",
                "carrier_j": "TiO2",
                "theta_deg": -27.154482277206352
              },
              {
                "carrier_i": "SiO2",
                "carrier_j": "Al2O3",
                "theta_deg": 21.013133642892107
              },
              {
                "carrier_i": "SiO2",
                "carrier_j": "Fe2O3",
                "theta_deg": -7.5199104587764785
              },
              {
                "carrier_i": "SiO2",
                "carrier_j": "MgO",
                "theta_deg": -9.028235450338736
              },
              {
                "carrier_i": "SiO2",
                "carrier_j": "CaO",
                "theta_deg": 14.328667292918789
              },
              {
                "carrier_i": "SiO2",
                "carrier_j": "Na2O",
                "theta_deg": -39.88667677632525
              },
              {
                "carrier_i": "TiO2",
                "carrier_j": "Al2O3",
                "theta_deg": 143.17070851314358
              },
              {
                "carrier_i": "TiO2",
                "carrier_j": "Fe2O3",
                "theta_deg": -165.5676292357073
              },
              {
                "carrier_i": "TiO2",
                "carrier_j": "MgO",
                "theta_deg": -162.78854117621145
              },
              {
                "carrier_i": "TiO2",
                "carrier_j": "CaO",
                "theta_deg": 153.52737542091967
              },
              {
                "carrier_i": "TiO2",
                "carrier_j": "Na2O",
                "theta_deg": -121.53922921587002
              },
              {
                "carrier_i": "Al2O3",
                "carrier_j": "Fe2O3",
                "theta_deg": -18.965387031685783
              },
