{
  "metadata": {
    "_function": "provenance",
    "_description": "Identity, schema version, run-time provenance.",
    "schema_version": "2.1.0",
    "engine_version": "cnt 2.0.4",
    "engine_implementation": "python",
    "generated": "2026-05-06T01:24:34.677023+00:00",
    "wall_clock_ms": 18806,
    "mathematical_lineage": {
      "Aitchison_1986": "CLR transform, simplex geometry, Aitchison distance",
      "Shannon_1948": "Entropy H = -sum x_j ln x_j",
      "Egozcue_2003": "ILR, Helmert basis, orthonormal coordinates",
      "Higgins_2026": "CNT tensor decomposition, recursive depth sounder, metric dual involution"
    },
    "engine_config": {
      "_description": "Active values from the USER CONFIGURATION block at top of cnt.py. Two runs with identical config and input produce identical content_sha256. Two runs with different config produce different content_sha256 - that is correct.",
      "DEFAULT_DELTA": 1e-15,
      "DEGEN_THRESHOLD": 0.0001,
      "LOCK_CLR_THRESHOLD": -10.0,
      "DEPTH_MAX_LEVELS": 50,
      "DEPTH_PRECISION_TARGET": 0.01,
      "NOISE_FLOOR_OMEGA_VAR": 1e-06,
      "TRIADIC_T_LIMIT": 500,
      "TRIADIC_K_DEFAULT": 500,
      "EITT_GATE_PCT": 5.0,
      "EITT_M_SWEEP_BASE": [
        2,
        4,
        8,
        16,
        32,
        64,
        128
      ],
      "active_overrides": {}
    },
    "units": {
      "input_units": "ratio",
      "higgins_scale_units": "neper",
      "units_scale_factor_to_neper": 1.0,
      "feature": "v1.1-B native units",
      "schema_addition": "2.1.0",
      "_description": "v1.1-B native units (additive 2.1.0).",
      "report_units_scale_factors": true
    },
    "environment": {
      "git_sha": "unknown",
      "language_version": "python 3.10.12",
      "numerical_lib": "numpy 2.2.6",
      "platform": "Linux-6.8.0-106-generic-x86_64-with-glibc2.35",
      "hostname_hash": "c857d09db23e6822e3600bc06ad8d58f92ed62bc8efd81c753f77048662cb97d"
    }
  },
  "input": {
    "_function": "provenance",
    "_description": "Source data identity, hashes, and ordering declaration.",
    "source_file": "financial_sector_input.csv",
    "source_file_sha256": "b9fb10cd3fd290955e5b1adc14a9831f64a45b264be85c31a3f9b7659297c9dd",
    "closed_data_sha256": "1520196588b2c76032ac3459e4c0ed2cafe38e9a30690a729e37ec812161f06a",
    "n_records": 252,
    "n_carriers": 10,
    "carriers": [
      "Information Tech",
      "Health Care",
      "Financials",
      "Cons Discretionary",
      "Comm Services",
      "Industrials",
      "Cons Staples",
      "Energy",
      "Utilities",
      "Materials"
    ],
    "labels": [
      "day_000",
      "day_001",
      "day_002",
      "day_003",
      "day_004",
      "day_005",
      "day_006",
      "day_007",
      "day_008",
      "day_009",
      "day_010",
      "day_011",
      "day_012",
      "day_013",
      "day_014",
      "day_015",
      "day_016",
      "day_017",
      "day_018",
      "day_019",
      "day_020",
      "day_021",
      "day_022",
      "day_023",
      "day_024",
      "day_025",
      "day_026",
      "day_027",
      "day_028",
      "day_029",
      "day_030",
      "day_031",
      "day_032",
      "day_033",
      "day_034",
      "day_035",
      "day_036",
      "day_037",
      "day_038",
      "day_039",
      "day_040",
      "day_041",
      "day_042",
      "day_043",
      "day_044",
      "day_045",
      "day_046",
      "day_047",
      "day_048",
      "day_049",
      "day_050",
      "day_051",
      "day_052",
      "day_053",
      "day_054",
      "day_055",
      "day_056",
      "day_057",
      "day_058",
      "day_059",
      "day_060",
      "day_061",
      "day_062",
      "day_063",
      "day_064",
      "day_065",
      "day_066",
      "day_067",
      "day_068",
      "day_069",
      "day_070",
      "day_071",
      "day_072",
      "day_073",
      "day_074",
      "day_075",
      "day_076",
      "day_077",
      "day_078",
      "day_079",
      "day_080",
      "day_081",
      "day_082",
      "day_083",
      "day_084",
      "day_085",
      "day_086",
      "day_087",
      "day_088",
      "day_089",
      "day_090",
      "day_091",
      "day_092",
      "day_093",
      "day_094",
      "day_095",
      "day_096",
      "day_097",
      "day_098",
      "day_099",
      "day_100",
      "day_101",
      "day_102",
      "day_103",
      "day_104",
      "day_105",
      "day_106",
      "day_107",
      "day_108",
      "day_109",
      "day_110",
      "day_111",
      "day_112",
      "day_113",
      "day_114",
      "day_115",
      "day_116",
      "day_117",
      "day_118",
      "day_119",
      "day_120",
      "day_121",
      "day_122",
      "day_123",
      "day_124",
      "day_125",
      "day_126",
      "day_127",
      "day_128",
      "day_129",
      "day_130",
      "day_131",
      "day_132",
      "day_133",
      "day_134",
      "day_135",
      "day_136",
      "day_137",
      "day_138",
      "day_139",
      "day_140",
      "day_141",
      "day_142",
      "day_143",
      "day_144",
      "day_145",
      "day_146",
      "day_147",
      "day_148",
      "day_149",
      "day_150",
      "day_151",
      "day_152",
      "day_153",
      "day_154",
      "day_155",
      "day_156",
      "day_157",
      "day_158",
      "day_159",
      "day_160",
      "day_161",
      "day_162",
      "day_163",
      "day_164",
      "day_165",
      "day_166",
      "day_167",
      "day_168",
      "day_169",
      "day_170",
      "day_171",
      "day_172",
      "day_173",
      "day_174",
      "day_175",
      "day_176",
      "day_177",
      "day_178",
      "day_179",
      "day_180",
      "day_181",
      "day_182",
      "day_183",
      "day_184",
      "day_185",
      "day_186",
      "day_187",
      "day_188",
      "day_189",
      "day_190",
      "day_191",
      "day_192",
      "day_193",
      "day_194",
      "day_195",
      "day_196",
      "day_197",
      "day_198",
      "day_199",
      "day_200",
      "day_201",
      "day_202",
      "day_203",
      "day_204",
      "day_205",
      "day_206",
      "day_207",
      "day_208",
      "day_209",
      "day_210",
      "day_211",
      "day_212",
      "day_213",
      "day_214",
      "day_215",
      "day_216",
      "day_217",
      "day_218",
      "day_219",
      "day_220",
      "day_221",
      "day_222",
      "day_223",
      "day_224",
      "day_225",
      "day_226",
      "day_227",
      "day_228",
      "day_229",
      "day_230",
      "day_231",
      "day_232",
      "day_233",
      "day_234",
      "day_235",
      "day_236",
      "day_237",
      "day_238",
      "day_239",
      "day_240",
      "day_241",
      "day_242",
      "day_243",
      "day_244",
      "day_245",
      "day_246",
      "day_247",
      "day_248",
      "day_249",
      "day_250",
      "day_251"
    ],
    "zero_replacement": {
      "method": "multiplicative",
      "delta": 1e-15,
      "applied": false,
      "n_replacements": 0
    },
    "ordering": {
      "is_temporal": true,
      "ordering_method": "by-time",
      "caveat": null
    }
  },
  "tensor": {
    "_function": "composer",
    "_description": "Per-record compositional state. coda_standard fields follow Aitchison/Egozcue/Shannon. higgins_extensions are HUF-framework readings of the same simplex; see schema \u00a78 for the mapping.",
    "helmert_basis": {
      "D": 10,
      "dim": 9,
      "coefficients": [
        [
          0.7071067811865476,
          -0.7071067811865476,
          0.0,
          0.0,
          0.0,
          0.0,
          0.0,
          0.0,
          0.0,
          0.0
        ],
        [
          0.408248290463863,
          0.408248290463863,
          -0.816496580927726,
          0.0,
          0.0,
          0.0,
          0.0,
          0.0,
          0.0,
          0.0
        ],
        [
          0.28867513459481287,
          0.28867513459481287,
          0.28867513459481287,
          -0.8660254037844386,
          0.0,
          0.0,
          0.0,
          0.0,
          0.0,
          0.0
        ],
        [
          0.22360679774997896,
          0.22360679774997896,
          0.22360679774997896,
          0.22360679774997896,
          -0.8944271909999159,
          0.0,
          0.0,
          0.0,
          0.0,
          0.0
        ],
        [
          0.18257418583505539,
          0.18257418583505539,
          0.18257418583505539,
          0.18257418583505539,
          0.18257418583505539,
          -0.9128709291752769,
          0.0,
          0.0,
          0.0,
          0.0
        ],
        [
          0.1543033499620919,
          0.1543033499620919,
          0.1543033499620919,
          0.1543033499620919,
          0.1543033499620919,
          0.1543033499620919,
          -0.9258200997725514,
          0.0,
          0.0,
          0.0
        ],
        [
          0.1336306209562122,
          0.1336306209562122,
          0.1336306209562122,
          0.1336306209562122,
          0.1336306209562122,
          0.1336306209562122,
          0.1336306209562122,
          -0.9354143466934853,
          0.0,
          0.0
        ],
        [
          0.11785113019775792,
          0.11785113019775792,
          0.11785113019775792,
          0.11785113019775792,
          0.11785113019775792,
          0.11785113019775792,
          0.11785113019775792,
          0.11785113019775792,
          -0.9428090415820634,
          0.0
        ],
        [
          0.10540925533894598,
          0.10540925533894598,
          0.10540925533894598,
          0.10540925533894598,
          0.10540925533894598,
          0.10540925533894598,
          0.10540925533894598,
          0.10540925533894598,
          0.10540925533894598,
          -0.9486832980505138
        ]
      ]
    },
    "timesteps": [
      {
        "raw_values": [
          0.313158,
          0.131279,
          0.131322,
          0.101432,
          0.090912,
          0.080254,
          0.060745,
          0.040374,
          0.025241,
          0.025283
        ],
        "index": 0,
        "label": "day_000",
        "coda_standard": {
          "composition": [
            0.313158,
            0.131279,
            0.131322,
            0.101432,
            0.090912,
            0.080254,
            0.060745,
            0.040374,
            0.025241,
            0.025283
          ],
          "shannon_entropy": 2.03487929402702,
          "aitchison_norm": 2.3659665233146403,
          "ilr": [
            0.6147466331764468,
            0.35465673719737895,
            0.47444310830403924,
            0.4654388034995845,
            0.4938599979593385,
            0.6752397294002069,
            0.966890360831729,
            1.2955699748680778,
            1.1572157547277566
          ],
          "clr": [
            1.4187443636325896,
            0.5493613375712605,
            0.5496888306149605,
            0.291425131350604,
            0.18192851379673458,
            0.05723311312965995,
            -0.22127871756833706,
            -0.6297774784408068,
            -1.099493835335521,
            -1.0978312587511425
          ]
        },
        "higgins_extensions": {
          "metric_tensor": {
            "matrix": [
              [
                9.17731181639551,
                -2.432434919182966,
                -2.431638444094825,
                -3.148194098069846,
                -3.5124914615828557,
                -3.9789620922997058,
                -5.2568544531306385,
                -7.9092392072972855,
                -12.651147884609193,
                -12.630131857588918
              ],
              [
                -2.432434919182966,
                52.221818339517306,
                -5.8005243174905905,
                -7.509823866447466,
                -8.378832875984461,
                -9.49156994569117,
                -12.539903768565301,
                -18.86700486504927,
                -30.178537079414415,
                -30.128404636376192
              ],
              [
                -2.431638444094825,
                -5.8005243174905905,
                52.187624974357874,
                -7.5073648540484985,
                -8.376089315776214,
                -9.488462031498083,
                -12.535797709701988,
                -18.86082706384919,
                -30.168655436624828,
                -30.11853940892486
              ],
              [
                -3.148194098069846,
                -7.509823866447466,
                -7.5073648540484985,
                87.47672831325629,
                -10.844356821578634,
                -12.284523729201744,
                -16.22984883304563,
                -24.41873897467075,
                -39.0587602457651,
                -38.9938760180104
              ],
              [
                -3.5124914615828557,
                -8.378832875984461,
                -8.376089315776214,
                -10.844356821578634,
                108.8930307345265,
                -13.706043326517854,
                -18.107906842149376,
                -27.244385028145935,
                -43.5784953498817,
                -43.50610295955242
              ],
              [
                -3.9789620922997058,
                -9.49156994569117,
                -9.488462031498083,
                -12.284523729201744,
                -13.706043326517854,
                139.7362660814853,
                -20.512697520790045,
                -30.862530611294183,
                -49.36586549266635,
                -49.28385915043275
              ],
              [
                -5.2568544531306385,
                -12.539903768565301,
                -12.535797709701988,
                -16.22984883304563,
                -18.107906842149376,
                -20.512697520790045,
                243.9054118281564,
                -40.77440993791758,
                -65.22031721538309,
                -65.11197353294642
              ],
              [
                -7.9092392072972855,
                -18.86700486504927,
                -18.86082706384919,
                -24.41873897467075,
                -27.244385028145935,
                -30.862530611294183,
                -40.77440993791758,
                552.12695757441,
                -98.12771014138914,
                -97.96470085349063
              ],
              [
                -12.651147884609193,
                -30.178537079414415,
                -30.168655436624828,
                -39.0587602457651,
                -43.5784953498817,
                -49.36586549266635,
                -65.22031721538309,
                -98.12771014138914,
                1412.6331572931344,
                -156.69849975273684
              ],
              [
                -12.630131857588918,
                -30.128404636376192,
                -30.11853940892486,
                -38.9938760180104,
                -43.50610295955242,
                -49.28385915043275,
                -65.11197353294642,
                -97.96470085349063,
                -156.69849975273684,
                1407.9437365158196
              ]
            ],
            "eigenvalues": [
              -8.549252315813318e-14,
              21.093754224272974,
              58.00523932488281,
              80.11356644923343,
              110.24974820036441,
              143.55244989686028,
              243.99622877172573,
              545.8563272563252,
              1296.4276524485733,
              1567.0070768988223
            ],
            "trace": 4066.3020434710593
          },
          "metric_tensor_diagonal": [
            9.17731181639551,
            52.221818339517306,
            52.187624974357874,
            87.47672831325629,
            108.8930307345265,
            139.7362660814853,
            243.9054118281564,
            552.12695757441,
            1412.6331572931344,
            1407.9437365158196
          ],
          "bearing_tensor": {
            "pairs": [
              {
                "carrier_i": "Information Tech",
                "carrier_j": "Health Care",
                "theta_deg": 21.167229302510503
              },
              {
                "carrier_i": "Information Tech",
                "carrier_j": "Financials",
                "theta_deg": 21.178729700629717
              },
              {
                "carrier_i": "Information Tech",
                "carrier_j": "Cons Discretionary",
                "theta_deg": 11.607701269207496
              },
              {
                "carrier_i": "Information Tech",
                "carrier_j": "Comm Services",
                "theta_deg": 7.307277710586741
              },
              {
                "carrier_i": "Information Tech",
                "carrier_j": "Industrials",
                "theta_deg": 2.3100981519791386
              },
              {
                "carrier_i": "Information Tech",
                "carrier_j": "Cons Staples",
                "theta_deg": -8.864885997993671
              },
              {
                "carrier_i": "Information Tech",
                "carrier_j": "Energy",
                "theta_deg": -23.936328717057243
              },
              {
                "carrier_i": "Information Tech",
                "carrier_j": "Utilities",
                "theta_deg": -37.77485051152651
              },
              {
                "carrier_i": "Information Tech",
                "carrier_j": "Materials",
                "theta_deg": -37.73287782650349
              },
              {
                "carrier_i": "Health Care",
                "carrier_j": "Financials",
                "theta_deg": 45.017072895498046
              },
              {
                "carrier_i": "Health Care",
                "carrier_j": "Cons Discretionary",
                "theta_deg": 27.9450504921921
              },
              {
                "carrier_i": "Health Care",
                "carrier_j": "Comm Services",
                "theta_deg": 18.32299452432358
              },
              {
                "carrier_i": "Health Care",
                "carrier_j": "Industrials",
                "theta_deg": 5.94768575526415
              },
              {
                "carrier_i": "Health Care",
                "carrier_j": "Cons Staples",
                "theta_deg": -21.939214408662313
              },
              {
                "carrier_i": "Health Care",
                "carrier_j": "Energy",
                "theta_deg": -48.90147618325616
              },
              {
                "carrier_i": "Health Care",
                "carrier_j": "Utilities",
                "theta_deg": -63.45102546496978
              },
              {
                "carrier_i": "Health Care",
                "carrier_j": "Materials",
                "theta_deg": -63.41634264756036
              },
              {
                "carrier_i": "Financials",
                "carrier_j": "Cons Discretionary",
                "theta_deg": 27.930917120122803
              },
              {
                "carrier_i": "Financials",
                "carrier_j": "Comm Services",
                "theta_deg": 18.31280667653268
              },
              {
                "carrier_i": "Financials",
                "carrier_j": "Industrials",
                "theta_deg": 5.944167628029608
              },
              {
                "carrier_i": "Financials",
                "carrier_j": "Cons Staples",
                "theta_deg": -21.927383205065066
              },
              {
                "carrier_i": "Financials",
                "carrier_j": "Energy",
                "theta_deg": -48.8845606839937
              },
              {
                "carrier_i": "Financials",
                "carrier_j": "Utilities",
                "theta_deg": -63.4373704559998
              },
              {
                "carrier_i": "Financials",
                "carrier_j": "Materials",
                "theta_deg": -63.402675239377736
              },
              {
                "carrier_i": "Cons Discretionary",
                "carrier_j": "Comm Services",
                "theta_deg": 31.975373666229512
              },
              {
                "carrier_i": "Cons Discretionary",
                "carrier_j": "Industrials",
                "theta_deg": 11.110937552129638
              },
              {
                "carrier_i": "Cons Discretionary",
                "carrier_j": "Cons Staples",
                "theta_deg": -37.20935461350001
              },
              {
                "carrier_i": "Cons Discretionary",
                "carrier_j": "Energy",
                "theta_deg": -65.16798937310473
              },
              {
                "carrier_i": "Cons Discretionary",
                "carrier_j": "Utilities",
                "theta_deg": -75.15488726895262
              },
              {
                "carrier_i": "Cons Discretionary",
                "carrier_j": "Materials",
                "theta_deg": -75.13340040544233
              },
              {
                "carrier_i": "Comm Services",
                "carrier_j": "Industrials",
                "theta_deg": 17.4631176688445
              },
              {
                "carrier_i": "Comm Services",
                "carrier_j": "Cons Staples",
                "theta_deg": -50.574015422991884
              },
              {
                "carrier_i": "Comm Services",
                "carrier_j": "Energy",
                "theta_deg": -73.88718653692284
              },
              {
                "carrier_i": "Comm Services",
                "carrier_j": "Utilities",
                "theta_deg": -80.60464155369262
              },
              {
                "carrier_i": "Comm Services",
                "carrier_j": "Materials",
                "theta_deg": -80.59066730408459
              },
              {
                "carrier_i": "Industrials",
                "carrier_j": "Cons Staples",
                "theta_deg": -75.49841137767096
              },
              {
                "carrier_i": "Industrials",
                "carrier_j": "Energy",
                "theta_deg": -84.80732023821898
              },
              {
                "carrier_i": "Industrials",
                "carrier_j": "Utilities",
                "theta_deg": -87.02021174048937
              },
              {
                "carrier_i": "Industrials",
                "carrier_j": "Materials",
                "theta_deg": -87.01570724342045
              },
              {
                "carrier_i": "Cons Staples",
                "carrier_j": "Energy",
                "theta_deg": -109.35944357535095
              },
              {
                "carrier_i": "Cons Staples",
                "carrier_j": "Utilities",
                "theta_deg": -101.37906063175265
              },
              {
                "carrier_i": "Cons Staples",
                "carrier_j": "Materials",
                "theta_deg": -101.39584273323239
              },
              {
                "carrier_i": "Energy",
                "carrier_j": "Utilities",
                "theta_deg": -119.80358730630951
              },
              {
                "carrier_i": "Energy",
                "carrier_j": "Materials",
                "theta_deg": -119.84099613269885
              },
              {
                "carrier_i": "Utilities",
                "carrier_j": "Materials",
                "theta_deg": -135.04335207543028
              }
            ]
          },
          "higgins_scale": 0.11626315126488052,
          "condition_number": 12.406719226655046
        }
      },
      {
        "raw_values": [
          0.313183,
          0.131874,
          0.131588,
          0.101363,
          0.090466,
          0.079748,
          0.060743,
          0.040586,
          0.025214,
          0.025237
        ],
        "index": 1,
        "label": "day_001",
        "coda_standard": {
          "aitchison_distance_step": 0.010963750132550467,
          "composition": [
            0.3131823736352527,
            0.1318737362525275,
            0.13158773682452635,
            0.10136279727440543,
            0.09046581906836186,
            0.07974784050431899,
            0.06074287851424297,
            0.040585918828162336,
            0.025213949572100856,
            0.025236949526100946
          ],
          "shannon_entropy": 2.034549974461608,
          "aitchison_norm": 2.3668961519566687,
          "ilr": [
            0.6116054788164984,
            0.35488327697840527,
            0.4769450262215237,
            0.4711668498074639,
            0.49982136119030784,
            0.6744527251277197,
            0.9612790762378116,
            1.2965679860752664,
            1.1588206752094241
          ],
          "clr": [
            1.4191226925656886,
            0.5541819296017061,
            0.5520108376617547,
            0.2910431413877501,
            0.17730909784726334,
            0.051206671319095065,
            -0.2210131424173407,
            -0.6242418121067086,
            -1.1002655958524077,
            -1.0993538200067996
          ]
        },
        "higgins_extensions": {
          "metric_tensor": {
            "matrix": [
              [
                9.175883410677665,
                -2.421276449242175,
                -2.426538973670567,
                -3.1500982653173506,
                -3.529540495516134,
                -4.003904931375867,
                -5.256628919667494,
                -7.867328893395817,
                -12.663734848392266,
                -12.65219362314707
              ],
              [
                -2.421276449242175,
                51.751851007985714,
                -5.762703454745205,
                -7.481059382644674,
                -8.382183607134305,
                -9.508735293712846,
                -12.483786151540293,
                -18.68384719368778,
                -30.07466574930642,
                -30.047256892776957
              ],
              [
                -2.426538973670567,
                -5.762703454745205,
                51.9770556473206,
                -7.497319094650605,
                -8.400401868006425,
                -9.529402058873817,
                -12.510919042376393,
                -18.72445561008893,
                -30.140031545612327,
                -30.112563117290854
              ],
              [
                -3.1500982653173506,
                -7.481059382644674,
                -7.497319094650605,
                87.59621385754126,
                -10.905281818880947,
                -12.370933754161657,
                -16.2414965514855,
                -24.307821047328733,
                -39.12735880966462,
                -39.091699688032804
              ],
              [
                -3.529540495516134,
                -8.382183607134305,
                -8.400401868006425,
                -10.905281818880947,
                109.96980886813901,
                -13.861063362181238,
                -18.197851291625856,
                -27.235797590480207,
                -43.840409336369845,
                -43.80045492757576
              ],
              [
                -4.003904931375867,
                -9.508735293712846,
                -9.529402058873817,
                -12.370933754161657,
                -13.861063362181238,
                141.5157072667376,
                -20.64361256643709,
                -30.896243978787957,
                -49.73248822571142,
                -49.6871640101077
              ],
              [
                -5.256628919667494,
                -12.483786151540293,
                -12.510919042376393,
                -16.2414965514855,
                -18.197851291625856,
                -20.64361256643709,
                243.92244924574064,
                -40.56292354378911,
                -65.29256821401701,
                -65.23306315917996
              ],
              [
                -7.867328893395817,
                -18.68384719368778,
                -18.72445561008893,
                -24.307821047328733,
                -27.235797590480207,
                -30.896243978787957,
                -40.56292354378911,
                546.3761637851338,
                -97.72006285477838,
                -97.63100466855737
              ],
              [
                -12.663734848392266,
                -30.07466574930642,
                -30.140031545612327,
                -39.12735880966462,
                -43.840409336369845,
                -49.73248822571142,
                -65.29256821401701,
                -97.72006285477838,
                1415.6658300633103,
                -157.15284982462396
              ],
              [
                -12.65219362314707,
                -30.047256892776957,
                -30.112563117290854,
                -39.091699688032804,
                -43.80045492757576,
                -49.6871640101077,
                -65.23306315917996,
                -97.63100466855737,
                -157.15284982462396,
                1413.0866426002542
              ]
            ],
            "eigenvalues": [
              -4.7739040882560066e-15,
              21.06075190663769,
              57.626877180873514,
              80.10770982968583,
              110.99345696108766,
              145.2018955822097,
              244.1744217273686,
              540.634242141165,
              1299.7031010654064,
              1571.5351493584074
            ],
            "trace": 4071.037605752841
          },
          "helmsman": "Industrials",
          "metric_tensor_diagonal": [
            9.175883410677665,
            51.751851007985714,
            51.9770556473206,
            87.59621385754126,
            109.96980886813901,
            141.5157072667376,
            243.92244924574064,
            546.3761637851338,
            1415.6658300633103,
            1413.0866426002542
          ],
          "bearing_tensor": {
            "pairs": [
              {
                "carrier_i": "Information Tech",
                "carrier_j": "Health Care",
                "theta_deg": 21.331153808475907
              },
              {
                "carrier_i": "Information Tech",
                "carrier_j": "Financials",
                "theta_deg": 21.255057153683765
              },
              {
                "carrier_i": "Information Tech",
                "carrier_j": "Cons Discretionary",
                "theta_deg": 11.589891465834459
              },
              {
                "carrier_i": "Information Tech",
                "carrier_j": "Comm Services",
                "theta_deg": 7.1217868476670825
              },
              {
                "carrier_i": "Information Tech",
                "carrier_j": "Industrials",
                "theta_deg": 2.066525909435138
              },
              {
                "carrier_i": "Information Tech",
                "carrier_j": "Cons Staples",
                "theta_deg": -8.85209205203375
              },
              {
                "carrier_i": "Information Tech",
                "carrier_j": "Energy",
                "theta_deg": -23.74367041203856
              },
              {
                "carrier_i": "Information Tech",
                "carrier_j": "Utilities",
                "theta_deg": -37.78692009743706
              },
              {
                "carrier_i": "Information Tech",
                "carrier_j": "Materials",
                "theta_deg": -37.76392134623106
              },
              {
                "carrier_i": "Health Care",
                "carrier_j": "Financials",
                "theta_deg": 44.887547406699625
              },
              {
                "carrier_i": "Health Care",
                "carrier_j": "Cons Discretionary",
                "theta_deg": 27.707384906745734
              },
              {
                "carrier_i": "Health Care",
                "carrier_j": "Comm Services",
                "theta_deg": 17.741940613906717
              },
              {
                "carrier_i": "Health Care",
                "carrier_j": "Industrials",
                "theta_deg": 5.279166828563772
              },
              {
                "carrier_i": "Health Care",
                "carrier_j": "Cons Staples",
                "theta_deg": -21.742594169901345
              },
              {
                "carrier_i": "Health Care",
                "carrier_j": "Energy",
                "theta_deg": -48.40235522851959
              },
              {
                "carrier_i": "Health Care",
                "carrier_j": "Utilities",
                "theta_deg": -63.26651205498933
              },
              {
                "carrier_i": "Health Care",
                "carrier_j": "Materials",
                "theta_deg": -63.247423910339286
              },
              {
                "carrier_i": "Financials",
                "carrier_j": "Cons Discretionary",
                "theta_deg": 27.800068478193072
              },
              {
                "carrier_i": "Financials",
                "carrier_j": "Comm Services",
                "theta_deg": 17.807320953234107
              },
              {
                "carrier_i": "Financials",
                "carrier_j": "Industrials",
                "theta_deg": 5.299812107218156
              },
              {
                "carrier_i": "Financials",
                "carrier_j": "Cons Staples",
                "theta_deg": -21.82009074641679
              },
              {
                "carrier_i": "Financials",
                "carrier_j": "Energy",
                "theta_deg": -48.513989721612575
              },
              {
                "carrier_i": "Financials",
                "carrier_j": "Utilities",
                "theta_deg": -63.35676387049073
              },
              {
                "carrier_i": "Financials",
                "carrier_j": "Materials",
                "theta_deg": -63.3377203517152
              },
              {
                "carrier_i": "Cons Discretionary",
                "carrier_j": "Comm Services",
                "theta_deg": 31.350579336041324
              },
              {
                "carrier_i": "Cons Discretionary",
                "carrier_j": "Industrials",
                "theta_deg": 9.97859810478684
              },
              {
                "carrier_i": "Cons Discretionary",
                "carrier_j": "Cons Staples",
                "theta_deg": -37.21241000007882
              },
              {
                "carrier_i": "Cons Discretionary",
                "carrier_j": "Energy",
                "theta_deg": -65.00343764805366
              },
              {
                "carrier_i": "Cons Discretionary",
                "carrier_j": "Utilities",
                "theta_deg": -75.18343025141411
              },
              {
                "carrier_i": "Cons Discretionary",
                "carrier_j": "Materials",
                "theta_deg": -75.17168296952872
              },
              {
                "carrier_i": "Comm Services",
                "carrier_j": "Industrials",
                "theta_deg": 16.108658963963105
              },
              {
                "carrier_i": "Comm Services",
                "carrier_j": "Cons Staples",
                "theta_deg": -51.26146523190245
              },
              {
                "carrier_i": "Comm Services",
                "carrier_j": "Energy",
                "theta_deg": -74.1433792246306
              },
              {
                "carrier_i": "Comm Services",
                "carrier_j": "Utilities",
                "theta_deg": -80.84542333265549
              },
              {
                "carrier_i": "Comm Services",
                "carrier_j": "Materials",
                "theta_deg": -80.83795948001229
              },
              {
                "carrier_i": "Industrials",
                "carrier_j": "Cons Staples",
                "theta_deg": -76.95527103343117
              },
              {
                "carrier_i": "Industrials",
                "carrier_j": "Energy",
                "theta_deg": -85.31051623596039
              },
              {
                "carrier_i": "Industrials",
                "carrier_j": "Utilities",
                "theta_deg": -87.33536101043757
              },
              {
                "carrier_i": "Industrials",
                "carrier_j": "Materials",
                "theta_deg": -87.33315421643303
              },
              {
                "carrier_i": "Cons Staples",
                "carrier_j": "Energy",
                "theta_deg": -109.49653561607684
              },
              {
                "carrier_i": "Cons Staples",
                "carrier_j": "Utilities",
                "theta_deg": -101.35799433035523
              },
              {
                "carrier_i": "Cons Staples",
                "carrier_j": "Materials",
                "theta_deg": -101.36716921135493
              },
              {
                "carrier_i": "Energy",
                "carrier_j": "Utilities",
                "theta_deg": -119.56865066058644
              },
              {
                "carrier_i": "Energy",
                "carrier_j": "Materials",
                "theta_deg": -119.58904195246454
              },
              {
                "carrier_i": "Utilities",
                "carrier_j": "Materials",
                "theta_deg": -135.0237499744031
              }
            ]
          },
          "helmsman_delta": 0.0060264418105648865,
          "higgins_scale": 0.11640617293492184,
          "condition_number": 12.42099627191243,
          "angular_velocity_deg": 0.26449740848329506
        }
      },
      {
        "raw_values": [
          0.313946,
          0.130861,
          0.13133,
          0.101574,
          0.090828,
          0.079621,
          0.060833,
          0.040618,
          0.025303,
          0.025086
        ],
        "index": 2,
        "label": "day_002",
        "coda_standard": {
          "aitchison_distance_step": 0.011933559390891848,
          "composition": [
            0.313946,
            0.130861,
            0.13133,
            0.101574,
            0.090828,
            0.079621,
            0.060833,
            0.040618,
            0.025303,
            0.025086
          ],
          "shannon_entropy": 2.034015778012185,
          "aitchison_norm": 2.3674456222201035,
          "ilr": [
            0.6187787535860454,
            0.3543310238904225,
            0.4730540032515729,
            0.4664408937415449,
            0.5010631220122034,
            0.672655917441239,
            0.9603706920127577,
            1.293187877021055,
            1.1648334514345944
          ],
          "clr": [
            1.4218530346076292,
            0.5467677291779243,
            0.5503452776080513,
            0.29341963489415024,
            0.18159964612601343,
            0.04990991516265941,
            -0.21923555710164777,
            -0.6231566438780991,
            -1.0964449962101495,
            -1.1050580403865342
          ]
        },
        "higgins_extensions": {
          "metric_tensor": {
            "matrix": [
              [
                9.131299789155541,
                -2.434079794256862,
                -2.4253873140656914,
                -3.135902061120437,
