{
  "metadata": {
    "_function": "provenance",
    "_description": "Identity, schema version, run-time provenance.",
    "schema_version": "2.1.0",
    "engine_version": "cnt 2.0.4",
    "engine_implementation": "python",
    "generated": "2026-05-06T01:24:37.174938+00:00",
    "wall_clock_ms": 63,
    "mathematical_lineage": {
      "Aitchison_1986": "CLR transform, simplex geometry, Aitchison distance",
      "Shannon_1948": "Entropy H = -sum x_j ln x_j",
      "Egozcue_2003": "ILR, Helmert basis, orthonormal coordinates",
      "Higgins_2026": "CNT tensor decomposition, recursive depth sounder, metric dual involution"
    },
    "engine_config": {
      "_description": "Active values from the USER CONFIGURATION block at top of cnt.py. Two runs with identical config and input produce identical content_sha256. Two runs with different config produce different content_sha256 - that is correct.",
      "DEFAULT_DELTA": 1e-15,
      "DEGEN_THRESHOLD": 0.0001,
      "LOCK_CLR_THRESHOLD": -10.0,
      "DEPTH_MAX_LEVELS": 50,
      "DEPTH_PRECISION_TARGET": 0.01,
      "NOISE_FLOOR_OMEGA_VAR": 1e-06,
      "TRIADIC_T_LIMIT": 500,
      "TRIADIC_K_DEFAULT": 500,
      "EITT_GATE_PCT": 5.0,
      "EITT_M_SWEEP_BASE": [
        2,
        4,
        8,
        16,
        32,
        64,
        128
      ],
      "active_overrides": {}
    },
    "units": {
      "input_units": "ratio",
      "higgins_scale_units": "neper",
      "units_scale_factor_to_neper": 1.0,
      "feature": "v1.1-B native units",
      "schema_addition": "2.1.0",
      "_description": "v1.1-B native units (additive 2.1.0).",
      "report_units_scale_factors": true
    },
    "environment": {
      "git_sha": "unknown",
      "language_version": "python 3.10.12",
      "numerical_lib": "numpy 2.2.6",
      "platform": "Linux-6.8.0-106-generic-x86_64-with-glibc2.35",
      "hostname_hash": "c857d09db23e6822e3600bc06ad8d58f92ed62bc8efd81c753f77048662cb97d"
    }
  },
  "input": {
    "_function": "provenance",
    "_description": "Source data identity, hashes, and ordering declaration.",
    "source_file": "stracke_oib_by_location_barycenters.csv",
    "source_file_sha256": "3bbe3a32aeda2106dbd6daf80ea24bd65a85d94929e47285eb04ba3a57818b2a",
    "closed_data_sha256": "d178110bea16812a2f19a28cb2294daba1fb7a106e9b4c9806fb6d93bab5fea7",
    "n_records": 15,
    "n_carriers": 10,
    "carriers": [
      "SiO2",
      "TiO2",
      "Al2O3",
      "FeO",
      "CaO",
      "MgO",
      "MnO",
      "K2O",
      "Na2O",
      "P2O5"
    ],
    "labels": [
      "Azores",
      "Azores-SaoMiguel",
      "Canary_Islands",
      "Cape_Verde_Islands",
      "Caroline_Islands",
      "Faroe_Islands",
      "Galapagos",
      "Gough",
      "Hawaii",
      "Iceland",
      "Kerguelen",
      "Marquesas",
      "Mauritius",
      "St._Helena",
      "Tristan_da_Cunha"
    ],
    "zero_replacement": {
      "method": "multiplicative",
      "delta": 1e-15,
      "applied": false,
      "n_replacements": 0
    },
    "ordering": {
      "is_temporal": false,
      "ordering_method": "by-label",
      "caveat": "Order is treated as arbitrary; angular_velocity and energy_depth are ordering-dependent."
    }
  },
  "tensor": {
    "_function": "composer",
    "_description": "Per-record compositional state. coda_standard fields follow Aitchison/Egozcue/Shannon. higgins_extensions are HUF-framework readings of the same simplex; see schema \u00a78 for the mapping.",
    "helmert_basis": {
      "D": 10,
      "dim": 9,
      "coefficients": [
        [
          0.7071067811865476,
          -0.7071067811865476,
          0.0,
          0.0,
          0.0,
          0.0,
          0.0,
          0.0,
          0.0,
          0.0
        ],
        [
          0.408248290463863,
          0.408248290463863,
          -0.816496580927726,
          0.0,
          0.0,
          0.0,
          0.0,
          0.0,
          0.0,
          0.0
        ],
        [
          0.28867513459481287,
          0.28867513459481287,
          0.28867513459481287,
          -0.8660254037844386,
          0.0,
          0.0,
          0.0,
          0.0,
          0.0,
          0.0
        ],
        [
          0.22360679774997896,
          0.22360679774997896,
          0.22360679774997896,
          0.22360679774997896,
          -0.8944271909999159,
          0.0,
          0.0,
          0.0,
          0.0,
          0.0
        ],
        [
          0.18257418583505539,
          0.18257418583505539,
          0.18257418583505539,
          0.18257418583505539,
          0.18257418583505539,
          -0.9128709291752769,
          0.0,
          0.0,
          0.0,
          0.0
        ],
        [
          0.1543033499620919,
          0.1543033499620919,
          0.1543033499620919,
          0.1543033499620919,
          0.1543033499620919,
          0.1543033499620919,
          -0.9258200997725514,
          0.0,
          0.0,
          0.0
        ],
        [
          0.1336306209562122,
          0.1336306209562122,
          0.1336306209562122,
          0.1336306209562122,
          0.1336306209562122,
          0.1336306209562122,
          0.1336306209562122,
          -0.9354143466934853,
          0.0,
          0.0
        ],
        [
          0.11785113019775792,
          0.11785113019775792,
          0.11785113019775792,
          0.11785113019775792,
          0.11785113019775792,
          0.11785113019775792,
          0.11785113019775792,
          0.11785113019775792,
          -0.9428090415820634,
          0.0
        ],
        [
          0.10540925533894598,
          0.10540925533894598,
          0.10540925533894598,
          0.10540925533894598,
          0.10540925533894598,
          0.10540925533894598,
          0.10540925533894598,
          0.10540925533894598,
          0.10540925533894598,
          -0.9486832980505138
        ]
      ]
    },
    "timesteps": [
      {
        "raw_values": [
          0.502993155,
          0.0250430634,
          0.1471140786,
          0.0730239171,
          0.1070324926,
          0.0942057848,
          0.0016693426,
          0.0118024348,
          0.0326280811,
          0.00448765
        ],
        "index": 0,
        "label": "Azores",
        "coda_standard": {
          "composition": [
            0.5029931550000001,
            0.025043063400000003,
            0.14711407860000003,
            0.07302391710000002,
            0.10703249260000001,
            0.09420578480000001,
            0.0016693426000000003,
            0.011802434800000003,
            0.032628081100000005,
            0.004487650000000001
          ],
          "shannon_entropy": 1.571760073726256,
          "aitchison_norm": 5.167219923716846,
          "ilr": [
            2.1213059770256013,
            -0.22096161959933583,
            0.45033918969551245,
            0.006851079793824613,
            0.12212264976270748,
            3.8370927980604495,
            1.4934654130683955,
            0.3584008638469665,
            2.2026032619915092
          ],
          "clr": [
            2.629674455334721,
            -0.370305227317993,
            1.40030622438703,
            0.6998849126732352,
            1.0822303512001148,
            0.9545794831407459,
            -3.078472210090032,
            -1.1225962571528134,
            -0.10572880529208373,
            -2.0895729268829246
          ]
        },
        "higgins_extensions": {
          "metric_tensor": {
            "matrix": [
              [
                3.5572825295931576,
                -7.938719770674185,
                -1.3513992979039535,
                -2.7225307875442226,
                -1.857472041455821,
                -2.110378496967068,
                -119.09470382642068,
                -16.84481769234828,
                -6.093213447720254,
                -44.30155260143439
              ],
              [
                -7.938719770674185,
                1435.051884946734,
                -27.143029016070553,
                -54.682381645510006,
                -37.307565273989375,
                -42.38722401803381,
                -2392.0324708135313,
                -338.33033367930864,
                -122.38297716234021,
                -889.8023919227845
              ],
              [
                -1.3513992979039535,
                -27.143029016070553,
                41.58474448452583,
                -9.308520050857343,
                -6.350824688889796,
                -7.215529258214879,
                -407.19298514127325,
                -57.593590478254065,
                -20.833115941884014,
                -151.4700559351764
              ],
              [
                -2.7225307875442226,
                -54.682381645510006,
                -9.308520050857343,
                168.77660968016642,
                -12.794379698595408,
                -14.53641465138034,
                -820.3315187736198,
                -116.02812246939955,
                -41.970422539237326,
                -305.15177217730957
              ],
              [
                -1.857472041455821,
                -37.307565273989375,
                -6.350824688889796,
                -12.794379698595408,
                78.56176472998806,
                -9.917604576403404,
                -559.6788355225309,
                -79.16126954212483,
                -28.634712522403106,
                -208.19264480433057
              ],
              [
                -2.110378496967068,
                -42.38722401803381,
                -7.215529258214879,
                -14.53641465138034,
                -9.917604576403404,
                101.4115371596863,
                -635.8826153682434,
                -89.93957233583897,
                -32.53350802887466,
                -236.53937772188638
              ],
              [
                -119.09470382642068,
                -2392.0324708135313,
                -407.19298514127325,
                -820.3315187736198,
                -559.6788355225309,
                -635.8826153682434,
                322962.09741066763,
                -5075.547701516802,
                -1835.9590512799696,
                -13348.594658995667
              ],
              [
                -16.84481769234828,
                -338.33033367930864,
                -57.593590478254065,
                -116.02812246939955,
                -79.16126954212483,
                -89.93957233583897,
                -5075.547701516802,
                6460.99328320515,
                -259.6790160753303,
                -1888.0322655452364
              ],
              [
                -6.093213447720254,
                -122.38297716234021,
                -20.833115941884014,
                -41.970422539237326,
                -28.634712522403106,
                -32.53350802887466,
                -1835.9590512799696,
                -259.6790160753303,
                845.3945489738023,
                -682.9509110909357
              ],
              [
                -44.30155260143439,
                -889.8023919227845,
                -151.4700559351764,
                -305.15177217730957,
                -208.19264480433057,
                -236.53937772188638,
                -13348.594658995667,
                -1888.0322655452364,
                -682.9509110909357,
                44689.40301261138
              ]
            ],
            "eigenvalues": [
              2.366915467180723e-13,
              18.451926405216465,
              63.88191072438071,
              101.17292044899546,
              165.02524913644112,
              771.9272062093576,
              1417.8161935450378,
              6326.088184707113,
              44211.700356103065,
              323710.768131709
            ],
            "trace": 376786.83207898866
          },
          "metric_tensor_diagonal": [
            3.5572825295931576,
            1435.051884946734,
            41.58474448452583,
            168.77660968016642,
            78.56176472998806,
            101.4115371596863,
            322962.09741066763,
            6460.99328320515,
            845.3945489738023,
            44689.40301261138
          ],
          "bearing_tensor": {
            "pairs": [
              {
                "carrier_i": "SiO2",
                "carrier_j": "TiO2",
                "theta_deg": -8.015566445377448
              },
              {
                "carrier_i": "SiO2",
                "carrier_j": "Al2O3",
                "theta_deg": 28.035378899166172
              },
              {
                "carrier_i": "SiO2",
                "carrier_j": "FeO",
                "theta_deg": 14.903716244419455
              },
              {
                "carrier_i": "SiO2",
                "carrier_j": "CaO",
                "theta_deg": 22.36938913189403
              },
              {
                "carrier_i": "SiO2",
                "carrier_j": "MgO",
                "theta_deg": 19.95104459093117
              },
              {
                "carrier_i": "SiO2",
                "carrier_j": "MnO",
                "theta_deg": -49.495579410383606
              },
              {
                "carrier_i": "SiO2",
                "carrier_j": "K2O",
                "theta_deg": -23.117419108309253
              },
              {
                "carrier_i": "SiO2",
                "carrier_j": "Na2O",
                "theta_deg": -2.3023965044924353
              },
              {
                "carrier_i": "SiO2",
                "carrier_j": "P2O5",
                "theta_deg": -38.4711026515513
              },
              {
                "carrier_i": "TiO2",
                "carrier_j": "Al2O3",
                "theta_deg": 104.8125581049364
              },
              {
                "carrier_i": "TiO2",
                "carrier_j": "FeO",
                "theta_deg": 117.8830687742745
              },
              {
                "carrier_i": "TiO2",
                "carrier_j": "CaO",
                "theta_deg": 108.88933522594895
              },
              {
                "carrier_i": "TiO2",
                "carrier_j": "MgO",
                "theta_deg": 111.20251714433665
              },
              {
                "carrier_i": "TiO2",
                "carrier_j": "MnO",
                "theta_deg": -96.8590757960352
              },
              {
                "carrier_i": "TiO2",
                "carrier_j": "K2O",
                "theta_deg": -108.2559149400847
              },
              {
                "carrier_i": "TiO2",
                "carrier_j": "Na2O",
                "theta_deg": -164.0650025726474
              },
              {
                "carrier_i": "TiO2",
                "carrier_j": "P2O5",
                "theta_deg": -100.04937954166726
              },
              {
                "carrier_i": "Al2O3",
                "carrier_j": "FeO",
                "theta_deg": 26.556271453014528
              },
              {
                "carrier_i": "Al2O3",
                "carrier_j": "CaO",
                "theta_deg": 37.69873742449263
              },
              {
                "carrier_i": "Al2O3",
                "carrier_j": "MgO",
                "theta_deg": 34.281995313140186
              },
              {
                "carrier_i": "Al2O3",
                "carrier_j": "MnO",
                "theta_deg": -65.54061189507796
              },
              {
                "carrier_i": "Al2O3",
                "carrier_j": "K2O",
                "theta_deg": -38.71842260380193
              },
              {
                "carrier_i": "Al2O3",
                "carrier_j": "Na2O",
                "theta_deg": -4.317871217634019
              },
              {
                "carrier_i": "Al2O3",
                "carrier_j": "P2O5",
                "theta_deg": -56.172382280813814
              },
              {
                "carrier_i": "FeO",
                "carrier_j": "CaO",
                "theta_deg": 57.109006780564066
              },
              {
                "carrier_i": "FeO",
                "carrier_j": "MgO",
                "theta_deg": 53.751628701428544
              },
              {
                "carrier_i": "FeO",
                "carrier_j": "MnO",
                "theta_deg": -77.19162571667611
              },
              {
                "carrier_i": "FeO",
                "carrier_j": "K2O",
                "theta_deg": -58.05843989135467
              },
              {
                "carrier_i": "FeO",
                "carrier_j": "Na2O",
                "theta_deg": -8.590488835868095
              },
              {
                "carrier_i": "FeO",
                "carrier_j": "P2O5",
                "theta_deg": -71.48215869956192
              },
              {
                "carrier_i": "CaO",
                "carrier_j": "MgO",
                "theta_deg": 41.41385138411362
              },
              {
                "carrier_i": "CaO",
                "carrier_j": "MnO",
                "theta_deg": -70.63098395136325
              },
              {
                "carrier_i": "CaO",
                "carrier_j": "K2O",
                "theta_deg": -46.04885240774367
              },
              {
                "carrier_i": "CaO",
                "carrier_j": "Na2O",
                "theta_deg": -5.5798206526000955
              },
              {
                "carrier_i": "CaO",
                "carrier_j": "P2O5",
                "theta_deg": -62.61948465835271
              },
              {
                "carrier_i": "MgO",
                "carrier_j": "MnO",
                "theta_deg": -72.77226630918366
              },
              {
                "carrier_i": "MgO",
                "carrier_j": "K2O",
                "theta_deg": -49.6244229772113
              },
              {
                "carrier_i": "MgO",
                "carrier_j": "Na2O",
                "theta_deg": -6.320294327004972
              },
              {
                "carrier_i": "MgO",
                "carrier_j": "P2O5",
                "theta_deg": -65.44765996734583
              },
              {
                "carrier_i": "MnO",
                "carrier_j": "K2O",
                "theta_deg": -159.96510056855448
              },
              {
                "carrier_i": "MnO",
                "carrier_j": "Na2O",
                "theta_deg": -178.0329742298839
              },
              {
                "carrier_i": "MnO",
                "carrier_j": "P2O5",
                "theta_deg": -145.83253703773192
              },
              {
                "carrier_i": "K2O",
                "carrier_j": "Na2O",
                "theta_deg": -174.61961732415588
              },
              {
                "carrier_i": "K2O",
                "carrier_j": "P2O5",
                "theta_deg": -118.2463449887332
              },
              {
                "carrier_i": "Na2O",
                "carrier_j": "P2O5",
                "theta_deg": -92.89659789033416
              }
            ]
          },
          "higgins_scale": 0.3173932731048388,
          "condition_number": 301.31211831531766
        }
      },
      {
        "raw_values": [
          0.6082217449,
          0.0180791384,
          0.173789708,
          0.0478740606,
          0.0439128447,
          0.0248536608,
          0.0018952965,
          0.0339891988,
          0.0445501994,
          0.0028341479
        ],
        "index": 1,
        "label": "Azores-SaoMiguel",
        "coda_standard": {
          "aitchison_distance_step": 2.0276990229617984,
          "composition": [
            0.6082217449,
            0.0180791384,
            0.173789708,
            0.0478740606,
            0.0439128447,
            0.0248536608,
            0.0018952965,
            0.0339891988,
            0.0445501994,
            0.0028341479
          ],
          "shannon_entropy": 1.3357120590764078,
          "aitchison_norm": 5.114092082187286,
          "ilr": [
            2.486032465012323,
            -0.4124915255134829,
            0.8248668951898092,
            0.7161881053226444,
            1.104372924182543,
            3.316083643260877,
            0.17158248145983201,
            -0.10377793577524155,
            2.520682379777701
          ],
          "clr": [
            2.9774689264688674,
            -0.5383119020513769,
            1.7247753925738762,
            0.43550322436356126,
            0.349136266249626,
            -0.220065543424532,
            -2.793695310337559,
            0.09297219077887098,
            0.3635460287639898,
            -2.3913292733853275
          ]
        },
        "higgins_extensions": {
          "metric_tensor": {
            "matrix": [
              [
                2.432868435535196,
                -9.094112612833058,
                -0.9460498118369269,
                -3.434296537457165,
                -3.744091772596879,
                -6.615271765219974,
                -86.7482847948036,
                -4.837234367307135,
                -3.690527152895178,
                -58.01169393897703
              ],
              [
                -9.094112612833058,
                2753.51248902712,
                -31.827184160378593,
                -115.53724443617429,
                -125.95943349792641,
                -222.55220613996715,
                -2918.4019712453546,
                -162.7351404851126,
                -124.15740257482263,
                -1951.6402237492339
              ],
              [
                -0.9460498118369269,
                -31.827184160378593,
                29.798499954093668,
                -12.0192033035479,
                -13.103411342371368,
                -23.151843583452,
                -303.5979158499857,
                -16.92914477636267,
                -12.91594819029637,
                -203.0268312101046
              ],
              [
                -3.434296537457165,
                -115.53724443617429,
                -12.0192033035479,
                392.6828904220008,
                -47.567262990735486,
                -84.04451357589242,
                -1102.1039887512193,
                -61.45522419658286,
                -46.88674485520317,
                -737.0165235611822
              ],
              [
                -3.744091772596879,
                -125.95943349792641,
                -13.103411342371368,
                -47.567262990735486,
                466.7231744827378,
                -91.62585943856641,
                -1201.5207282842596,
                -66.99887350668024,
                -51.11622532927671,
                -803.5000682196608
              ],
              [
                -6.615271765219974,
                -222.55220613996715,
                -23.151843583452,
                -84.04451357589242,
                -91.62585943856641,
                1457.0074612214937,
                -2122.914349300912,
                -118.37737510981859,
                -90.31501969056947,
                -1419.669077972182
              ],
              [
                -86.7482847948036,
                -2918.4019712453546,
                -303.5979158499857,
                -1102.1039887512193,
                -1201.5207282842596,
                -2122.914349300912,
                250546.41229211274,
                -1552.3223555648385,
                -1184.3312455516773,
                -18616.598359237916
              ],
              [
                -4.837234367307135,
                -162.7351404851126,
                -16.92914477636267,
                -61.45522419658286,
                -66.99887350668024,
                -118.37737510981859,
                -1552.3223555648385,
                779.0416097235025,
                -66.04035822505867,
                -1038.0937167653792
              ],
              [
                -3.690527152895178,
                -124.15740257482263,
                -12.91594819029637,
                -46.88674485520317,
                -51.11622532927671,
                -90.31501969056947,
                -1184.3312455516773,
                -66.04035822505867,
                453.4644076320927,
                -792.004843690315
              ],
              [
                -58.01169393897703,
                -1951.6402237492339,
                -203.0268312101046,
                -737.0165235611822,
                -803.5000682196608,
                -1419.669077972182,
                -18616.598359237916,
                -1038.0937167653792,
                -792.004843690315,
                112046.29208289528
              ]
            ],
            "eigenvalues": [
              -4.473399668244258e-12,
              16.919582163865996,
              179.9366914764531,
              461.2375838225469,
              511.57287367930775,
              778.0399411899386,
              1441.9920962021463,
              2767.662695063981,
              109701.30198745837,
              253068.70432484997
            ],
            "trace": 368927.36777590663
          },
          "helmsman": "K2O",
          "metric_tensor_diagonal": [
            2.432868435535196,
            2753.51248902712,
            29.798499954093668,
            392.6828904220008,
            466.7231744827378,
            1457.0074612214937,
            250546.41229211274,
            779.0416097235025,
            453.4644076320927,
            112046.29208289528
          ],
          "bearing_tensor": {
            "pairs": [
              {
                "carrier_i": "SiO2",
                "carrier_j": "TiO2",
                "theta_deg": -10.24809582763325
              },
              {
                "carrier_i": "SiO2",
                "carrier_j": "Al2O3",
                "theta_deg": 30.08267025361983
              },
              {
                "carrier_i": "SiO2",
                "carrier_j": "FeO",
                "theta_deg": 8.321431416674299
              },
              {
                "carrier_i": "SiO2",
                "carrier_j": "CaO",
                "theta_deg": 6.687928714578199
              },
              {
                "carrier_i": "SiO2",
                "carrier_j": "MgO",
                "theta_deg": -4.227060833563143
              },
              {
                "carrier_i": "SiO2",
                "carrier_j": "MnO",
                "theta_deg": -43.176122640991295
              },
              {
                "carrier_i": "SiO2",
                "carrier_j": "K2O",
                "theta_deg": 1.7884935198917193
              },
              {
                "carrier_i": "SiO2",
                "carrier_j": "Na2O",
                "theta_deg": 6.9613013924343745
              },
              {
                "carrier_i": "SiO2",
                "carrier_j": "P2O5",
                "theta_deg": -38.769397886720256
              },
              {
                "carrier_i": "TiO2",
                "carrier_j": "Al2O3",
                "theta_deg": 107.33343057581206
              },
              {
                "carrier_i": "TiO2",
                "carrier_j": "FeO",
                "theta_deg": 141.02656891764698
              },
              {
                "carrier_i": "TiO2",
                "carrier_j": "CaO",
                "theta_deg": 147.0335195189795
              },
              {
                "carrier_i": "TiO2",
                "carrier_j": "MgO",
                "theta_deg": -157.76492435260295
              },
              {
                "carrier_i": "TiO2",
                "carrier_j": "MnO",
                "theta_deg": -100.90654521771279
              },
              {
                "carrier_i": "TiO2",
                "carrier_j": "K2O",
                "theta_deg": 170.20107695270514
              },
              {
                "carrier_i": "TiO2",
                "carrier_j": "Na2O",
                "theta_deg": 145.96708869933136
              },
              {
                "carrier_i": "TiO2",
                "carrier_j": "P2O5",
                "theta_deg": -102.68637693425545
              },
              {
                "carrier_i": "Al2O3",
                "carrier_j": "FeO",
                "theta_deg": 14.170897547909494
              },
              {
                "carrier_i": "Al2O3",
                "carrier_j": "CaO",
                "theta_deg": 11.443423850310666
              },
              {
                "carrier_i": "Al2O3",
                "carrier_j": "MgO",
                "theta_deg": -7.271129955318668
              },
              {
                "carrier_i": "Al2O3",
                "carrier_j": "MnO",
                "theta_deg": -58.30959148365359
              },
              {
                "carrier_i": "Al2O3",
                "carrier_j": "K2O",
                "theta_deg": 3.085482194925753
              },
              {
                "carrier_i": "Al2O3",
                "carrier_j": "Na2O",
                "theta_deg": 11.902507791786725
              },
              {
                "carrier_i": "Al2O3",
                "carrier_j": "P2O5",
                "theta_deg": -54.19851331325437
              },
              {
                "carrier_i": "FeO",
                "carrier_j": "CaO",
                "theta_deg": 38.71861690033751
              },
              {
                "carrier_i": "FeO",
                "carrier_j": "MgO",
                "theta_deg": -26.808074002674058
              },
              {
                "carrier_i": "FeO",
                "carrier_j": "MnO",
                "theta_deg": -81.13959574430594
              },
              {
                "carrier_i": "FeO",
                "carrier_j": "K2O",
                "theta_deg": 12.050733585891878
              },
              {
                "carrier_i": "FeO",
                "carrier_j": "Na2O",
                "theta_deg": 39.85419378881442
              },
              {
                "carrier_i": "FeO",
                "carrier_j": "P2O5",
                "theta_deg": -79.67854621228848
              },
              {
                "carrier_i": "CaO",
                "carrier_j": "MgO",
                "theta_deg": -32.223812899906974
              },
              {
                "carrier_i": "CaO",
                "carrier_j": "MnO",
                "theta_deg": -82.87651123995839
              },
              {
                "carrier_i": "CaO",
                "carrier_j": "K2O",
                "theta_deg": 14.911373086184884
              },
              {
                "carrier_i": "CaO",
                "carrier_j": "Na2O",
                "theta_deg": 46.158308691164116
              },
              {
                "carrier_i": "CaO",
                "carrier_j": "P2O5",
                "theta_deg": -81.69345338371835
              },
              {
                "carrier_i": "MgO",
                "carrier_j": "MnO",
                "theta_deg": -94.50401443689675
              },
              {
                "carrier_i": "MgO",
                "carrier_j": "K2O",
                "theta_deg": 157.09715756866652
              },
              {
                "carrier_i": "MgO",
                "carrier_j": "Na2O",
                "theta_deg": 121.18780355708299
              },
              {
                "carrier_i": "MgO",
                "carrier_j": "P2O5",
                "theta_deg": -95.257917682701
              },
              {
                "carrier_i": "MnO",
                "carrier_j": "K2O",
                "theta_deg": 178.0939407060356
              },
              {
                "carrier_i": "MnO",
                "carrier_j": "Na2O",
                "theta_deg": 172.5857137565886
              },
              {
                "carrier_i": "MnO",
                "carrier_j": "P2O5",
                "theta_deg": -139.43734933521077
              },
              {
                "carrier_i": "K2O",
                "carrier_j": "Na2O",
                "theta_deg": 75.65480336860783
              },
              {
                "carrier_i": "K2O",
                "carrier_j": "P2O5",
                "theta_deg": -87.77352594688773
              },
              {
                "carrier_i": "Na2O",
                "carrier_j": "P2O5",
                "theta_deg": -81.355699113672
              }
            ]
          },
          "helmsman_delta": 1.2155684479316844,
          "higgins_scale": 0.4199076233314858,
          "condition_number": 320.91113179389083,
          "angular_velocity_deg": 22.741483989075217
        }
      },
      {
        "raw_values": [
          0.4932035303,
          0.0362463563,
          0.1449595113,
          0.0708462437,
          0.108357411,
          0.08370251,
          0.0020668345,
          0.0147799433,
          0.0379600552,
          0.0078776044
        ],
        "index": 2,
        "label": "Canary_Islands",
        "coda_standard": {
          "aitchison_distance_step": 1.9793227848505248,
          "composition": [
            0.4932035303,
            0.0362463563,
            0.1449595113,
            0.0708462437,
            0.108357411,
            0.08370251,
            0.0020668345,
            0.0147799433,
            0.0379600552,
            0.0078776044
          ],
          "shannon_entropy": 1.6221916063973565,
          "aitchison_norm": 4.716128110042812,
          "ilr": [
            1.8459609908177288,
            -0.06599258188581458,
            0.5733606112098707,
            0.06406037588743259,
            0.2879774595637574,
            3.6700777188040123,
            1.3381839806578393,
            0.29085012671835037,
            1.7519587854814571
          ],
          "clr": [
            2.474844043056495,
            -0.1357390257696136,
            1.2503765848579815,
            0.5344340609321265,
            0.9593572381950035,
            0.7011910789421951,
            -3.000059676393142,
            -1.0328068069086966,
            -0.08954345825322463,
            -1.6620540386591212
          ]
        },
        "higgins_extensions": {
          "metric_tensor": {
            "matrix": [
              [
                3.6999014489669686,
                -5.593832633331155,
                -1.3987081557599612,
                -2.861916738576335,
                -1.8711784347661118,
                -2.4223413456811307,
                -98.09979981962186,
                -13.718323987771202,
                -5.341300207337113,
                -25.73828798895871
              ],
              [
                -5.593832633331155,
                685.0366370204346,
                -19.032197183368066,
                -38.942050539036146,
                -25.46109192906308,
                -32.96075592794375,
                -1334.8422443433526,
                -186.66499232553016,
                -72.67897762873302,
                -350.22043029556943
              ],
              [
                -1.3987081557599612,
                -19.032197183368066,
                42.83009887963065,
                -9.73725301797779,
                -6.366410879641774,
                -8.241662051475101,
                -333.77021734455036,
                -46.674590441778975,
                -18.17299254823568,
                -87.57075949132647
              ],
              [
                -2.861916738576335,
                -38.942050539036146,
                -9.73725301797779,
                179.31179250389246,
                -13.02640424742624,
                -16.863382458787807,
                -682.9320097426819,
                -95.5015462671302,
                -37.184019661028074,
                -179.17978197667694
              ],
              [
                -1.8711784347661118,
                -25.46109192906308,
                -6.366410879641774,
                -13.02640424742624,
                76.65231396707026,
                -11.025616912179512,
                -446.51461442504205,
                -62.440822073239936,
                -24.311656160285946,
                -117.15132710242148
              ],
              [
                -2.4223413456811307,
                -32.96075592794375,
                -8.241662051475101,
                -16.863382458787807,
                -11.025616912179512,
                128.4592986462924,
                -578.0372367896831,
                -80.83300991293967,
                -31.47274936738201,
                -151.65870772611865
              ],
              [
                -98.09979981962186,
                -1334.8422443433526,
                -333.77021734455036,
                -682.9320097426819,
                -446.51461442504205,
                -578.0372367896831,
                210683.78156782617,
                -3273.5692289672593,
                -1274.5810652235514,
                -6141.86307613528
              ],
              [
                -13.718323987771202,
                -186.66499232553016,
                -46.674590441778975,
                -95.5015462671302,
                -62.440822073239936,
                -80.83300991293967,
                -3273.5692289672593,
                4119.997698848505,
                -178.2380395634391,
                -858.8811365759788
              ],
              [
                -5.341300207337113,
                -72.67897762873302,
                -18.17299254823568,
                -37.184019661028074,
                -24.311656160285946,
                -31.47274936738201,
                -1274.5810652235514,
                -178.2380395634391,
                624.5811009215043,
                -334.40980085910206
              ],
              [
                -25.73828798895871,
                -350.22043029556943,
                -87.57075949132647,
                -179.17978197667694,
                -117.15132710242148,
                -151.65870772611865,
                -6141.86307613528,
                -858.8811365759788,
                -334.40980085910206,
                14502.877359555236
              ]
            ],
            "eigenvalues": [
              -8.817961791467228e-13,
              19.054133121056704,
              65.10392986799636,
              117.02835528057517,
              178.46038350198964,
              542.3672897339354,
              731.7995334248625,
              4020.583450408455,
              14424.998913889372,
              210947.83178038942
            ],
            "trace": 231047.22776961772
          },
          "helmsman": "K2O",
          "metric_tensor_diagonal": [
            3.6999014489669686,
            685.0366370204346,
            42.83009887963065,
            179.31179250389246,
            76.65231396707026,
            128.4592986462924,
            210683.78156782617,
            4119.997698848505,
            624.5811009215043,
            14502.877359555236
          ],
          "bearing_tensor": {
            "pairs": [
              {
                "carrier_i": "SiO2",
                "carrier_j": "TiO2",
                "theta_deg": -3.1393851670705857
              },
              {
                "carrier_i": "SiO2",
                "carrier_j": "Al2O3",
                "theta_deg": 26.80448012601034
              },
              {
                "carrier_i": "SiO2",
                "carrier_j": "FeO",
                "theta_deg": 12.185707843573512
              },
              {
                "carrier_i": "SiO2",
