{
  "metadata": {
    "_function": "provenance",
    "_description": "Identity, schema version, run-time provenance.",
    "schema_version": "2.1.0",
    "engine_version": "cnt 2.0.4",
    "engine_implementation": "python",
    "generated": "2026-05-06T01:24:37.498313+00:00",
    "wall_clock_ms": 25,
    "mathematical_lineage": {
      "Aitchison_1986": "CLR transform, simplex geometry, Aitchison distance",
      "Shannon_1948": "Entropy H = -sum x_j ln x_j",
      "Egozcue_2003": "ILR, Helmert basis, orthonormal coordinates",
      "Higgins_2026": "CNT tensor decomposition, recursive depth sounder, metric dual involution"
    },
    "engine_config": {
      "_description": "Active values from the USER CONFIGURATION block at top of cnt.py. Two runs with identical config and input produce identical content_sha256. Two runs with different config produce different content_sha256 - that is correct.",
      "DEFAULT_DELTA": 1e-15,
      "DEGEN_THRESHOLD": 0.0001,
      "LOCK_CLR_THRESHOLD": -10.0,
      "DEPTH_MAX_LEVELS": 50,
      "DEPTH_PRECISION_TARGET": 0.01,
      "NOISE_FLOOR_OMEGA_VAR": 1e-06,
      "TRIADIC_T_LIMIT": 500,
      "TRIADIC_K_DEFAULT": 500,
      "EITT_GATE_PCT": 5.0,
      "EITT_M_SWEEP_BASE": [
        2,
        4,
        8,
        16,
        32,
        64,
        128
      ],
      "active_overrides": {}
    },
    "units": {
      "input_units": "ratio",
      "higgins_scale_units": "neper",
      "units_scale_factor_to_neper": 1.0,
      "feature": "v1.1-B native units",
      "schema_addition": "2.1.0",
      "_description": "v1.1-B native units (additive 2.1.0).",
      "report_units_scale_factors": true
    },
    "environment": {
      "git_sha": "unknown",
      "language_version": "python 3.10.12",
      "numerical_lib": "numpy 2.2.6",
      "platform": "Linux-6.8.0-106-generic-x86_64-with-glibc2.35",
      "hostname_hash": "c857d09db23e6822e3600bc06ad8d58f92ed62bc8efd81c753f77048662cb97d"
    }
  },
  "input": {
    "_function": "provenance",
    "_description": "Source data identity, hashes, and ordering declaration.",
    "source_file": "markham_budget_input.csv",
    "source_file_sha256": "dff512242fcb4dac6a99efa41252a8dc407970d51dfecd2299027de9b802cf04",
    "closed_data_sha256": "8983a79cbf6e0b7b28469884bd9d3ff3998b0982ec01fa418ec95c1675d5936e",
    "n_records": 15,
    "n_carriers": 8,
    "carriers": [
      "Operations & Asset Mgmt",
      "Public Safety",
      "Planning & Building",
      "Recreation & Culture",
      "Library & Heritage",
      "Engineering & Capital",
      "Corporate Services",
      "Council & Administration"
    ],
    "labels": [
      "2011",
      "2012",
      "2013",
      "2014",
      "2015",
      "2016",
      "2017",
      "2018",
      "2019",
      "2020",
      "2021",
      "2022",
      "2023",
      "2024",
      "2025"
    ],
    "zero_replacement": {
      "method": "multiplicative",
      "delta": 1e-15,
      "applied": false,
      "n_replacements": 0
    },
    "ordering": {
      "is_temporal": true,
      "ordering_method": "by-time",
      "caveat": null
    }
  },
  "tensor": {
    "_function": "composer",
    "_description": "Per-record compositional state. coda_standard fields follow Aitchison/Egozcue/Shannon. higgins_extensions are HUF-framework readings of the same simplex; see schema \u00a78 for the mapping.",
    "helmert_basis": {
      "D": 8,
      "dim": 7,
      "coefficients": [
        [
          0.7071067811865476,
          -0.7071067811865476,
          0.0,
          0.0,
          0.0,
          0.0,
          0.0,
          0.0
        ],
        [
          0.408248290463863,
          0.408248290463863,
          -0.816496580927726,
          0.0,
          0.0,
          0.0,
          0.0,
          0.0
        ],
        [
          0.28867513459481287,
          0.28867513459481287,
          0.28867513459481287,
          -0.8660254037844386,
          0.0,
          0.0,
          0.0,
          0.0
        ],
        [
          0.22360679774997896,
          0.22360679774997896,
          0.22360679774997896,
          0.22360679774997896,
          -0.8944271909999159,
          0.0,
          0.0,
          0.0
        ],
        [
          0.18257418583505539,
          0.18257418583505539,
          0.18257418583505539,
          0.18257418583505539,
          0.18257418583505539,
          -0.9128709291752769,
          0.0,
          0.0
        ],
        [
          0.1543033499620919,
          0.1543033499620919,
          0.1543033499620919,
          0.1543033499620919,
          0.1543033499620919,
          0.1543033499620919,
          -0.9258200997725514,
          0.0
        ],
        [
          0.1336306209562122,
          0.1336306209562122,
          0.1336306209562122,
          0.1336306209562122,
          0.1336306209562122,
          0.1336306209562122,
          0.1336306209562122,
          -0.9354143466934853
        ]
      ]
    },
    "timesteps": [
      {
        "raw_values": [
          0.307,
          0.145,
          0.093,
          0.137,
          0.057,
          0.099,
          0.115,
          0.047
        ],
        "index": 0,
        "label": "2011",
        "coda_standard": {
          "composition": [
            0.307,
            0.145,
            0.093,
            0.137,
            0.057,
            0.099,
            0.115,
            0.047
          ],
          "shannon_entropy": 1.920422568648138,
          "aitchison_norm": 1.5390641645315226,
          "ilr": [
            0.5304106997163199,
            0.6688668562619429,
            0.13747812812289978,
            0.8908398308412622,
            0.22340031634340923,
            0.050108509488517666,
            0.8803895255935643
          ],
          "clr": [
            1.0531711529582468,
            0.3030571477916242,
            -0.1410771014756942,
            0.24630433119917483,
            -0.6306253267944002,
            -0.07855674449436023,
            0.07125553373429971,
            -0.8235289929188916
          ]
        },
        "higgins_extensions": {
          "metric_tensor": {
            "matrix": [
              [
                9.283918131757366,
                -2.8080422329551835,
                -4.378130363209695,
                -2.9720155020328587,
                -7.143265329447397,
                -4.112789129075774,
                -3.5405749893782748,
                -8.663109016563865
              ],
              [
                -2.8080422329551835,
                41.61712247324614,
                -9.269558769002597,
                -6.292474200855776,
                -15.124016938898972,
                -8.707767328456983,
                -7.496251874062969,
                -18.34189288334556
              ],
              [
                -4.378130363209695,
                -9.269558769002597,
                101.16776505954445,
                -9.810846872302017,
                -23.58045651763818,
                -13.576626479852287,
                -11.68770453482936,
                -28.597574925646306
              ],
              [
                -2.9720155020328587,
                -6.292474200855776,
                -9.810846872302017,
                46.619425648676,
                -16.00717121270329,
                -9.2162500921625,
                -7.933989209774674,
                -19.412952321789096
              ],
              [
                -7.143265329447397,
                -15.124016938898972,
                -23.58045651763818,
                -16.00717121270329,
                269.3136349646045,
                -22.151337940811622,
                -19.069412662090006,
                -46.65920119447555
              ],
              [
                -4.112789129075774,
                -8.707767328456983,
                -13.576626479852287,
                -9.2162500921625,
                -22.151337940811622,
                89.27660442811957,
                -10.979358805445761,
                -26.864388566516226
              ],
              [
                -3.5405749893782748,
                -7.496251874062969,
                -11.68770453482936,
                -7.933989209774674,
                -19.069412662090006,
                -10.979358805445761,
                66.1625708884688,
                -23.12673450508788
              ],
              [
                -8.663109016563865,
                -18.34189288334556,
                -28.597574925646306,
                -19.412952321789096,
                -46.65920119447555,
                -26.864388566516226,
                -23.12673450508788,
                396.1068356722499
              ]
            ],
            "eigenvalues": [
              2.180927513932083e-14,
              19.57398405099233,
              50.19744808363767,
              65.63683386813538,
              90.2297536676045,
              110.24768409185693,
              268.38074274530175,
              415.2814307591383
            ],
            "trace": 1019.5478772666668
          },
          "metric_tensor_diagonal": [
            9.283918131757366,
            41.61712247324614,
            101.16776505954445,
            46.619425648676,
            269.3136349646045,
            89.27660442811957,
            66.1625708884688,
            396.1068356722499
          ],
          "bearing_tensor": {
            "pairs": [
              {
                "carrier_i": "Operations & Asset Mgmt",
                "carrier_j": "Public Safety",
                "theta_deg": 16.053531962194917
              },
              {
                "carrier_i": "Operations & Asset Mgmt",
                "carrier_j": "Planning & Building",
                "theta_deg": -7.6296136943425115
              },
              {
                "carrier_i": "Operations & Asset Mgmt",
                "carrier_j": "Recreation & Culture",
                "theta_deg": 13.163138324961233
              },
              {
                "carrier_i": "Operations & Asset Mgmt",
                "carrier_j": "Library & Heritage",
                "theta_deg": -30.91263167474096
              },
              {
                "carrier_i": "Operations & Asset Mgmt",
                "carrier_j": "Engineering & Capital",
                "theta_deg": -4.26583106030798
              },
              {
                "carrier_i": "Operations & Asset Mgmt",
                "carrier_j": "Corporate Services",
                "theta_deg": 3.870623312890805
              },
              {
                "carrier_i": "Operations & Asset Mgmt",
                "carrier_j": "Council & Administration",
                "theta_deg": -38.02369085753985
              },
              {
                "carrier_i": "Public Safety",
                "carrier_j": "Planning & Building",
                "theta_deg": -24.962599335693042
              },
              {
                "carrier_i": "Public Safety",
                "carrier_j": "Recreation & Culture",
                "theta_deg": 39.10187500048368
              },
              {
                "carrier_i": "Public Safety",
                "carrier_j": "Library & Heritage",
                "theta_deg": -64.33263898556456
              },
              {
                "carrier_i": "Public Safety",
                "carrier_j": "Engineering & Capital",
                "theta_deg": -14.53204097650519
              },
              {
                "carrier_i": "Public Safety",
                "carrier_j": "Corporate Services",
                "theta_deg": 13.231198747460482
              },
              {
                "carrier_i": "Public Safety",
                "carrier_j": "Council & Administration",
                "theta_deg": -69.79647806842993
              },
              {
                "carrier_i": "Planning & Building",
                "carrier_j": "Recreation & Culture",
                "theta_deg": 119.80302698481212
              },
              {
                "carrier_i": "Planning & Building",
                "carrier_j": "Library & Heritage",
                "theta_deg": -102.61000618370896
              },
              {
                "carrier_i": "Planning & Building",
                "carrier_j": "Engineering & Capital",
                "theta_deg": -150.88938511786975
              },
              {
                "carrier_i": "Planning & Building",
                "carrier_j": "Corporate Services",
                "theta_deg": 153.20247150281824
              },
              {
                "carrier_i": "Planning & Building",
                "carrier_j": "Council & Administration",
                "theta_deg": -99.72086718506749
              },
              {
                "carrier_i": "Recreation & Culture",
                "carrier_j": "Library & Heritage",
                "theta_deg": -68.6657962210001
              },
              {
                "carrier_i": "Recreation & Culture",
                "carrier_j": "Engineering & Capital",
                "theta_deg": -17.68965572556171
              },
              {
                "carrier_i": "Recreation & Culture",
                "carrier_j": "Corporate Services",
                "theta_deg": 16.13508999609917
              },
              {
                "carrier_i": "Recreation & Culture",
                "carrier_j": "Council & Administration",
                "theta_deg": -73.34891827911201
              },
              {
                "carrier_i": "Library & Heritage",
                "carrier_j": "Engineering & Capital",
                "theta_deg": -172.89926567238464
              },
              {
                "carrier_i": "Library & Heritage",
                "carrier_j": "Corporate Services",
                "theta_deg": 173.55338504761897
              },
              {
                "carrier_i": "Library & Heritage",
                "carrier_j": "Council & Administration",
                "theta_deg": -127.44343740275595
              },
              {
                "carrier_i": "Engineering & Capital",
                "carrier_j": "Corporate Services",
                "theta_deg": 137.79014402122255
              },
              {
                "carrier_i": "Engineering & Capital",
                "carrier_j": "Council & Administration",
                "theta_deg": -95.44897881472022
              },
              {
                "carrier_i": "Corporate Services",
                "carrier_j": "Council & Administration",
                "theta_deg": -85.05482058167098
              }
            ]
          },
          "higgins_scale": 0.07647196126669542,
          "condition_number": 6.531914893617021
        }
      },
      {
        "raw_values": [
          0.306,
          0.15,
          0.094,
          0.136,
          0.056,
          0.102,
          0.11,
          0.046
        ],
        "index": 1,
        "label": "2012",
        "coda_standard": {
          "aitchison_distance_step": 0.07015684798086644,
          "composition": [
            0.306,
            0.15,
            0.094,
            0.136,
            0.056,
            0.102,
            0.11,
            0.046
          ],
          "shannon_entropy": 1.9192149035649586,
          "aitchison_norm": 1.5580148458110623,
          "ilr": [
            0.5041316437807121,
            0.6726424702789506,
            0.15575481930227042,
            0.9142752685197557,
            0.19912593947862017,
            0.0983857251804965,
            0.9007352172688524
          ],
          "clr": [
            1.0523830606579276,
            0.3394332528018027,
            -0.127907259024449,
            0.2414528444415991,
            -0.6458503505593036,
            -0.046229228010182144,
            0.029278324497963304,
            -0.8425606448053582
          ]
        },
        "higgins_extensions": {
          "metric_tensor": {
            "matrix": [
              [
                9.344696484258192,
                -2.723311546840959,
                -4.345709915171743,
                -3.0036524413687045,
                -7.294584500466854,
                -4.004869921824939,
                -3.713606654783125,
                -8.880363739698778
              ],
              [
                -2.723311546840959,
                38.88888888888889,
                -8.865248226950355,
                -6.127450980392156,
                -14.880952380952381,
                -8.169934640522877,
                -7.575757575757575,
                -18.115942028985508
              ],
              [
                -4.345709915171743,
                -8.865248226950355,
                99.02670891806247,
                -9.77784730913642,
                -23.746200607902733,
                -13.037129745515228,
                -12.088974854932301,
                -28.908418131359856
              ],
              [
                -3.0036524413687045,
                -6.127450980392156,
                -9.77784730913642,
                47.30752595155709,
                -16.41281512605042,
                -9.010957324106112,
                -8.355614973262032,
                -19.98081841432225
              ],
              [
                -7.294584500466854,
                -14.880952380952381,
                -23.746200607902733,
                -16.41281512605042,
                279.0178571428571,
                -21.88375350140056,
                -20.29220779220779,
                -48.524844720496894
              ],
              [
                -4.004869921824939,
                -8.169934640522877,
                -13.037129745515228,
                -9.010957324106112,
                -21.88375350140056,
                84.10226835832374,
                -11.140819964349378,
                -26.641091219096335
              ],
              [
                -3.713606654783125,
                -7.575757575757575,
                -12.088974854932301,
                -8.355614973262032,
                -20.29220779220779,
                -11.140819964349378,
                72.31404958677686,
                -24.703557312252965
              ],
              [
                -8.880363739698778,
                -18.115942028985508,
                -28.908418131359856,
                -19.98081841432225,
                -48.524844720496894,
                -26.641091219096335,
                -24.703557312252965,
                413.5160680529301
              ]
            ],
            "eigenvalues": [
              -2.9090398582600565e-14,
              19.452458687873246,
              48.73044117680631,
              67.94302660044758,
              89.6818396309322,
              107.23093312987797,
              277.43563628247506,
              433.0437278752414
            ],
            "trace": 1043.5180633836544
          },
          "helmsman": "Corporate Services",
          "metric_tensor_diagonal": [
            9.344696484258192,
            38.88888888888889,
            99.02670891806247,
            47.30752595155709,
            279.0178571428571,
            84.10226835832374,
            72.31404958677686,
            413.5160680529301
          ],
          "bearing_tensor": {
            "pairs": [
              {
                "carrier_i": "Operations & Asset Mgmt",
                "carrier_j": "Public Safety",
                "theta_deg": 17.8764699193027
              },
              {
                "carrier_i": "Operations & Asset Mgmt",
                "carrier_j": "Planning & Building",
                "theta_deg": -6.9297738105971876
              },
              {
                "carrier_i": "Operations & Asset Mgmt",
                "carrier_j": "Recreation & Culture",
                "theta_deg": 12.921980756356106
              },
              {
                "carrier_i": "Operations & Asset Mgmt",
                "carrier_j": "Library & Heritage",
                "theta_deg": -31.53755390620496
              },
              {
                "carrier_i": "Operations & Asset Mgmt",
                "carrier_j": "Engineering & Capital",
                "theta_deg": -2.5152798281041386
              },
              {
                "carrier_i": "Operations & Asset Mgmt",
                "carrier_j": "Corporate Services",
                "theta_deg": 1.5936134697141235
              },
              {
                "carrier_i": "Operations & Asset Mgmt",
                "carrier_j": "Council & Administration",
                "theta_deg": -38.68151932823686
              },
              {
                "carrier_i": "Public Safety",
                "carrier_j": "Planning & Building",
                "theta_deg": -20.647711239738918
              },
              {
                "carrier_i": "Public Safety",
                "carrier_j": "Recreation & Culture",
                "theta_deg": 35.425808475615526
              },
              {
                "carrier_i": "Public Safety",
                "carrier_j": "Library & Heritage",
                "theta_deg": -62.27537020412673
              },
              {
                "carrier_i": "Public Safety",
                "carrier_j": "Engineering & Capital",
                "theta_deg": -7.755699288641534
              },
              {
                "carrier_i": "Public Safety",
                "carrier_j": "Corporate Services",
                "theta_deg": 4.929931059908464
              },
              {
                "carrier_i": "Public Safety",
                "carrier_j": "Council & Administration",
                "theta_deg": -68.05750887062284
              },
              {
                "carrier_i": "Planning & Building",
                "carrier_j": "Recreation & Culture",
                "theta_deg": 117.91196384866636
              },
              {
                "carrier_i": "Planning & Building",
                "carrier_j": "Library & Heritage",
                "theta_deg": -101.20217222187857
              },
              {
                "carrier_i": "Planning & Building",
                "carrier_j": "Engineering & Capital",
                "theta_deg": -160.12873993477493
              },
              {
                "carrier_i": "Planning & Building",
                "carrier_j": "Corporate Services",
                "theta_deg": 167.1069584637958
              },
              {
                "carrier_i": "Planning & Building",
                "carrier_j": "Council & Administration",
                "theta_deg": -98.63203745377554
              },
              {
                "carrier_i": "Recreation & Culture",
                "carrier_j": "Library & Heritage",
                "theta_deg": -69.50161170316717
              },
              {
                "carrier_i": "Recreation & Culture",
                "carrier_j": "Engineering & Capital",
                "theta_deg": -10.838835194179875
              },
              {
                "carrier_i": "Recreation & Culture",
                "carrier_j": "Corporate Services",
                "theta_deg": 6.91387277397758
              },
              {
                "carrier_i": "Recreation & Culture",
                "carrier_j": "Council & Administration",
                "theta_deg": -74.00927071241001
              },
              {
                "carrier_i": "Library & Heritage",
                "carrier_j": "Engineering & Capital",
                "theta_deg": -175.90581645747488
              },
              {
                "carrier_i": "Library & Heritage",
                "carrier_j": "Corporate Services",
                "theta_deg": 177.40438835458744
              },
              {
                "carrier_i": "Library & Heritage",
                "carrier_j": "Council & Administration",
                "theta_deg": -127.47134775876312
              },
              {
                "carrier_i": "Engineering & Capital",
                "carrier_j": "Corporate Services",
                "theta_deg": 147.65272154010032
              },
              {
                "carrier_i": "Engineering & Capital",
                "carrier_j": "Council & Administration",
                "theta_deg": -93.14052940753085
              },
              {
                "carrier_i": "Corporate Services",
                "carrier_j": "Council & Administration",
                "theta_deg": -88.00981719728772
              }
            ]
          },
          "helmsman_delta": 0.04197720923633641,
          "higgins_scale": 0.0770527254088813,
          "condition_number": 6.6521739130434785,
          "angular_velocity_deg": 2.4995466515067846
        }
      },
      {
        "raw_values": [
          0.305,
          0.155,
          0.095,
          0.135,
          0.055,
          0.105,
          0.105,
          0.045
        ],
        "index": 2,
        "label": "2013",
        "coda_standard": {
          "aitchison_distance_step": 0.07062231621512034,
          "composition": [
            0.305,
            0.155,
            0.095,
            0.135,
            0.055,
            0.105,
            0.105,
            0.045
          ],
          "shannon_entropy": 1.9174640834426238,
          "aitchison_norm": 1.5800014516330507,
          "ilr": [
            0.47863114716021243,
            0.6760522738274471,
            0.1737216504221918,
            0.9377075886853576,
            0.17534789919646945,
            0.1481960230636032,
            0.9209160952417886
          ],
          "clr": [
            1.0522111592469785,
            0.3753244995588134,
            -0.11422372575989215,
            0.23717416107799627,
            -0.6607674321279622,
            -0.01414026720290984,
            -0.01414026720290984,
            -0.8614381275901133
          ]
        },
        "higgins_extensions": {
          "metric_tensor": {
            "matrix": [
              [
                9.406073636119324,
                -2.6441036488630356,
                -4.3140638481449525,
                -3.035822707953855,
                -7.45156482861401,
                -3.9032006245121003,
                -3.9032006245121003,
                -9.107468123861567
              ],
              [
                -2.6441036488630356,
                36.420395421436005,
                -8.488964346349745,
                -5.973715651135005,
                -14.66275659824047,
                -7.680491551459294,
                -7.680491551459294,
                -17.92114695340502
              ],
              [
                -4.3140638481449525,
                -8.488964346349745,
                96.95290858725761,
                -9.746588693957113,
                -23.923444976076553,
                -12.531328320802006,
                -12.531328320802006,
                -29.239766081871345
              ],
              [
                -3.035822707953855,
                -5.973715651135005,
                -9.746588693957113,
                48.01097393689986,
                -16.835016835016834,
                -8.818342151675484,
                -8.818342151675484,
                -20.576131687242796
              ],
              [
                -7.45156482861401,
                -14.66275659824047,
                -23.923444976076553,
                -16.835016835016834,
                289.25619834710744,
                -21.645021645021647,
                -21.645021645021647,
                -50.50505050505051
              ],
              [
                -3.9032006245121003,
                -7.680491551459294,
                -12.531328320802006,
                -8.818342151675484,
                -21.645021645021647,
                79.36507936507938,
                -11.337868480725625,
                -26.455026455026456
              ],
              [
                -3.9032006245121003,
                -7.680491551459294,
                -12.531328320802006,
                -8.818342151675484,
                -21.645021645021647,
                -11.337868480725625,
                79.36507936507938,
                -26.455026455026456
              ],
              [
                -9.107468123861567,
                -17.92114695340502,
                -29.239766081871345,
                -20.576131687242796,
                -50.50505050505051,
                -26.455026455026456,
                -26.455026455026456,
                432.0987654320988
              ]
            ],
            "eigenvalues": [
              -1.4226279573510512e-14,
              19.287528350425486,
              47.37582424089267,
              69.19344871142704,
              90.70294784580503,
              105.16829672875934,
              287.12470552714166,
              452.02272268662654
            ],
            "trace": 1070.8754740910776
          },
          "helmsman": "Corporate Services",
          "metric_tensor_diagonal": [
            9.406073636119324,
            36.420395421436005,
            96.95290858725761,
            48.01097393689986,
            289.25619834710744,
            79.36507936507938,
            79.36507936507938,
            432.0987654320988
          ],
          "bearing_tensor": {
            "pairs": [
              {
                "carrier_i": "Operations & Asset Mgmt",
                "carrier_j": "Public Safety",
                "theta_deg": 19.631355034845217
              },
              {
                "carrier_i": "Operations & Asset Mgmt",
                "carrier_j": "Planning & Building",
                "theta_deg": -6.195533876725415
              },
              {
                "carrier_i": "Operations & Asset Mgmt",
                "carrier_j": "Recreation & Culture",
                "theta_deg": 12.702494384028077
              },
              {
                "carrier_i": "Operations & Asset Mgmt",
                "carrier_j": "Library & Heritage",
                "theta_deg": -32.127994005586274
              },
              {
                "carrier_i": "Operations & Asset Mgmt",
                "carrier_j": "Engineering & Capital",
                "theta_deg": -0.7699299311925574
              },
              {
                "carrier_i": "Operations & Asset Mgmt",
                "carrier_j": "Corporate Services",
                "theta_deg": -0.7699299311925574
              },
              {
                "carrier_i": "Operations & Asset Mgmt",
                "carrier_j": "Council & Administration",
                "theta_deg": -39.30695367986175
              },
              {
                "carrier_i": "Public Safety",
                "carrier_j": "Planning & Building",
                "theta_deg": -16.926748852895564
              },
              {
                "carrier_i": "Public Safety",
                "carrier_j": "Recreation & Culture",
                "theta_deg": 32.28951316604333
              },
              {
                "carrier_i": "Public Safety",
                "carrier_j": "Library & Heritage",
                "theta_deg": -60.4028612752598
              },
              {
                "carrier_i": "Public Safety",
                "carrier_j": "Engineering & Capital",
                "theta_deg": -2.1575853426491935
              },
              {
                "carrier_i": "Public Safety",
                "carrier_j": "Corporate Services",
                "theta_deg": -2.1575853426491935
              },
              {
                "carrier_i": "Public Safety",
                "carrier_j": "Council & Administration",
                "theta_deg": -66.45747182776054
              },
              {
                "carrier_i": "Planning & Building",
                "carrier_j": "Recreation & Culture",
                "theta_deg": 115.71559358989677
              },
              {
                "carrier_i": "Planning & Building",
                "carrier_j": "Library & Heritage",
                "theta_deg": -99.80752484712941
              },
              {
                "carrier_i": "Planning & Building",
                "carrier_j": "Engineering & Capital",
                "theta_deg": -172.94300205373082
              },
              {
                "carrier_i": "Planning & Building",
                "carrier_j": "Corporate Services",
                "theta_deg": -172.94300205373082
              },
              {
                "carrier_i": "Planning & Building",
                "carrier_j": "Council & Administration",
                "theta_deg": -97.5531622999977
              },
              {
                "carrier_i": "Recreation & Culture",
                "carrier_j": "Library & Heritage",
                "theta_deg": -70.25503797639105
              },
              {
                "carrier_i": "Recreation & Culture",
                "carrier_j": "Engineering & Capital",
                "theta_deg": -3.411922025951508
              },
              {
                "carrier_i": "Recreation & Culture",
                "carrier_j": "Corporate Services",
                "theta_deg": -3.411922025951508
              },
              {
                "carrier_i": "Recreation & Culture",
                "carrier_j": "Council & Administration",
                "theta_deg": -74.60651811638813
              },
              {
                "carrier_i": "Library & Heritage",
                "carrier_j": "Engineering & Capital",
                "theta_deg": -178.7740709470412
              },
              {
                "carrier_i": "Library & Heritage",
                "carrier_j": "Corporate Services",
                "theta_deg": -178.7740709470412
              },
              {
                "carrier_i": "Library & Heritage",
                "carrier_j": "Council & Administration",
                "theta_deg": -127.49006490378602
              },
              {
                "carrier_i": "Engineering & Capital",
                "carrier_j": "Corporate Services",
                "theta_deg": -135.0
              },
              {
                "carrier_i": "Engineering & Capital",
                "carrier_j": "Council & Administration",
                "theta_deg": -90.94040982415434
              },
              {
                "carrier_i": "Corporate Services",
                "carrier_j": "Council & Administration",
                "theta_deg": -90.94040982415434
              }
            ]
          },
          "helmsman_delta": 0.043418591700873144,
          "higgins_scale": 0.07789469191154164,
          "condition_number": 6.777777777777778,
          "angular_velocity_deg": 2.451010970065702
        }
      },
      {
        "raw_values": [
          0.304,
          0.16,
          0.096,
          0.134,
          0.054,
          0.108,
          0.1,
          0.044
        ],
        "index": 3,
        "label": "2014",
        "coda_standard": {
          "aitchison_distance_step": 0.0713262757698977,
          "composition": [
            0.304,
            0.16,
            0.096,
            0.134,
            0.054,
            0.108,
            0.1,
            0.044
          ],
          "shannon_entropy": 1.9151664142077998,
          "aitchison_norm": 1.6050060004797884,
          "ilr": [
            0.45385923544343876,
            0.6791231270126713,
            0.1914003634759959,
            0.9611633825658377,
            0.1520327048049537,
            0.19974316610704074,
            0.9409396428434895
          ],
          "clr": [
            1.052669626199516,
            0.4108157400271213,
            -0.10000988373886921,
            0.2334817247442058,
            -0.6753740286424312,
            0.017773151917514163,
            -0.059187889218613954,
            -0.8801684412884443
          ]
        },
        "higgins_extensions": {
          "metric_tensor": {
            "matrix": [
              [
                9.468057479224377,
                -2.5699013157894735,
                -4.283168859649122,
                -3.0685388845247448,
                -7.614522417153996,
                -3.807261208576998,
                -4.1118421052631575,
                -9.345095693779905
              ],
              [
                -2.5699013157894735,
                34.1796875,
                -8.138020833333334,
                -5.830223880597015,
                -14.467592592592592,
                -7.233796296296296,
                -7.8125,
                -17.75568181818182
              ],
              [
                -4.283168859649122,
                -8.138020833333334,
                94.94357638888889,
                -9.717039800995025,
                -24.11265432098765,
                -12.056327160493826,
                -13.020833333333332,
                -29.592803030303035
              ],
              [
                -3.0685388845247448,
                -5.830223880597015,
                -9.717039800995025,
                48.730229449766085,
                -17.274737423991155,
                -8.637368711995578,
                -9.328358208955223,
                -21.20081411126187
              ],
              [
                -7.614522417153996,
                -14.467592592592592,
                -24.11265432098765,
                -17.274737423991155,
                300.06858710562415,
                -21.433470507544584,
                -23.148148148148145,
                -52.60942760942762
              ],
              [
                -3.807261208576998,
                -7.233796296296296,
                -12.056327160493826,
                -8.637368711995578,
                -21.433470507544584,
                75.01714677640604,
                -11.574074074074073,
                -26.30471380471381
              ],
              [
                -4.1118421052631575,
                -7.8125,
                -13.020833333333332,
                -9.328358208955223,
                -23.148148148148145,
                -11.574074074074073,
                87.49999999999999,
                -28.409090909090907
              ],
              [
                -9.345095693779905,
                -17.75568181818182,
                -29.592803030303035,
                -21.20081411126187,
                -52.60942760942762,
                -26.30471380471381,
                -28.409090909090907,
                451.9628099173554
              ]
            ],
            "eigenvalues": [
              2.0477544236635122e-14,
              19.084132600860713,
              46.126667196933184,
              69.20491833246433,
              92.584091470405,
              105.04928824107388,
              297.4920021624297,
              472.3289946130983
            ],
            "trace": 1101.8700946172648
          },
          "helmsman": "Corporate Services",
          "metric_tensor_diagonal": [
            9.468057479224377,
            34.1796875,
            94.94357638888889,
            48.730229449766085,
            300.06858710562415,
            75.01714677640604,
            87.49999999999999,
            451.9628099173554
          ],
          "bearing_tensor": {
            "pairs": [
              {
                "carrier_i": "Operations & Asset Mgmt",
                "carrier_j": "Public Safety",
                "theta_deg": 21.318754816133612
              },
              {
                "carrier_i": "Operations & Asset Mgmt",
                "carrier_j": "Planning & Building",
                "theta_deg": -5.427150675483979
              },
              {
                "carrier_i": "Operations & Asset Mgmt",
                "carrier_j": "Recreation & Culture",
