{
  "metadata": {
    "_function": "provenance",
    "_description": "Identity, schema version, run-time provenance.",
    "schema_version": "2.1.0",
    "engine_version": "cnt 2.0.4",
    "engine_implementation": "python",
    "generated": "2026-05-06T01:24:36.509751+00:00",
    "wall_clock_ms": 1280,
    "mathematical_lineage": {
      "Aitchison_1986": "CLR transform, simplex geometry, Aitchison distance",
      "Shannon_1948": "Entropy H = -sum x_j ln x_j",
      "Egozcue_2003": "ILR, Helmert basis, orthonormal coordinates",
      "Higgins_2026": "CNT tensor decomposition, recursive depth sounder, metric dual involution"
    },
    "engine_config": {
      "_description": "Active values from the USER CONFIGURATION block at top of cnt.py. Two runs with identical config and input produce identical content_sha256. Two runs with different config produce different content_sha256 - that is correct.",
      "DEFAULT_DELTA": 1e-15,
      "DEGEN_THRESHOLD": 0.0001,
      "LOCK_CLR_THRESHOLD": -10.0,
      "DEPTH_MAX_LEVELS": 50,
      "DEPTH_PRECISION_TARGET": 0.01,
      "NOISE_FLOOR_OMEGA_VAR": 1e-06,
      "TRIADIC_T_LIMIT": 500,
      "TRIADIC_K_DEFAULT": 500,
      "EITT_GATE_PCT": 5.0,
      "EITT_M_SWEEP_BASE": [
        2,
        4,
        8,
        16,
        32,
        64,
        128
      ],
      "active_overrides": {}
    },
    "units": {
      "input_units": "ratio",
      "higgins_scale_units": "neper",
      "units_scale_factor_to_neper": 1.0,
      "feature": "v1.1-B native units",
      "schema_addition": "2.1.0",
      "_description": "v1.1-B native units (additive 2.1.0).",
      "report_units_scale_factors": true
    },
    "environment": {
      "git_sha": "unknown",
      "language_version": "python 3.10.12",
      "numerical_lib": "numpy 2.2.6",
      "platform": "Linux-6.8.0-106-generic-x86_64-with-glibc2.35",
      "hostname_hash": "c857d09db23e6822e3600bc06ad8d58f92ed62bc8efd81c753f77048662cb97d"
    }
  },
  "input": {
    "_function": "provenance",
    "_description": "Source data identity, hashes, and ordering declaration.",
    "source_file": "ball_oxides_by_region_barycenters.csv",
    "source_file_sha256": "1b184354432ad7fe1dded2bbe8d65aa7cdca04e0c9c577db2cda6d52eb476955",
    "closed_data_sha256": "27caa8f4f4d7e61bd03cb72ba073033ef715473d189ce5924f402be36e8a2342",
    "n_records": 95,
    "n_carriers": 10,
    "carriers": [
      "SiO2",
      "TiO2",
      "Al2O3",
      "FeO",
      "CaO",
      "MgO",
      "MnO",
      "K2O",
      "Na2O",
      "P2O5"
    ],
    "labels": [
      "Afar",
      "Air",
      "Amsterdam",
      "Antarctica",
      "As_Sirat",
      "Atlas",
      "Austral_Cook",
      "Azores",
      "Balleny",
      "Bohemian_Massif",
      "Brazil",
      "Cameroon",
      "Canary",
      "Cape_Verde",
      "Caroline",
      "Central Anatolia",
      "Changbaishan",
      "Cobb",
      "Comoros",
      "Crozet",
      "Dakkar",
      "Darfur",
      "Dariganga",
      "Dead_Sea_Region",
      "Easter",
      "Eastern Anatolia",
      "Eifel",
      "Ethiopia",
      "Euphrates",
      "Galapagos",
      "Gough",
      "Guadalupe",
      "Hainan",
      "Halaha",
      "Hangai",
      "Harrat Al Kishb",
      "Harrat Ash Shaam",
      "Harrat Hutaymah",
      "Harrat_Khaybar",
      "Harrat_Lunayyir",
      "Harrat_Rahat",
      "Hawaii",
      "Heard",
      "Hoggar",
      "Iceland",
      "Iran",
      "Jan_Mayen",
      "Juan_Fernandez",
      "Korea",
      "Lake Baikal",
      "Libya",
      "Madagascar",
      "Madiera",
      "Marion",
      "Marquesas",
      "Mascarene",
      "Massif_Central",
      "Mexico",
      "Mt_Etna",
      "N_Kenya",
      "New_South_Wales",
      "New_Zealand",
      "Northern_Cordillera",
      "Nushan",
      "Pagalu",
      "Pannonian_Basin",
      "Patagonia",
      "Peter_I",
      "Pitcairn",
      "Queensland",
      "Ross_Island",
      "Rungwe",
      "S_Kenya",
      "Samoa",
      "Sardinia",
      "Shandong",
      "Shanxi",
      "Sicily_Channel",
      "Society",
      "South_Dead_Sea",
      "Spain",
      "St_Helena",
      "Taiwan_Fujian",
      "Tanganyika",
      "Thailand",
      "Tibesti",
      "Tibet",
      "Trinidade",
      "Tristan_da_Cunha",
      "Victoria_Tasmania",
      "Vietnam",
      "Western Anatolia",
      "Western_USA",
      "Wudalianchi",
      "Yemen"
    ],
    "zero_replacement": {
      "method": "multiplicative",
      "delta": 1e-15,
      "applied": false,
      "n_replacements": 0
    },
    "ordering": {
      "is_temporal": false,
      "ordering_method": "by-label",
      "caveat": "Order is treated as arbitrary; angular_velocity and energy_depth are ordering-dependent."
    }
  },
  "tensor": {
    "_function": "composer",
    "_description": "Per-record compositional state. coda_standard fields follow Aitchison/Egozcue/Shannon. higgins_extensions are HUF-framework readings of the same simplex; see schema \u00a78 for the mapping.",
    "helmert_basis": {
      "D": 10,
      "dim": 9,
      "coefficients": [
        [
          0.7071067811865476,
          -0.7071067811865476,
          0.0,
          0.0,
          0.0,
          0.0,
          0.0,
          0.0,
          0.0,
          0.0
        ],
        [
          0.408248290463863,
          0.408248290463863,
          -0.816496580927726,
          0.0,
          0.0,
          0.0,
          0.0,
          0.0,
          0.0,
          0.0
        ],
        [
          0.28867513459481287,
          0.28867513459481287,
          0.28867513459481287,
          -0.8660254037844386,
          0.0,
          0.0,
          0.0,
          0.0,
          0.0,
          0.0
        ],
        [
          0.22360679774997896,
          0.22360679774997896,
          0.22360679774997896,
          0.22360679774997896,
          -0.8944271909999159,
          0.0,
          0.0,
          0.0,
          0.0,
          0.0
        ],
        [
          0.18257418583505539,
          0.18257418583505539,
          0.18257418583505539,
          0.18257418583505539,
          0.18257418583505539,
          -0.9128709291752769,
          0.0,
          0.0,
          0.0,
          0.0
        ],
        [
          0.1543033499620919,
          0.1543033499620919,
          0.1543033499620919,
          0.1543033499620919,
          0.1543033499620919,
          0.1543033499620919,
          -0.9258200997725514,
          0.0,
          0.0,
          0.0
        ],
        [
          0.1336306209562122,
          0.1336306209562122,
          0.1336306209562122,
          0.1336306209562122,
          0.1336306209562122,
          0.1336306209562122,
          0.1336306209562122,
          -0.9354143466934853,
          0.0,
          0.0
        ],
        [
          0.11785113019775792,
          0.11785113019775792,
          0.11785113019775792,
          0.11785113019775792,
          0.11785113019775792,
          0.11785113019775792,
          0.11785113019775792,
          0.11785113019775792,
          -0.9428090415820634,
          0.0
        ],
        [
          0.10540925533894598,
          0.10540925533894598,
          0.10540925533894598,
          0.10540925533894598,
          0.10540925533894598,
          0.10540925533894598,
          0.10540925533894598,
          0.10540925533894598,
          0.10540925533894598,
          -0.9486832980505138
        ]
      ]
    },
    "timesteps": [
      {
        "raw_values": [
          0.4948949325,
          0.0226841422,
          0.1527750156,
          0.1194071813,
          0.1047961415,
          0.0664754467,
          0.0020151826,
          0.0054598526,
          0.0281147126,
          0.0033773925
        ],
        "index": 0,
        "label": "Afar",
        "coda_standard": {
          "composition": [
            0.49489493245051047,
            0.022684142197731585,
            0.1527750155847225,
            0.11940718128805929,
            0.10479614148952038,
            0.06647544669335245,
            0.0020151825997984816,
            0.0054598525994540145,
            0.02811471259718853,
            0.0033773924996622607
          ],
          "shannon_entropy": 1.5519848269340397,
          "aitchison_norm": 5.438320280055449,
          "ilr": [
            2.1797834963642027,
            -0.2988055478122976,
            0.0021246207292802133,
            0.11838849930930467,
            0.5121883166311794,
            3.6696589364626004,
            2.2456791752641814,
            0.43536026388433224,
            2.3998373219902454
          ],
          "clr": [
            2.7105559349823523,
            -0.372123448612947,
            1.5351768054111685,
            1.2887497965602397,
            1.1582274059803073,
            0.7030431094452334,
            -2.7930797358404877,
            -1.7963677544253436,
            -0.15749652809009884,
            -2.2766855854104184
          ]
        },
        "higgins_extensions": {
          "metric_tensor": {
            "matrix": [
              [
                3.674654363818907,
                -8.90768051535818,
                -1.3226186931742931,
                -1.6922189208611211,
                -1.9281539242793044,
                -3.0396650419583304,
                -100.27036333211406,
                -37.008891317423895,
                -7.187094328773406,
                -59.828134124936405
              ],
              [
                -8.90768051535818,
                1749.0321289917574,
                -28.855280623383237,
                -36.91876735875811,
                -42.06610934601778,
                -66.31570250703936,
                -2187.57642477647,
                -807.4148278984221,
                -156.79925347626536,
                -1305.257220586518
              ],
              [
                -1.3226186931742931,
                -28.855280623383237,
                38.560071990826025,
                -5.4817246480110144,
                -6.246005621129953,
                -9.846602337788125,
                -324.8128923313103,
                -119.88552381097797,
                -23.281663881626514,
                -193.80551383403912
              ],
              [
                -1.6922189208611211,
                -36.91876735875811,
                -5.4817246480110144,
                63.12212578401334,
                -7.991425606206955,
                -12.598193922550765,
                -415.5804881477179,
                -153.38702891260974,
                -29.787626874577665,
                -247.96364906204633
              ],
              [
                -1.9281539242793044,
                -42.06610934601778,
                -6.246005621129953,
                -7.991425606206955,
                81.95055975274002,
                -14.354677607692052,
                -473.52215437242086,
                -174.7727779694669,
                -33.94072063912246,
                -282.53559697483087
              ],
              [
                -3.0396650419583304,
                -66.31570250703936,
                -9.846602337788125,
                -12.598193922550765,
                -14.354677607692052,
                203.66667851008512,
                -746.4905789493109,
                -275.52297396500734,
                -53.506320593246166,
                -445.40716714523927
              ],
              [
                -100.27036333211406,
                -2187.57642477647,
                -324.8128923313103,
                -415.5804881477179,
                -473.52215437242086,
                -746.4905789493109,
                221622.42381259816,
                -9088.760874789377,
                -1765.0294135675088,
                -14692.782877026304
              ],
              [
                -37.008891317423895,
                -807.4148278984221,
                -119.88552381097797,
                -153.38702891260974,
                -174.7727779694669,
                -275.52297396500734,
                -9088.760874789377,
                30191.22071792323,
                -651.4565178388603,
                -5422.974312413003
              ],
              [
                -7.187094328773406,
                -156.79925347626536,
                -23.281663881626514,
                -29.787626874577665,
                -33.94072063912246,
                -53.506320593246166,
                -1765.0294135675088,
                -651.4565178388603,
                1138.6105744643119,
                -1053.1368689630974
              ],
              [
                -59.828134124936405,
                -1305.257220586518,
                -193.80551383403912,
                -247.96364906204633,
                -282.53559697483087,
                -445.40716714523927,
                -14692.782877026304,
                -5422.974312413003,
                -1053.1368689630974,
                78900.44275110224
              ]
            ],
            "eigenvalues": [
              1.2747128858669213e-12,
              17.032048470092178,
              55.070266742925256,
              82.19103741473882,
              191.47350682995145,
              1027.7691848515462,
              1745.5566141062413,
              29074.25501511117,
              78272.39518166594,
              223526.9612202887
            ],
            "trace": 333992.70407548116
          },
          "metric_tensor_diagonal": [
            3.674654363818907,
            1749.0321289917574,
            38.560071990826025,
            63.12212578401334,
            81.95055975274002,
            203.66667851008512,
            221622.42381259816,
            30191.22071792323,
            1138.6105744643119,
            78900.44275110224
          ],
          "bearing_tensor": {
            "pairs": [
              {
                "carrier_i": "SiO2",
                "carrier_j": "TiO2",
                "theta_deg": -7.817085253725616
              },
              {
                "carrier_i": "SiO2",
                "carrier_j": "Al2O3",
                "theta_deg": 29.525902215768486
              },
              {
                "carrier_i": "SiO2",
                "carrier_j": "FeO",
                "theta_deg": 25.429026594908503
              },
              {
                "carrier_i": "SiO2",
                "carrier_j": "CaO",
                "theta_deg": 23.137141151289967
              },
              {
                "carrier_i": "SiO2",
                "carrier_j": "MgO",
                "theta_deg": 14.540523401700433
              },
              {
                "carrier_i": "SiO2",
                "carrier_j": "MnO",
                "theta_deg": -45.859052356152475
              },
              {
                "carrier_i": "SiO2",
                "carrier_j": "K2O",
                "theta_deg": -33.53364561981466
              },
              {
                "carrier_i": "SiO2",
                "carrier_j": "Na2O",
                "theta_deg": -3.325425364128606
              },
              {
                "carrier_i": "SiO2",
                "carrier_j": "P2O5",
                "theta_deg": -40.028011052921116
              },
              {
                "carrier_i": "TiO2",
                "carrier_j": "Al2O3",
                "theta_deg": 103.62556279279805
              },
              {
                "carrier_i": "TiO2",
                "carrier_j": "FeO",
                "theta_deg": 106.10594781165261
              },
              {
                "carrier_i": "TiO2",
                "carrier_j": "CaO",
                "theta_deg": 107.81153852968522
              },
              {
                "carrier_i": "TiO2",
                "carrier_j": "MgO",
                "theta_deg": 117.89244287861621
              },
              {
                "carrier_i": "TiO2",
                "carrier_j": "MnO",
                "theta_deg": -97.58885507358572
              },
              {
                "carrier_i": "TiO2",
                "carrier_j": "K2O",
                "theta_deg": -101.70347336691628
              },
              {
                "carrier_i": "TiO2",
                "carrier_j": "Na2O",
                "theta_deg": -157.06010556709592
              },
              {
                "carrier_i": "TiO2",
                "carrier_j": "P2O5",
                "theta_deg": -99.28288904154715
              },
              {
                "carrier_i": "Al2O3",
                "carrier_j": "FeO",
                "theta_deg": 40.01277720094397
              },
              {
                "carrier_i": "Al2O3",
                "carrier_j": "CaO",
                "theta_deg": 37.03304327994894
              },
              {
                "carrier_i": "Al2O3",
                "carrier_j": "MgO",
                "theta_deg": 24.605685952256366
              },
              {
                "carrier_i": "Al2O3",
                "carrier_j": "MnO",
                "theta_deg": -61.20522654590986
              },
              {
                "carrier_i": "Al2O3",
                "carrier_j": "K2O",
                "theta_deg": -49.482782824963685
              },
              {
                "carrier_i": "Al2O3",
                "carrier_j": "Na2O",
                "theta_deg": -5.8575831321168375
              },
              {
                "carrier_i": "Al2O3",
                "carrier_j": "P2O5",
                "theta_deg": -56.00807862505892
              },
              {
                "carrier_i": "FeO",
                "carrier_j": "CaO",
                "theta_deg": 41.9467219668142
              },
              {
                "carrier_i": "FeO",
                "carrier_j": "MgO",
                "theta_deg": 28.613497948582257
              },
              {
                "carrier_i": "FeO",
                "carrier_j": "MnO",
                "theta_deg": -65.23101415758639
              },
              {
                "carrier_i": "FeO",
                "carrier_j": "K2O",
                "theta_deg": -54.34359396024099
              },
              {
                "carrier_i": "FeO",
                "carrier_j": "Na2O",
                "theta_deg": -6.9674973558091216
              },
              {
                "carrier_i": "FeO",
                "carrier_j": "P2O5",
                "theta_deg": -60.4873608787786
              },
              {
                "carrier_i": "CaO",
                "carrier_j": "MgO",
                "theta_deg": 31.257717294279832
              },
              {
                "carrier_i": "CaO",
                "carrier_j": "MnO",
                "theta_deg": -67.47731338215038
              },
              {
                "carrier_i": "CaO",
                "carrier_j": "K2O",
                "theta_deg": -57.18766593938744
              },
              {
                "carrier_i": "CaO",
                "carrier_j": "Na2O",
                "theta_deg": -7.7436226147812155
              },
              {
                "carrier_i": "CaO",
                "carrier_j": "P2O5",
                "theta_deg": -63.03601112053358
              },
              {
                "carrier_i": "MgO",
                "carrier_j": "MnO",
                "theta_deg": -75.87163889445844
              },
              {
                "carrier_i": "MgO",
                "carrier_j": "K2O",
                "theta_deg": -68.62615272524312
              },
              {
                "carrier_i": "MgO",
                "carrier_j": "Na2O",
                "theta_deg": -12.626990952689424
              },
              {
                "carrier_i": "MgO",
                "carrier_j": "P2O5",
                "theta_deg": -72.83925221011654
              },
              {
                "carrier_i": "MnO",
                "carrier_j": "K2O",
                "theta_deg": -147.25292390837922
              },
              {
                "carrier_i": "MnO",
                "carrier_j": "Na2O",
                "theta_deg": -176.77261617042086
              },
              {
                "carrier_i": "MnO",
                "carrier_j": "P2O5",
                "theta_deg": -140.8159527412657
              },
              {
                "carrier_i": "K2O",
                "carrier_j": "Na2O",
                "theta_deg": -174.98940544423266
              },
              {
                "carrier_i": "K2O",
                "carrier_j": "P2O5",
                "theta_deg": -128.2744144043684
              },
              {
                "carrier_i": "Na2O",
                "carrier_j": "P2O5",
                "theta_deg": -93.95730210259293
              }
            ]
          },
          "higgins_scale": 0.3259815536649733,
          "condition_number": 245.5831707260672
        }
      },
      {
        "raw_values": [
          0.458686021,
          0.0316036952,
          0.1388887585,
          0.116100593,
          0.1002766569,
          0.0881266431,
          0.0020023314,
          0.017863954,
          0.035915286,
          0.0105360609
        ],
        "index": 1,
        "label": "Air",
        "coda_standard": {
          "aitchison_distance_step": 1.4515628194320995,
          "composition": [
            0.45868602100000005,
            0.031603695200000004,
            0.13888875850000001,
            0.11610059300000002,
            0.10027665690000001,
            0.08812664310000001,
            0.0020023314000000006,
            0.017863954000000005,
            0.035915286000000005,
            0.010536060900000001
          ],
          "shannon_entropy": 1.6873117012871788,
          "aitchison_norm": 4.633849501193988,
          "ilr": [
            1.8915756054047,
            -0.11663925224156885,
            0.07272947777763106,
            0.18739111578392717,
            0.2709088152910105,
            3.7326913764650924,
            1.1854767601602239,
            0.3870550821366555,
            1.5096191316853915
          ],
          "clr": [
            2.341411724628631,
            -0.33368015078879365,
            1.14671911290573,
            0.96750279510265,
            0.8209787338258567,
            0.691820704811041,
            -3.092641999594711,
            -0.9041692617306114,
            -0.20579120251234384,
            -1.43215045664745
          ]
        },
        "higgins_extensions": {
          "metric_tensor": {
            "matrix": [
              [
                4.277711586453716,
                -6.898372323443622,
                -1.5697026788977169,
                -1.8778031244528444,
                -2.174125694114839,
                -2.473872243594265,
                -108.88010660284706,
                -12.20413220310733,
                -6.070230271484628,
                -20.69217882806923
              ],
              [
                -6.898372323443622,
                901.0871162860702,
                -22.782167445300335,
                -27.2538397148142,
                -31.554571624504167,
                -35.90499809264697,
                -1580.2513771780634,
                -177.12690888125215,
                -88.10139928767043,
                -300.3197288292895
              ],
              [
                -1.5697026788977169,
                -22.782167445300335,
                46.65608760142895,
                -6.201524534303063,
                -7.180142399986956,
                -8.17006810437143,
                -359.5811741935597,
                -40.30466468602832,
                -20.047193162728384,
                -68.33679899635304
              ],
              [
                -1.8778031244528444,
                -27.2538397148142,
                -6.201524534303063,
                66.76880961658642,
                -8.589457108004597,
                -9.773684927488665,
                -430.1595846604827,
                -48.21564382536155,
                -23.982046067422186,
                -81.74991123833036
              ],
              [
                -2.174125694114839,
                -31.554571624504167,
                -7.180142399986956,
                -8.589457108004597,
                89.50407653734402,
                -11.315999664889068,
                -498.03996670451176,
                -55.82420687980939,
                -27.76647981551361,
                -94.6502752074448
              ],
              [
                -2.473872243594265,
                -35.90499809264697,
                -8.17006810437143,
                -9.773684927488665,
                -11.315999664889068,
                115.88522135469114,
                -566.7047002691942,
                -63.5206861748858,
                -31.59464234467174,
                -107.6997016861013
              ],
              [
                -108.88010660284706,
                -1580.2513771780634,
                -359.5811741935597,
                -430.1595846604827,
                -498.03996670451176,
                -566.7047002691942,
                224476.3508045879,
                -2795.6735033977216,
                -1390.5439278338406,
                -4740.081073726115
              ],
              [
                -12.20413220310733,
                -177.12690888125215,
                -40.30466468602832,
                -48.21564382536155,
                -55.82420687980939,
                -63.5206861748858,
                -2795.6735033977216,
                2820.248169023016,
                -155.8630172122607,
                -531.305285071128
              ],
              [
                -6.070230271484628,
                -88.10139928767043,
                -20.047193162728384,
                -23.982046067422186,
                -27.76647981551361,
                -31.59464234467174,
                -1390.5439278338406,
                -155.8630172122607,
                697.7243040200015,
                -264.26667387439204
              ],
              [
                -20.69217882806923,
                -300.3197288292895,
                -68.33679899635304,
                -81.74991123833036,
                -94.6502752074448,
                -107.6997016861013,
                -4740.081073726115,
                -531.305285071128,
                -264.26667387439204,
                8107.481473669886
              ]
            ],
            "eigenvalues": [
              -7.284368109672122e-13,
              18.588359762311313,
              61.40122492316716,
              87.80425395944734,
              118.36844576697199,
              613.5648653618,
              919.6322578386754,
              2770.6377308583174,
              8097.422817534694,
              224638.563818278
            ],
            "trace": 237325.9837742834
          },
          "helmsman": "K2O",
          "metric_tensor_diagonal": [
            4.277711586453716,
            901.0871162860702,
            46.65608760142895,
            66.76880961658642,
            89.50407653734402,
            115.88522135469114,
            224476.3508045879,
            2820.248169023016,
            697.7243040200015,
            8107.481473669886
          ],
          "bearing_tensor": {
            "pairs": [
              {
                "carrier_i": "SiO2",
                "carrier_j": "TiO2",
                "theta_deg": -8.110742873525082
              },
              {
                "carrier_i": "SiO2",
                "carrier_j": "Al2O3",
                "theta_deg": 26.09355329630063
              },
              {
                "carrier_i": "SiO2",
                "carrier_j": "FeO",
                "theta_deg": 22.451071759460905
              },
              {
                "carrier_i": "SiO2",
                "carrier_j": "CaO",
                "theta_deg": 19.32240490576808
              },
              {
                "carrier_i": "SiO2",
                "carrier_j": "MgO",
                "theta_deg": 16.460914326975068
              },
              {
                "carrier_i": "SiO2",
                "carrier_j": "MnO",
                "theta_deg": -52.87096061327885
              },
              {
                "carrier_i": "SiO2",
                "carrier_j": "K2O",
                "theta_deg": -21.11477318979636
              },
              {
                "carrier_i": "SiO2",
                "carrier_j": "Na2O",
                "theta_deg": -5.022929323609903
              },
              {
                "carrier_i": "SiO2",
                "carrier_j": "P2O5",
                "theta_deg": -31.452503343273783
              },
              {
                "carrier_i": "TiO2",
                "carrier_j": "Al2O3",
                "theta_deg": 106.22429979470013
              },
              {
                "carrier_i": "TiO2",
                "carrier_j": "FeO",
                "theta_deg": 109.02870206316801
              },
              {
                "carrier_i": "TiO2",
                "carrier_j": "CaO",
                "theta_deg": 112.11888487734313
              },
              {
                "carrier_i": "TiO2",
                "carrier_j": "MgO",
                "theta_deg": 115.74902281037132
              },
              {
                "carrier_i": "TiO2",
                "carrier_j": "MnO",
                "theta_deg": -96.15809729854193
              },
              {
                "carrier_i": "TiO2",
                "carrier_j": "K2O",
                "theta_deg": -110.25638618628012
              },
              {
                "carrier_i": "TiO2",
                "carrier_j": "Na2O",
                "theta_deg": -148.33653999041283
              },
              {
                "carrier_i": "TiO2",
                "carrier_j": "P2O5",
                "theta_deg": -103.11549466818421
              },
              {
                "carrier_i": "Al2O3",
                "carrier_j": "FeO",
                "theta_deg": 40.15478963133573
              },
              {
                "carrier_i": "Al2O3",
                "carrier_j": "CaO",
                "theta_deg": 35.60028021400485
              },
              {
                "carrier_i": "Al2O3",
                "carrier_j": "MgO",
                "theta_deg": 31.102766176056903
              },
              {
                "carrier_i": "Al2O3",
                "carrier_j": "MnO",
                "theta_deg": -69.65574958544093
              },
              {
                "carrier_i": "Al2O3",
                "carrier_j": "K2O",
                "theta_deg": -38.25520126751261
              },
              {
                "carrier_i": "Al2O3",
                "carrier_j": "Na2O",
                "theta_deg": -10.174050115339105
              },
              {
                "carrier_i": "Al2O3",
                "carrier_j": "P2O5",
                "theta_deg": -51.31583618470565
              },
              {
                "carrier_i": "FeO",
                "carrier_j": "CaO",
                "theta_deg": 40.31641635765131
              },
              {
                "carrier_i": "FeO",
                "carrier_j": "MgO",
                "theta_deg": 35.56697048550562
              },
              {
                "carrier_i": "FeO",
                "carrier_j": "MnO",
                "theta_deg": -72.62821832424736
              },
              {
                "carrier_i": "FeO",
                "carrier_j": "K2O",
                "theta_deg": -43.06196810874218
              },
              {
                "carrier_i": "FeO",
                "carrier_j": "Na2O",
                "theta_deg": -12.00805317588451
              },
              {
                "carrier_i": "FeO",
                "carrier_j": "P2O5",
                "theta_deg": -55.95863429861384
              },
              {
                "carrier_i": "CaO",
                "carrier_j": "MgO",
                "theta_deg": 40.12010154908008
              },
              {
                "carrier_i": "CaO",
                "carrier_j": "MnO",
                "theta_deg": -75.13304545216086
              },
              {
                "carrier_i": "CaO",
                "carrier_j": "K2O",
                "theta_deg": -47.76079309051353
              },
              {
                "carrier_i": "CaO",
                "carrier_j": "Na2O",
                "theta_deg": -14.072135580319625
              },
              {
                "carrier_i": "CaO",
                "carrier_j": "P2O5",
                "theta_deg": -60.17655455087814
              },
              {
                "carrier_i": "MgO",
                "carrier_j": "MnO",
                "theta_deg": -77.39059005629274
              },
              {
                "carrier_i": "MgO",
                "carrier_j": "K2O",
                "theta_deg": -52.578766324187136
              },
              {
                "carrier_i": "MgO",
                "carrier_j": "Na2O",
                "theta_deg": -16.56580471878858
              },
              {
                "carrier_i": "MgO",
                "carrier_j": "P2O5",
                "theta_deg": -64.21647195085221
              },
              {
                "carrier_i": "MnO",
                "carrier_j": "K2O",
                "theta_deg": -163.703115595305
              },
              {
                "carrier_i": "MnO",
                "carrier_j": "Na2O",
                "theta_deg": -176.19302508321869
              },
              {
                "carrier_i": "MnO",
                "carrier_j": "P2O5",
                "theta_deg": -155.1519395072327
              },
              {
                "carrier_i": "K2O",
                "carrier_j": "Na2O",
                "theta_deg": -167.1777675633511
              },
              {
                "carrier_i": "K2O",
                "carrier_j": "P2O5",
                "theta_deg": -122.26572465868455
              },
              {
                "carrier_i": "Na2O",
                "carrier_j": "P2O5",
                "theta_deg": -98.17707742621207
              }
            ]
          },
          "helmsman_delta": 0.8921984926947322,
          "higgins_scale": 0.26720983888019034,
          "condition_number": 229.07597663403766,
          "angular_velocity_deg": 13.823849064027488
        }
      },
      {
        "raw_values": [
          0.5141055229,
          0.0240037705,
          0.1402798982,
          0.1270248084,
          0.0998316994,
          0.0526834094,
          0.0020820093,
          0.0069983531,
          0.0301924477,
          0.0027980811
        ],
        "index": 2,
        "label": "Amsterdam",
        "coda_standard": {
          "aitchison_distance_step": 1.463806327119587,
          "composition": [
            0.5141055229,
            0.0240037705,
            0.1402798982,
            0.1270248084,
            0.0998316994,
            0.0526834094,
            0.0020820093,
            0.0069983531,
            0.0301924477,
            0.0027980811
          ],
          "shannon_entropy": 1.5240166398734296,
          "aitchison_norm": 5.397507658049474,
          "ilr": [
            2.1667290579072382,
            -0.19050495577902885,
            -0.04874801102656079,
            0.17770446429889386,
            0.7285886460195311,
            3.607064129598642,
            1.989767618590521,
            0.37650156066862567,
            2.5933463080762795
          ],
          "clr": [
            2.7532303525099016,
            -0.3109872671703937,
            1.4544415102348012,
            1.355184219768724,
            1.1142875727970027,
            0.4751024044939198,
            -2.755864752303848,
            -1.543523339399361,
            -0.08160637239781199,
            -2.460264328532928
          ]
        },
        "higgins_extensions": {
          "metric_tensor": {
            "matrix": [
              [
                3.405163508601291,
                -8.103418429151764,
                -1.3866034887016299,
                -1.5312961199383277,
                -1.9484051399292264,
                -3.692103424096723,
                -93.42542141326146,
                -27.79405289493459,
                -6.442425542028164,
                -69.51642546702077
              ],
              [
                -8.103418429151764,
                1562.0091651504952,
                -29.697855660381176,
                -32.79683883228408,
                -41.73035412433904,
                -79.07635850151652,
                -2000.9575215617747,
                -595.2846490121461,
                -137.98192879859042,
                -1488.8818514933555
              ],
              [
                -1.3866034887016299,
                -29.697855660381176,
                45.73530981166081,
                -5.611978640968497,
                -7.1406228272010726,
                -13.531024657145968,
                -342.39064715701113,
                -101.86118097040797,
                -23.610557139887526,
                -254.76763758345515
              ],
              [
                -1.5312961199383277,
                -32.79683883228408,
                -5.611978640968497,
                55.77831780536435,
                -7.885749688596758,
                -14.942992517405965,
                -378.1192487735935,
                -112.49043613641544,
                -26.074328265065937,
                -281.35274294073713
              ],
              [
                -1.9484051399292264,
                -41.73035412433904,
                -7.1406228272010726,
                -7.885749688596758,
                90.30370757726743,
                -19.013307124431524,
                -481.1149706604878,
                -143.13165240038583,
                -33.1767021089967,
                -357.9902824419073
              ],
              [
                -3.692103424096723,
                -79.07635850151652,
                -13.531024657145968,
                -14.942992517405965,
                -19.013307124431524,
                324.2610348793246,
                -911.682172335218,
                -271.2253489247529,
                -62.867733689777204,
                -678.3687440103599
              ],
              [
                -93.42542141326146,
                -2000.9575215617747,
                -342.39064715701113,
                -378.1192487735935,
                -481.1149706604878,
                -911.682172335218,
                207623.82096485293,
                -6863.118285331679,
                -1590.812563627216,
                -17165.522874879374
              ],
              [
                -27.79405289493459,
                -595.2846490121461,
                -101.86118097040797,
                -112.49043613641544,
                -143.13165240038583,
                -271.2253489247529,
                -6863.118285331679,
                18375.99261368299,
                -473.2665678198925,
                -5106.741222425829
              ],
              [
                -6.442425542028164,
                -137.98192879859042,
                -23.610557139887526,
                -26.074328265065937,
                -33.1767021089967,
                -62.867733689777204,
                -1590.812563627216,
                -473.2665678198925,
                987.2925595316456,
                -1183.6992687698385
              ],
              [
                -69.51642546702077,
                -1488.8818514933555,
                -254.76763758345515,
                -281.35274294073713,
                -357.9902824419073,
                -678.3687440103599,
