{
  "metadata": {
    "_function": "provenance",
    "_description": "Identity, schema version, run-time provenance.",
    "schema_version": "2.1.0",
    "engine_version": "cnt 2.0.4",
    "engine_implementation": "python",
    "generated": "2026-05-06T01:24:37.281914+00:00",
    "wall_clock_ms": 37,
    "mathematical_lineage": {
      "Aitchison_1986": "CLR transform, simplex geometry, Aitchison distance",
      "Shannon_1948": "Entropy H = -sum x_j ln x_j",
      "Egozcue_2003": "ILR, Helmert basis, orthonormal coordinates",
      "Higgins_2026": "CNT tensor decomposition, recursive depth sounder, metric dual involution"
    },
    "engine_config": {
      "_description": "Active values from the USER CONFIGURATION block at top of cnt.py. Two runs with identical config and input produce identical content_sha256. Two runs with different config produce different content_sha256 - that is correct.",
      "DEFAULT_DELTA": 1e-15,
      "DEGEN_THRESHOLD": 0.0001,
      "LOCK_CLR_THRESHOLD": -10.0,
      "DEPTH_MAX_LEVELS": 50,
      "DEPTH_PRECISION_TARGET": 0.01,
      "NOISE_FLOOR_OMEGA_VAR": 1e-06,
      "TRIADIC_T_LIMIT": 500,
      "TRIADIC_K_DEFAULT": 500,
      "EITT_GATE_PCT": 5.0,
      "EITT_M_SWEEP_BASE": [
        2,
        4,
        8,
        16,
        32,
        64,
        128
      ],
      "active_overrides": {}
    },
    "units": {
      "input_units": "ratio",
      "higgins_scale_units": "neper",
      "units_scale_factor_to_neper": 1.0,
      "feature": "v1.1-B native units",
      "schema_addition": "2.1.0",
      "_description": "v1.1-B native units (additive 2.1.0).",
      "report_units_scale_factors": true
    },
    "environment": {
      "git_sha": "unknown",
      "language_version": "python 3.10.12",
      "numerical_lib": "numpy 2.2.6",
      "platform": "Linux-6.8.0-106-generic-x86_64-with-glibc2.35",
      "hostname_hash": "c857d09db23e6822e3600bc06ad8d58f92ed62bc8efd81c753f77048662cb97d"
    }
  },
  "input": {
    "_function": "provenance",
    "_description": "Source data identity, hashes, and ordering declaration.",
    "source_file": "tappe_kim1_by_country_barycenters.csv",
    "source_file_sha256": "e4578e4c0e4b139eab0f0ab838db664cf5b18b9d0af09dd3890abaf2ecfb6e19",
    "closed_data_sha256": "b5a9b3c235378dea99fcf0f5c34e69f17df97e96fc2e2d3fafd995dc6b615c93",
    "n_records": 8,
    "n_carriers": 10,
    "carriers": [
      "SiO2",
      "TiO2",
      "Al2O3",
      "FeO",
      "CaO",
      "MgO",
      "MnO",
      "K2O",
      "Na2O",
      "P2O5"
    ],
    "labels": [
      "Central_Slave_Province_Lac_de_",
      "Maniitsoq_&_Sarfartoq",
      "N_Slave_Province",
      "Sarfartoq_Complex",
      "Somerset_Island",
      "Wemindji_Sill_Complex",
      "West_Africa",
      "southern_Africa"
    ],
    "zero_replacement": {
      "method": "multiplicative",
      "delta": 1e-15,
      "applied": false,
      "n_replacements": 0
    },
    "ordering": {
      "is_temporal": false,
      "ordering_method": "by-label",
      "caveat": "Order is treated as arbitrary; angular_velocity and energy_depth are ordering-dependent."
    }
  },
  "tensor": {
    "_function": "composer",
    "_description": "Per-record compositional state. coda_standard fields follow Aitchison/Egozcue/Shannon. higgins_extensions are HUF-framework readings of the same simplex; see schema \u00a78 for the mapping.",
    "helmert_basis": {
      "D": 10,
      "dim": 9,
      "coefficients": [
        [
          0.7071067811865476,
          -0.7071067811865476,
          0.0,
          0.0,
          0.0,
          0.0,
          0.0,
          0.0,
          0.0,
          0.0
        ],
        [
          0.408248290463863,
          0.408248290463863,
          -0.816496580927726,
          0.0,
          0.0,
          0.0,
          0.0,
          0.0,
          0.0,
          0.0
        ],
        [
          0.28867513459481287,
          0.28867513459481287,
          0.28867513459481287,
          -0.8660254037844386,
          0.0,
          0.0,
          0.0,
          0.0,
          0.0,
          0.0
        ],
        [
          0.22360679774997896,
          0.22360679774997896,
          0.22360679774997896,
          0.22360679774997896,
          -0.8944271909999159,
          0.0,
          0.0,
          0.0,
          0.0,
          0.0
        ],
        [
          0.18257418583505539,
          0.18257418583505539,
          0.18257418583505539,
          0.18257418583505539,
          0.18257418583505539,
          -0.9128709291752769,
          0.0,
          0.0,
          0.0,
          0.0
        ],
        [
          0.1543033499620919,
          0.1543033499620919,
          0.1543033499620919,
          0.1543033499620919,
          0.1543033499620919,
          0.1543033499620919,
          -0.9258200997725514,
          0.0,
          0.0,
          0.0
        ],
        [
          0.1336306209562122,
          0.1336306209562122,
          0.1336306209562122,
          0.1336306209562122,
          0.1336306209562122,
          0.1336306209562122,
          0.1336306209562122,
          -0.9354143466934853,
          0.0,
          0.0
        ],
        [
          0.11785113019775792,
          0.11785113019775792,
          0.11785113019775792,
          0.11785113019775792,
          0.11785113019775792,
          0.11785113019775792,
          0.11785113019775792,
          0.11785113019775792,
          -0.9428090415820634,
          0.0
        ],
        [
          0.10540925533894598,
          0.10540925533894598,
          0.10540925533894598,
          0.10540925533894598,
          0.10540925533894598,
          0.10540925533894598,
          0.10540925533894598,
          0.10540925533894598,
          0.10540925533894598,
          -0.9486832980505138
        ]
      ]
    },
    "timesteps": [
      {
        "raw_values": [
          0.3894093159,
          0.0071344525,
          0.0244538996,
          0.0533050791,
          0.0987461515,
          0.4110526069,
          0.002055511,
          0.0069930641,
          0.0003639033,
          0.006486016
        ],
        "index": 0,
        "label": "Central_Slave_Province_Lac_de_",
        "coda_standard": {
          "composition": [
            0.38940931593894096,
            0.007134452500713445,
            0.02445389960244539,
            0.053305079105330506,
            0.09874615150987462,
            0.4110526069411053,
            0.002055511000205551,
            0.006993064100699306,
            0.0003639033000363903,
            0.006486016000648602
          ],
          "shannon_entropy": 1.3265883822643767,
          "aitchison_norm": 6.790915485328332,
          "ilr": [
            2.8282118127140667,
            0.6270641232082315,
            -0.2314420074853577,
            -0.7307071857930554,
            -1.8985279316086037,
            3.3006280612410506,
            1.7131117214322433,
            4.29756421893002,
            1.1111612712821386
          ],
          "clr": [
            3.0408424021410396,
            -0.9588531006629895,
            0.27300108180607996,
            1.0522430050749607,
            1.668763816630193,
            3.0949325893891717,
            -2.203264135402242,
            -0.9788697992508197,
            -3.934655720219455,
            -1.0541401395059413
          ]
        },
        "higgins_extensions": {
          "metric_tensor": {
            "matrix": [
              [
                5.935124525222887,
                -35.99424032963608,
                -10.50135978743337,
                -4.817537132317527,
                -2.600599557597675,
                -0.6247356021947004,
                -124.93204750807608,
                -36.72198541771882,
                -705.6797723608798,
                -39.59274813774326
              ],
              [
                -35.99424032963608,
                17681.585591597115,
                -573.1802588697869,
                -262.94853585732284,
                -141.94469647866507,
                -34.09902350166503,
                -6818.981996741335,
                -2004.3420598852767,
                -38517.07995806517,
                -2161.032674465154
              ],
              [
                -10.50135978743337,
                -573.1802588697869,
                1505.0338219920466,
                -76.71552879928468,
                -41.41252361459574,
                -9.948428162721859,
                -1989.445607853326,
                -584.7690329113669,
                -11237.401064635023,
                -630.483694589128
              ],
              [
                -4.817537132317527,
                -262.94853585732284,
                -76.71552879928468,
                316.74175962657085,
                -18.99814636339135,
                -4.563877731287577,
                -912.6654340544109,
                -268.2649282477786,
                -5155.198754775283,
                -289.23669615039745
              ],
              [
                -2.600599557597675,
                -141.94469647866507,
                -41.41252361459574,
                -18.99814636339135,
                92.30009588662884,
                -2.4636693154468183,
                -492.6744223961599,
                -144.81458773614747,
                -2782.8758207302685,
                -156.13555295792565
              ],
              [
                -0.6247356021947004,
                -34.09902350166503,
                -9.948428162721859,
                -4.563877731287577,
                -2.4636693154468183,
                5.3265706979296015,
                -118.3539584409973,
                -34.788450383146476,
                -668.5233782409031,
                -37.50805786927026
              ],
              [
                -124.93204750807608,
                -6818.981996741335,
                -1989.445607853326,
                -912.6654340544109,
                -492.6744223961599,
                -118.3539584409973,
                213011.4255710409,
                -6956.850739306996,
                -133688.5462542005,
                -7500.706620844939
              ],
              [
                -36.72198541771882,
                -2004.3420598852767,
                -584.7690329113669,
                -268.2649282477786,
                -144.81458773614747,
                -34.788450383146476,
                -6956.850739306996,
                18403.79941319757,
                -39295.83276657195,
                -2204.725245821728
              ],
              [
                -705.6797723608798,
                -38517.07995806517,
                -11237.401064635023,
                -5155.198754775283,
                -2782.8758207302685,
                -668.5233782409031,
                -133688.5462542005,
                -39295.83276657195,
                6796268.394916072,
                -42367.80751073047
              ],
              [
                -39.59274813774326,
                -2161.032674465154,
                -630.483694589128,
                -289.23669615039745,
                -156.13555295792565,
                -37.50805786927026,
                -7500.706620844939,
                -2204.725245821728,
                -42367.80751073047,
                21393.72840003423
              ]
            ],
            "eigenvalues": [
              3.853264388947206e-14,
              6.255695890509168,
              67.38652452013676,
              272.25088694668926,
              1352.6372886291979,
              13202.697907356009,
              20045.98149042991,
              22747.203524210734,
              211278.73809853694,
              6799711.11984815
            ],
            "trace": 7068684.2712646695
          },
          "metric_tensor_diagonal": [
            5.935124525222887,
            17681.585591597115,
            1505.0338219920466,
            316.74175962657085,
            92.30009588662884,
            5.3265706979296015,
            213011.4255710409,
            18403.79941319757,
            6796268.394916072,
            21393.72840003423
          ],
          "bearing_tensor": {
            "pairs": [
              {
                "carrier_i": "SiO2",
                "carrier_j": "TiO2",
                "theta_deg": -17.501356899222856
              },
              {
                "carrier_i": "SiO2",
                "carrier_j": "Al2O3",
                "theta_deg": 5.130153063663732
              },
              {
                "carrier_i": "SiO2",
                "carrier_j": "FeO",
                "theta_deg": 19.08749690053843
              },
              {
                "carrier_i": "SiO2",
                "carrier_j": "CaO",
                "theta_deg": 28.757248906787037
              },
              {
                "carrier_i": "SiO2",
                "carrier_j": "MgO",
                "theta_deg": 45.50508031478478
              },
              {
                "carrier_i": "SiO2",
                "carrier_j": "MnO",
                "theta_deg": -35.925477250442974
              },
              {
                "carrier_i": "SiO2",
                "carrier_j": "K2O",
                "theta_deg": -17.843753438021597
              },
              {
                "carrier_i": "SiO2",
                "carrier_j": "Na2O",
                "theta_deg": -52.301869991039005
              },
              {
                "carrier_i": "SiO2",
                "carrier_j": "P2O5",
                "theta_deg": -19.119414140433868
              },
              {
                "carrier_i": "TiO2",
                "carrier_j": "Al2O3",
                "theta_deg": 164.10748428989578
              },
              {
                "carrier_i": "TiO2",
                "carrier_j": "FeO",
                "theta_deg": 132.3412478433485
              },
              {
                "carrier_i": "TiO2",
                "carrier_j": "CaO",
                "theta_deg": 119.88119533597163
              },
              {
                "carrier_i": "TiO2",
                "carrier_j": "MgO",
                "theta_deg": 107.21370719246423
              },
              {
                "carrier_i": "TiO2",
                "carrier_j": "MnO",
                "theta_deg": -113.51851242758929
              },
              {
                "carrier_i": "TiO2",
                "carrier_j": "K2O",
                "theta_deg": -134.40815502690498
              },
              {
                "carrier_i": "TiO2",
                "carrier_j": "Na2O",
                "theta_deg": -103.69570359884482
              },
              {
                "carrier_i": "TiO2",
                "carrier_j": "P2O5",
                "theta_deg": -132.28987022673672
              },
              {
                "carrier_i": "Al2O3",
                "carrier_j": "FeO",
                "theta_deg": 75.45547677823292
              },
              {
                "carrier_i": "Al2O3",
                "carrier_j": "CaO",
                "theta_deg": 80.70901076708711
              },
              {
                "carrier_i": "Al2O3",
                "carrier_j": "MgO",
                "theta_deg": 84.9590406592074
              },
              {
                "carrier_i": "Al2O3",
                "carrier_j": "MnO",
                "theta_deg": -82.93662119111079
              },
              {
                "carrier_i": "Al2O3",
                "carrier_j": "K2O",
                "theta_deg": -74.41652345440058
              },
              {
                "carrier_i": "Al2O3",
                "carrier_j": "Na2O",
                "theta_deg": -86.03096618035852
              },
              {
                "carrier_i": "Al2O3",
                "carrier_j": "P2O5",
                "theta_deg": -75.48054527678022
              },
              {
                "carrier_i": "FeO",
                "carrier_j": "CaO",
                "theta_deg": 57.766421075878874
              },
              {
                "carrier_i": "FeO",
                "carrier_j": "MgO",
                "theta_deg": 71.22253224069289
              },
              {
                "carrier_i": "FeO",
                "carrier_j": "MnO",
                "theta_deg": -64.47162022703428
              },
              {
                "carrier_i": "FeO",
                "carrier_j": "K2O",
                "theta_deg": -42.931110605613185
              },
              {
                "carrier_i": "FeO",
                "carrier_j": "Na2O",
                "theta_deg": -75.02778525782682
              },
              {
                "carrier_i": "FeO",
                "carrier_j": "P2O5",
                "theta_deg": -45.05160398617524
              },
              {
                "carrier_i": "CaO",
                "carrier_j": "MgO",
                "theta_deg": 61.666795695574415
              },
              {
                "carrier_i": "CaO",
                "carrier_j": "MnO",
                "theta_deg": -52.859520944749946
              },
              {
                "carrier_i": "CaO",
                "carrier_j": "K2O",
                "theta_deg": -30.39519483027376
              },
              {
                "carrier_i": "CaO",
                "carrier_j": "Na2O",
                "theta_deg": -67.01725717078935
              },
              {
                "carrier_i": "CaO",
                "carrier_j": "P2O5",
                "theta_deg": -32.28016126671987
              },
              {
                "carrier_i": "MgO",
                "carrier_j": "MnO",
                "theta_deg": -35.44683801604578
              },
              {
                "carrier_i": "MgO",
                "carrier_j": "K2O",
                "theta_deg": -17.551197354497198
              },
              {
                "carrier_i": "MgO",
                "carrier_j": "Na2O",
                "theta_deg": -51.812017911279916
              },
              {
                "carrier_i": "MgO",
                "carrier_j": "P2O5",
                "theta_deg": -18.808943994775344
              },
              {
                "carrier_i": "MnO",
                "carrier_j": "K2O",
                "theta_deg": -156.04530095394222
              },
              {
                "carrier_i": "MnO",
                "carrier_j": "Na2O",
                "theta_deg": -119.2472403417732
              },
              {
                "carrier_i": "MnO",
                "carrier_j": "P2O5",
                "theta_deg": -154.43146150723797
              },
              {
                "carrier_i": "K2O",
                "carrier_j": "Na2O",
                "theta_deg": -103.9705198941148
              },
              {
                "carrier_i": "K2O",
                "carrier_j": "P2O5",
                "theta_deg": -132.8796444737538
              },
              {
                "carrier_i": "Na2O",
                "carrier_j": "P2O5",
                "theta_deg": -165.00200649777585
              }
            ]
          },
          "higgins_scale": 0.42386998582561963,
          "condition_number": 1129.5654831929253
        }
      },
      {
        "raw_values": [
          0.3344712259,
          0.036773945,
          0.0185127811,
          0.0867230633,
          0.1320435563,
          0.3760434367,
          0.0024222242,
          0.0051620234,
          0.0016685288,
          0.0061792154
        ],
        "index": 1,
        "label": "Maniitsoq_&_Sarfartoq",
        "coda_standard": {
          "aitchison_distance_step": 2.1247049849772393,
          "composition": [
            0.33447122586655287,
            0.03677394499632261,
            0.01851278109814872,
            0.08672306329132769,
            0.13204355628679565,
            0.37604343666239565,
            0.0024222241997577773,
            0.0051620233994837976,
            0.001668528799833147,
            0.006179215399382079
          ],
          "shannon_entropy": 1.4926765406794829,
          "aitchison_norm": 5.986817752109142,
          "ilr": [
            1.5611229698781968,
            1.461699407263449,
            -0.30378952572669105,
            -0.6113422602434928,
            -1.454544767660693,
            3.441464786469934,
            2.272621751238467,
            3.0690596589418377,
            1.5029877263652633
          ],
          "clr": [
            2.5655001959839367,
            0.3577389194500262,
            -0.3285892948450533,
            1.2156692024402243,
            1.636081181468692,
            2.68265400119731,
            -2.3623644496863467,
            -1.6057220242457562,
            -2.7351083785853905,
            -1.4258593531776413
          ]
        },
        "higgins_extensions": {
          "metric_tensor": {
            "matrix": [
              [
                8.044980312115303,
                -8.130196007389259,
                -16.149890132658253,
                -3.447518681169006,
                -2.2642481707753896,
                -0.795066079170721,
                -123.43175368116306,
                -57.91902857607197,
                -179.18742596169287,
                -48.38468340413448
              ],
              [
                -8.130196007389259,
                665.5214616922099,
                -146.88860688785277,
                -31.356325779128362,
                -20.594088053948987,
                -7.231389674720444,
                -1122.6527360261578,
                -526.7927738178736,
                -1629.7690668562452,
                -440.0747424015629
              ],
              [
                -16.149890132658253,
                -146.88860688785277,
                2626.0269429418513,
                -62.286470810360775,
                -40.90827074172433,
                -14.364493629308756,
                -2230.0468927775228,
                -1046.4256227161852,
                -3237.3870626749263,
                -874.1681914536464
              ],
              [
                -3.447518681169006,
                -31.356325779128362,
                -62.286470810360775,
                119.66669305180943,
                -8.732692695612808,
                -3.06638990889679,
                -476.04833590703487,
                -223.38058359126165,
                -691.085343929184,
                -186.6087723052588
              ],
              [
                -2.2642481707753896,
                -20.594088053948987,
                -40.90827074172433,
                -8.732692695612808,
                51.61882142362212,
                -2.0139318693261936,
                -312.657210435383,
                -146.7110477300582,
                -453.8883964250885,
                -122.56019775926198
              ],
              [
                -0.795066079170721,
                -7.231389674720444,
                -14.364493629308756,
                -3.06638990889679,
                -2.0139318693261936,
                6.364532131044737,
                -109.78617345650231,
                -51.51598618707104,
                -159.3779658893137,
                -43.035678311479074
              ],
              [
                -123.43175368116306,
                -1122.6527360261578,
                -2230.0468927775228,
                -476.04833590703487,
                -312.657210435383,
                -109.78617345650231,
                153395.92830363475,
                -7997.7107365932225,
                -24742.977147727655,
                -6681.166992289254
              ],
              [
                -57.91902857607197,
                -526.7927738178736,
                -1046.4256227161852,
                -223.38058359126165,
                -146.7110477300582,
                -51.51598618707104,
                -7997.7107365932225,
                33775.561036198196,
                -11610.377052392458,
                -3135.0660620725284
              ],
              [
                -179.18742596169287,
                -1629.7690668562452,
                -3237.3870626749263,
                -691.085343929184,
                -453.8883964250885,
                -159.3779658893137,
                -24742.977147727655,
                -11610.377052392458,
                323277.214181413,
                -9699.133975370545
              ],
              [
                -48.38468340413448,
                -440.0747424015629,
                -874.1681914536464,
                -186.6087723052588,
                -122.56019775926198,
                -43.035678311479074,
                -6681.166992289254,
                -3135.0660620725284,
                -9699.133975370545,
                23570.882373946406
              ]
            ],
            "eigenvalues": [
              -5.358505174170617e-13,
              7.992194186123816,
              38.534321235547345,
              106.91426829352763,
              595.0678879256342,
              2456.3723225416816,
              21549.977532269855,
              34135.906045219344,
              151157.69726533993,
              327448.3674897334
            ],
            "trace": 537496.829326745
          },
          "helmsman": "TiO2",
          "metric_tensor_diagonal": [
            8.044980312115303,
            665.5214616922099,
            2626.0269429418513,
            119.66669305180943,
            51.61882142362212,
            6.364532131044737,
            153395.92830363475,
            33775.561036198196,
            323277.214181413,
            23570.882373946406
          ],
          "bearing_tensor": {
            "pairs": [
              {
                "carrier_i": "SiO2",
                "carrier_j": "TiO2",
                "theta_deg": 7.9382612001529305
              },
              {
                "carrier_i": "SiO2",
                "carrier_j": "Al2O3",
                "theta_deg": -7.298706690860906
              },
              {
                "carrier_i": "SiO2",
                "carrier_j": "FeO",
                "theta_deg": 25.354060181038033
              },
              {
                "carrier_i": "SiO2",
                "carrier_j": "CaO",
                "theta_deg": 32.52663739073519
              },
              {
                "carrier_i": "SiO2",
                "carrier_j": "MgO",
                "theta_deg": 46.27879321348924
              },
              {
                "carrier_i": "SiO2",
                "carrier_j": "MnO",
                "theta_deg": -42.63949781690915
              },
              {
                "carrier_i": "SiO2",
                "carrier_j": "K2O",
                "theta_deg": -32.04205559738956
              },
              {
                "carrier_i": "SiO2",
                "carrier_j": "Na2O",
                "theta_deg": -46.83271757469136
              },
              {
                "carrier_i": "SiO2",
                "carrier_j": "P2O5",
                "theta_deg": -29.064526406026996
              },
              {
                "carrier_i": "TiO2",
                "carrier_j": "Al2O3",
                "theta_deg": -42.56800423299272
              },
              {
                "carrier_i": "TiO2",
                "carrier_j": "FeO",
                "theta_deg": 73.60225477700747
              },
              {
                "carrier_i": "TiO2",
                "carrier_j": "CaO",
                "theta_deg": 77.66605425883736
              },
              {
                "carrier_i": "TiO2",
                "carrier_j": "MgO",
                "theta_deg": 82.40427131475721
              },
              {
                "carrier_i": "TiO2",
                "carrier_j": "MnO",
                "theta_deg": -81.38897727088326
              },
              {
                "carrier_i": "TiO2",
                "carrier_j": "K2O",
                "theta_deg": -77.44019190554484
              },
              {
                "carrier_i": "TiO2",
                "carrier_j": "Na2O",
                "theta_deg": -82.54829066076888
              },
              {
                "carrier_i": "TiO2",
                "carrier_j": "P2O5",
                "theta_deg": -75.915581424292
              },
              {
                "carrier_i": "Al2O3",
                "carrier_j": "FeO",
                "theta_deg": 105.12532721813264
              },
              {
                "carrier_i": "Al2O3",
                "carrier_j": "CaO",
                "theta_deg": 101.35616028416385
              },
              {
                "carrier_i": "Al2O3",
                "carrier_j": "MgO",
                "theta_deg": 96.98318372420151
              },
              {
                "carrier_i": "Al2O3",
                "carrier_j": "MnO",
                "theta_deg": -97.91865804703492
              },
              {
                "carrier_i": "Al2O3",
                "carrier_j": "K2O",
                "theta_deg": -101.56513636084618
              },
              {
                "carrier_i": "Al2O3",
                "carrier_j": "Na2O",
                "theta_deg": -96.85054399883698
              },
              {
                "carrier_i": "Al2O3",
                "carrier_j": "P2O5",
                "theta_deg": -102.97725006984385
              },
              {
                "carrier_i": "FeO",
                "carrier_j": "CaO",
                "theta_deg": 53.38627731723841
              },
              {
                "carrier_i": "FeO",
                "carrier_j": "MgO",
                "theta_deg": 65.62190814115382
              },
              {
                "carrier_i": "FeO",
                "carrier_j": "MnO",
                "theta_deg": -62.76971748949064
              },
              {
                "carrier_i": "FeO",
                "carrier_j": "K2O",
                "theta_deg": -52.8711567327811
              },
              {
                "carrier_i": "FeO",
                "carrier_j": "Na2O",
                "theta_deg": -66.03636562571921
              },
              {
                "carrier_i": "FeO",
                "carrier_j": "P2O5",
                "theta_deg": -49.54952017212214
              },
              {
                "carrier_i": "CaO",
                "carrier_j": "MgO",
                "theta_deg": 58.62206674023541
              },
              {
                "carrier_i": "CaO",
                "carrier_j": "MnO",
                "theta_deg": -55.29504151752991
              },
              {
                "carrier_i": "CaO",
                "carrier_j": "K2O",
                "theta_deg": -44.463446538850675
              },
              {
                "carrier_i": "CaO",
                "carrier_j": "Na2O",
                "theta_deg": -59.11307204334543
              },
              {
                "carrier_i": "CaO",
                "carrier_j": "P2O5",
                "theta_deg": -41.07244115426307
              },
              {
                "carrier_i": "MgO",
                "carrier_j": "MnO",
                "theta_deg": -41.367378196624465
              },
              {
                "carrier_i": "MgO",
                "carrier_j": "K2O",
                "theta_deg": -30.9029362223568
              },
              {
                "carrier_i": "MgO",
                "carrier_j": "Na2O",
                "theta_deg": -45.55471619592168
              },
              {
                "carrier_i": "MgO",
                "carrier_j": "P2O5",
                "theta_deg": -27.991123190183846
              },
              {
                "carrier_i": "MnO",
                "carrier_j": "K2O",
                "theta_deg": -145.79567326645946
              },
              {
                "carrier_i": "MnO",
                "carrier_j": "Na2O",
                "theta_deg": -130.81778823294485
              },
              {
                "carrier_i": "MnO",
                "carrier_j": "P2O5",
                "theta_deg": -148.88595370738366
              },
              {
                "carrier_i": "K2O",
                "carrier_j": "Na2O",
                "theta_deg": -120.41625876413386
              },
              {
                "carrier_i": "K2O",
                "carrier_j": "P2O5",
                "theta_deg": -138.39535855164058
              },
              {
                "carrier_i": "Na2O",
                "carrier_j": "P2O5",
                "theta_deg": -152.46618878845604
              }
            ]
          },
          "helmsman_delta": 1.3165920201130157,
          "higgins_scale": 0.3517388151164659,
          "condition_number": 225.3742558714,
          "angular_velocity_deg": 17.743082977473048
        }
      },
      {
        "raw_values": [
          0.386245851,
          0.0125411671,
          0.023181597,
          0.0675550077,
          0.0969238872,
          0.4008854543,
          0.0019790346,
          0.0033300794,
          0.0015686094,
          0.0057893123
        ],
        "index": 2,
        "label": "N_Slave_Province",
        "coda_standard": {
          "aitchison_distance_step": 1.115296157430728,
          "composition": [
            0.386245851,
            0.0125411671,
            0.023181597,
            0.0675550077,
            0.0969238872,
            0.4008854543,
            0.0019790346,
            0.0033300794,
            0.0015686094,
            0.0057893123
          ],
          "shannon_entropy": 1.3555722686471556,
          "aitchison_norm": 6.206216338684102,
          "ilr": [
            2.4235784301246937,
            0.8976454102974525,
            -0.2915552943573151,
            -0.5487114928975976,
            -1.7440693166729937,
            3.443084593327953,
            2.495021261900232,
            2.9101548441060032,
            1.3641081880370294
          ],
          "clr": [
            2.9063539208991074,
            -0.5211035644581283,
            0.09323856563048594,
            1.1628220293855347,
            1.5238058369414604,
            2.943555570868531,
            -2.3675110154624246,
            -1.8471240179556458,
            -2.5999306711242376,
            -1.2941066547246791
          ]
        },
        "higgins_extensions": {
          "metric_tensor": {
            "matrix": [
              [
                6.032743422173965,
                -20.644207622450732,
                -11.168447861475995,
                -3.8324687725592304,
                -2.6711934995550646,
                -0.6458265189300193,
                -130.8226028186917,
                -77.74663193924096,
                -165.05221595653344,
                -44.72076198761092
              ],
              [
                -20.644207622450732,
                5722.24700460195,
                -343.9685169815595,
                -118.03328595215554,
                -82.2680535387583,
                -19.890318932317943,
                -4029.1056767548025,
                -2394.459285671738,
                -5083.317453888884,
                -1377.3206778556703
              ],
              [
                -11.168447861475995,
                -343.9685169815595,
                1674.7724428754552,
                -63.855616266992534,
                -44.5067441393841,
                -10.760596580230986,
                -2179.73280942381,
                -1295.3945328165228,
                -2750.0578847767492,
                -745.1259191190852
              ],
              [
                -3.8324687725592304,
                -118.03328595215554,
                -63.855616266992534,
                197.2093101011161,
                -15.272552569353257,
                -3.692514025166678,
                -747.9784145704504,
                -444.51647684078205,
                -943.6862755559575,
                -255.69101920586755
              ],
              [
                -2.6711934995550646,
                -82.2680535387583,
                -44.5067441393841,
                -15.272552569353257,
                95.80338682280818,
                -2.5736464003735593,
                -521.3336878603911,
                -309.8236655922721,
                -657.7401655385427,
                -178.21415618247337
              ],
              [
                -0.6458265189300193,
                -19.890318932317943,
                -10.760596580230986,
                -3.692514025166678,
                -2.5736464003735593,
                5.6001790450156435,
                -126.04520072690642,
                -74.90746719207144,
                -159.02481102210206,
                -43.087641584388685
              ],
              [
                -130.8226028186917,
                -4029.1056767548025,
                -2179.73280942381,
                -747.9784145704504,
                -521.3336878603911,
                -126.04520072690642,
                229792.43920326864,
                -15173.718547293667,
                -32213.046508417305,
                -8728.098422975138
              ],
              [
                -77.74663193924096,
                -2394.459285671738,
                -1295.3945328165228,
                -444.51647684078205,
                -309.8236655922721,
                -74.90746719207144,
                -15173.718547293667,
                81158.37302311865,
                -19143.90798356551,
                -5187.02610252273
              ],
              [
                -165.05221595653344,
                -5083.317453888884,
                -2750.0578847767492,
                -943.6862755559575,
                -657.7401655385427,
                -159.02481102210206,
                -32213.046508417305,
                -19143.90798356551,
                365774.04324116843,
                -11011.797309944228
              ],
              [
                -44.72076198761092,
                -1377.3206778556703,
                -745.1259191190852,
                -255.69101920586755,
                -178.21415618247337,
                -43.087641584388685,
                -8728.098422975138,
                -5187.02610252273,
                -11011.797309944228,
                26852.736713039143
              ]
            ],
            "eigenvalues": [
              6.569945833840928e-13,
              6.462288540015234,
              67.28130138082903,
              178.59144489912094,
              1479.4247609709273,
              5346.16388399624,
              25482.571603074648,
              78952.69570265392,
              225664.43447388202,
              374101.6317880658
            ],
            "trace": 711279.2572474633
          },
          "helmsman": "TiO2",
          "metric_tensor_diagonal": [
            6.032743422173965,
            5722.24700460195,
            1674.7724428754552,
            197.2093101011161,
            95.80338682280818,
            5.6001790450156435,
            229792.43920326864,
            81158.37302311865,
            365774.04324116843,
            26852.736713039143
          ],
          "bearing_tensor": {
            "pairs": [
              {
                "carrier_i": "SiO2",
                "carrier_j": "TiO2",
                "theta_deg": -10.165011880338538
              },
              {
                "carrier_i": "SiO2",
                "carrier_j": "Al2O3",
                "theta_deg": 1.8374722679210471
              },
              {
                "carrier_i": "SiO2",
                "carrier_j": "FeO",
                "theta_deg": 21.806175707726407
              },
              {
