{
  "metadata": {
    "_function": "provenance",
    "_description": "Identity, schema version, run-time provenance.",
    "schema_version": "2.0.0",
    "engine_version": "cnt 2.0.3",
    "engine_implementation": "python",
    "generated": "2026-05-05T17:04:49.956273+00:00",
    "wall_clock_ms": 28,
    "mathematical_lineage": {
      "Aitchison_1986": "CLR transform, simplex geometry, Aitchison distance",
      "Shannon_1948": "Entropy H = -sum x_j ln x_j",
      "Egozcue_2003": "ILR, Helmert basis, orthonormal coordinates",
      "Higgins_2026": "CNT tensor decomposition, recursive depth sounder, metric dual involution"
    },
    "engine_config": {
      "_description": "Active values from the USER CONFIGURATION block at top of cnt.py. Two runs with identical config and input produce identical content_sha256. Two runs with different config produce different content_sha256 - that is correct.",
      "DEFAULT_DELTA": 1e-15,
      "DEGEN_THRESHOLD": 0.0001,
      "LOCK_CLR_THRESHOLD": -10.0,
      "DEPTH_MAX_LEVELS": 50,
      "DEPTH_PRECISION_TARGET": 0.01,
      "NOISE_FLOOR_OMEGA_VAR": 1e-06,
      "TRIADIC_T_LIMIT": 500,
      "TRIADIC_K_DEFAULT": 500,
      "EITT_GATE_PCT": 5.0,
      "EITT_M_SWEEP_BASE": [
        2,
        4,
        8,
        16,
        32,
        64,
        128
      ]
    },
    "environment": {
      "git_sha": "unknown",
      "language_version": "python 3.10.12",
      "numerical_lib": "numpy 2.2.6",
      "platform": "Linux-6.8.0-106-generic-x86_64-with-glibc2.35",
      "hostname_hash": "c857d09db23e6822e3600bc06ad8d58f92ed62bc8efd81c753f77048662cb97d"
    }
  },
  "input": {
    "_function": "provenance",
    "_description": "Source data identity, hashes, and ordering declaration.",
    "source_file": "geochem_stracke_morb_input.csv",
    "source_file_sha256": "72945b32a6dfa09ef0e5e43901681375961b9a6b408c2d364e87ed466960e3be",
    "closed_data_sha256": "dda8283a4e9ede1021f7b9c5d9c604618bde4d874f7d3d71881f9cb79b981a70",
    "n_records": 5,
    "n_carriers": 10,
    "carriers": [
      "SiO2",
      "TiO2",
      "Al2O3",
      "FeO",
      "CaO",
      "MgO",
      "MnO",
      "K2O",
      "Na2O",
      "P2O5"
    ],
    "labels": [
      "MORB-Arctic",
      "MORB-Atlantic",
      "MORB-Gakkel",
      "MORB-Indian",
      "MORB-Pacific"
    ],
    "zero_replacement": {
      "method": "multiplicative",
      "delta": 1e-15,
      "applied": false,
      "n_replacements": 0
    },
    "ordering": {
      "is_temporal": false,
      "ordering_method": "by-label",
      "caveat": "Order is treated as arbitrary; angular_velocity and energy_depth are ordering-dependent."
    }
  },
  "tensor": {
    "_function": "composer",
    "_description": "Per-record compositional state. coda_standard fields follow Aitchison/Egozcue/Shannon. higgins_extensions are HUF-framework readings of the same simplex; see schema \u00a78 for the mapping.",
    "helmert_basis": {
      "D": 10,
      "dim": 9,
      "coefficients": [
        [
          0.7071067811865476,
          -0.7071067811865476,
          0.0,
          0.0,
          0.0,
          0.0,
          0.0,
          0.0,
          0.0,
          0.0
        ],
        [
          0.408248290463863,
          0.408248290463863,
          -0.816496580927726,
          0.0,
          0.0,
          0.0,
          0.0,
          0.0,
          0.0,
          0.0
        ],
        [
          0.28867513459481287,
          0.28867513459481287,
          0.28867513459481287,
          -0.8660254037844386,
          0.0,
          0.0,
          0.0,
          0.0,
          0.0,
          0.0
        ],
        [
          0.22360679774997896,
          0.22360679774997896,
          0.22360679774997896,
          0.22360679774997896,
          -0.8944271909999159,
          0.0,
          0.0,
          0.0,
          0.0,
          0.0
        ],
        [
          0.18257418583505539,
          0.18257418583505539,
          0.18257418583505539,
          0.18257418583505539,
          0.18257418583505539,
          -0.9128709291752769,
          0.0,
          0.0,
          0.0,
          0.0
        ],
        [
          0.1543033499620919,
          0.1543033499620919,
          0.1543033499620919,
          0.1543033499620919,
          0.1543033499620919,
          0.1543033499620919,
          -0.9258200997725514,
          0.0,
          0.0,
          0.0
        ],
        [
          0.1336306209562122,
          0.1336306209562122,
          0.1336306209562122,
          0.1336306209562122,
          0.1336306209562122,
          0.1336306209562122,
          0.1336306209562122,
          -0.9354143466934853,
          0.0,
          0.0
        ],
        [
          0.11785113019775792,
          0.11785113019775792,
          0.11785113019775792,
          0.11785113019775792,
          0.11785113019775792,
          0.11785113019775792,
          0.11785113019775792,
          0.11785113019775792,
          -0.9428090415820634,
          0.0
        ],
        [
          0.10540925533894598,
          0.10540925533894598,
          0.10540925533894598,
          0.10540925533894598,
          0.10540925533894598,
          0.10540925533894598,
          0.10540925533894598,
          0.10540925533894598,
          0.10540925533894598,
          -0.9486832980505138
        ]
      ]
    },
    "timesteps": [
      {
        "index": 0,
        "raw_values": [
          0.5140378253,
          0.0208640545,
          0.1693934478,
          0.079397019,
          0.1061317635,
          0.0627819919,
          0.0016761542,
          0.0109767184,
          0.0317635811,
          0.0029774443
        ],
        "label": "MORB-Arctic",
        "coda_standard": {
          "aitchison_norm": 5.371507978048707,
          "ilr": [
            2.2657603774869517,
            -0.4017667587239384,
            0.3721502502374183,
            0.028685192463939788,
            0.5026905533238404,
            3.7792512236171887,
            1.5150272212962803,
            0.3343524566525051,
            2.544829275701171
          ],
          "composition": [
            0.5140378253000001,
            0.020864054500000003,
            0.16939344780000004,
            0.07939701900000001,
            0.10613176350000002,
            0.06278199190000001,
            0.0016761542000000003,
            0.010976718400000002,
            0.03176358110000001,
            0.0029774443000000006
          ],
          "clr": [
            2.736994507474275,
            -0.467274547455355,
            1.6269217572522257,
            0.8691584781165949,
            1.1593790286984182,
            0.63436593381679,
            -2.988800342750112,
            -1.1095258246144022,
            -0.04698196029074708,
            -2.414237030247687
          ],
          "shannon_entropy": 1.5236805093857422
        },
        "higgins_extensions": {
          "metric_tensor_diagonal": [
            3.406060472075036,
            2067.497973059397,
            31.365289047092176,
            142.7690650837016,
            79.90091417590175,
            228.33491668813863,
            320342.507113084,
            7469.602029216825,
            892.0384813583531,
            101520.84360540274
          ],
          "bearing_tensor": {
            "pairs": [
              {
                "carrier_i": "SiO2",
                "carrier_j": "TiO2",
                "theta_deg": -9.688436742712211
              },
              {
                "carrier_i": "SiO2",
                "carrier_j": "Al2O3",
                "theta_deg": 30.728057557751693
              },
              {
                "carrier_i": "SiO2",
                "carrier_j": "FeO",
                "theta_deg": 17.617737701261927
              },
              {
                "carrier_i": "SiO2",
                "carrier_j": "CaO",
                "theta_deg": 22.957305493768974
              },
              {
                "carrier_i": "SiO2",
                "carrier_j": "MgO",
                "theta_deg": 13.049298128417616
              },
              {
                "carrier_i": "SiO2",
                "carrier_j": "MnO",
                "theta_deg": -47.51809955228969
              },
              {
                "carrier_i": "SiO2",
                "carrier_j": "K2O",
                "theta_deg": -22.06670317531016
              },
              {
                "carrier_i": "SiO2",
                "carrier_j": "Na2O",
                "theta_deg": -0.9834158183861388
              },
              {
                "carrier_i": "SiO2",
                "carrier_j": "P2O5",
                "theta_deg": -41.414741143046506
              },
              {
                "carrier_i": "TiO2",
                "carrier_j": "Al2O3",
                "theta_deg": 106.02480146670415
              },
              {
                "carrier_i": "TiO2",
                "carrier_j": "FeO",
                "theta_deg": 118.26323925920852
              },
              {
                "carrier_i": "TiO2",
                "carrier_j": "CaO",
                "theta_deg": 111.9513393491345
              },
              {
                "carrier_i": "TiO2",
                "carrier_j": "MgO",
                "theta_deg": 126.37539554545718
              },
              {
                "carrier_i": "TiO2",
                "carrier_j": "MnO",
                "theta_deg": -98.88579576309296
              },
              {
                "carrier_i": "TiO2",
                "carrier_j": "K2O",
                "theta_deg": -112.83829386770985
              },
              {
                "carrier_i": "TiO2",
                "carrier_j": "Na2O",
                "theta_deg": -174.25851081523655
              },
              {
                "carrier_i": "TiO2",
                "carrier_j": "P2O5",
                "theta_deg": -100.95412816302445
              },
              {
                "carrier_i": "Al2O3",
                "carrier_j": "FeO",
                "theta_deg": 28.1126910867428
              },
              {
                "carrier_i": "Al2O3",
                "carrier_j": "CaO",
                "theta_deg": 35.47448008223355
              },
              {
                "carrier_i": "Al2O3",
                "carrier_j": "MgO",
                "theta_deg": 21.30170111340402
              },
              {
                "carrier_i": "Al2O3",
                "carrier_j": "MnO",
                "theta_deg": -61.43880630614566
              },
              {
                "carrier_i": "Al2O3",
                "carrier_j": "K2O",
                "theta_deg": -34.29315100933491
              },
              {
                "carrier_i": "Al2O3",
                "carrier_j": "Na2O",
                "theta_deg": -1.6541177378311884
              },
              {
                "carrier_i": "Al2O3",
                "carrier_j": "P2O5",
                "theta_deg": -56.02450158372748
              },
              {
                "carrier_i": "FeO",
                "carrier_j": "CaO",
                "theta_deg": 53.14198994615521
              },
              {
                "carrier_i": "FeO",
                "carrier_j": "MgO",
                "theta_deg": 36.12429384066698
              },
              {
                "carrier_i": "FeO",
                "carrier_j": "MnO",
                "theta_deg": -73.78529811703925
              },
              {
                "carrier_i": "FeO",
                "carrier_j": "K2O",
                "theta_deg": -51.9262607623194
              },
              {
                "carrier_i": "FeO",
                "carrier_j": "Na2O",
                "theta_deg": -3.0940857263988533
              },
              {
                "carrier_i": "FeO",
                "carrier_j": "P2O5",
                "theta_deg": -70.2004272381197
              },
              {
                "carrier_i": "CaO",
                "carrier_j": "MgO",
                "theta_deg": 28.68571892303027
              },
              {
                "carrier_i": "CaO",
                "carrier_j": "MnO",
                "theta_deg": -68.79833741834985
              },
              {
                "carrier_i": "CaO",
                "carrier_j": "K2O",
                "theta_deg": -43.74127879528731
              },
              {
                "carrier_i": "CaO",
                "carrier_j": "Na2O",
                "theta_deg": -2.3205491410441255
              },
              {
                "carrier_i": "CaO",
                "carrier_j": "P2O5",
                "theta_deg": -64.34847801682773
              },
              {
                "carrier_i": "MgO",
                "carrier_j": "MnO",
                "theta_deg": -78.01693374979897
              },
              {
                "carrier_i": "MgO",
                "carrier_j": "K2O",
                "theta_deg": -60.24144976872213
              },
              {
                "carrier_i": "MgO",
                "carrier_j": "Na2O",
                "theta_deg": -4.235666402874389
              },
              {
                "carrier_i": "MgO",
                "carrier_j": "P2O5",
                "theta_deg": -75.2777379449717
              },
              {
                "carrier_i": "MnO",
                "carrier_j": "K2O",
                "theta_deg": -159.6336733867461
              },
              {
                "carrier_i": "MnO",
                "carrier_j": "Na2O",
                "theta_deg": -179.09942249595318
              },
              {
                "carrier_i": "MnO",
                "carrier_j": "P2O5",
                "theta_deg": -141.070066734146
              },
              {
                "carrier_i": "K2O",
                "carrier_j": "Na2O",
                "theta_deg": -177.57530573819264
              },
              {
                "carrier_i": "K2O",
                "carrier_j": "P2O5",
                "theta_deg": -114.68238468548272
              },
              {
                "carrier_i": "Na2O",
                "carrier_j": "P2O5",
                "theta_deg": -91.11485669066995
              }
            ]
          },
          "condition_number": 306.6769306189132,
          "higgins_scale": 0.33827396259023634,
          "metric_tensor": {
            "matrix": [
              [
                3.406060472075036,
                -9.324084784222457,
                -1.148440011270838,
                -2.4501954298893525,
                -1.832987662554369,
                -3.0986307890724647,
                -116.06224123093095,
                -17.722802572819766,
                -6.12456802298775,
                -65.33731398455987
              ],
              [
                -9.324084784222457,
                2067.497973059397,
                -28.294673304326775,
                -60.36665262450889,
                -45.160205647525416,
                -76.34246892052705,
                -2859.4817024558547,
                -436.64527873781765,
                -150.89395148189166,
                -1609.7470791962528
              ],
              [
                -1.148440011270838,
                -28.294673304326775,
                31.365289047092176,
                -7.43531197161406,
                -5.562346147966993,
                -9.403040394472876,
                -352.2000576564906,
                -53.78124721512114,
                -18.58548644192921,
                -198.27125091178664
              ],
              [
                -2.4501954298893525,
                -60.36665262450889,
                -7.43531197161406,
                142.7690650837016,
                -11.867259044841193,
                -20.061375757979434,
                -751.4184138549551,
                -114.7422284551202,
                -39.65211373286626,
                -423.0114834861298
              ],
              [
                -1.832987662554369,
                -45.160205647525416,
                -5.562346147966993,
                -11.867259044841193,
                79.90091417590175,
                -15.007886232121571,
                -562.1350302145102,
                -85.83849539778464,
                -29.66368901840158,
                -316.4542798873443
              ],
              [
                -3.0986307890724647,
                -76.34246892052705,
                -9.403040394472876,
                -20.061375757979434,
                -15.007886232121571,
                228.33491668813863,
                -950.2785795140045,
                -145.10834424088284,
                -50.14590222707705,
                -534.9599427342545
              ],
              [
                -116.06224123093095,
                -2859.4817024558547,
                -352.2000576564906,
                -751.4184138549551,
                -562.1350302145102,
                -950.2785795140045,
                320342.507113084,
                -5435.174694997344,
                -1878.263722656629,
                -20037.446907669015
              ],
              [
                -17.722802572819766,
                -436.64527873781765,
                -53.78124721512114,
                -114.7422284551202,
                -85.83849539778464,
                -145.10834424088284,
                -5435.174694997344,
                7469.602029216825,
                -286.8124618591421,
                -3059.7351200670714
              ],
              [
                -6.12456802298775,
                -150.89395148189166,
                -18.58548644192921,
                -39.65211373286626,
                -29.66368901840158,
                -50.14590222707705,
                -1878.263722656629,
                -286.8124618591421,
                892.0384813583531,
                -1057.369781002635
              ],
              [
                -65.33731398455987,
                -1609.7470791962528,
                -198.27125091178664,
                -423.0114834861298,
                -316.4542798873443,
                -534.9599427342545,
                -20037.446907669015,
                -3059.7351200670714,
                -1057.369781002635,
                101520.84360540274
              ]
            ],
            "eigenvalues": [
              -3.918532617412462e-12,
              16.23333018955639,
              61.825874153675024,
              128.97453328354413,
              221.81835774279344,
              830.190808429914,
              2007.4843168213324,
              7334.182573201578,
              99893.8231045052,
              322283.73254926095
            ],
            "trace": 432778.2654475883
          }
        }
      },
      {
        "index": 1,
        "raw_values": [
          0.5128819837,
          0.0159847825,
          0.154271156,
          0.0972293205,
          0.1087347265,
          0.0775280916,
          0.001742746,
          0.0022356039,
          0.0274320421,
          0.0019595472
        ],
        "label": "MORB-Atlantic",
        "coda_standard": {
          "aitchison_norm": 6.105137120395237,
          "ilr": [
            2.4525352349928156,
            -0.43508680715732817,
            0.09213869410402897,
            -0.028661424850924655,
            0.2853956890991647,
            3.7548557451173252,
            3.018836115865081,
            0.29855203821958665,
            2.770606694207088
          ],
          "composition": [
            0.5128819837,
            0.0159847825,
            0.154271156,
            0.0972293205,
            0.1087347265,
            0.0775280916,
            0.001742746,
            0.0022356039,
            0.0274320421,
            0.0019595472
          ],
          "clr": [
            2.938904045031712,
            -0.5295045464930133,
            1.7375700849454285,
            1.2759305948072255,
            1.3877694917221728,
            1.0494986205340178,
            -2.7456796922474793,
            -2.4966303294961434,
            0.010570027457287523,
            -2.628428296261212
          ],
          "aitchison_distance_step": 1.5745477701710746,
          "shannon_entropy": 1.4986145340490733
        },
        "higgins_extensions": {
          "angular_velocity_deg": 13.973822977573816,
          "metric_tensor_diagonal": [
            3.421429709495516,
            3522.321930527645,
            37.81577817624349,
            95.2024244019123,
            76.12126144230761,
            149.73534310205002,
            296329.11243915604,
            180074.73830239192,
            1195.986375328126,
            234385.66765911388
          ],
          "helmsman_delta": 1.3871045048817412,
          "bearing_tensor": {
            "pairs": [
              {
                "carrier_i": "SiO2",
                "carrier_j": "TiO2",
                "theta_deg": -10.213449674064298
              },
              {
                "carrier_i": "SiO2",
                "carrier_j": "Al2O3",
                "theta_deg": 30.59287977787475
              },
              {
                "carrier_i": "SiO2",
                "carrier_j": "FeO",
                "theta_deg": 23.468163907275343
              },
              {
                "carrier_i": "SiO2",
                "carrier_j": "CaO",
                "theta_deg": 25.27698405048556
              },
              {
                "carrier_i": "SiO2",
                "carrier_j": "MgO",
                "theta_deg": 19.651922680081544
              },
              {
                "carrier_i": "SiO2",
                "carrier_j": "MnO",
                "theta_deg": -43.05321204697737
              },
              {
                "carrier_i": "SiO2",
                "carrier_j": "K2O",
                "theta_deg": -40.34825581573306
              },
              {
                "carrier_i": "SiO2",
                "carrier_j": "Na2O",
                "theta_deg": 0.20606843301711963
              },
              {
                "carrier_i": "SiO2",
                "carrier_j": "P2O5",
                "theta_deg": -41.80806855942102
              },
              {
                "carrier_i": "TiO2",
                "carrier_j": "Al2O3",
                "theta_deg": 106.94799856052208
              },
              {
                "carrier_i": "TiO2",
                "carrier_j": "FeO",
                "theta_deg": 112.53819528153498
              },
              {
                "carrier_i": "TiO2",
                "carrier_j": "CaO",
                "theta_deg": 110.88439321549917
              },
              {
                "carrier_i": "TiO2",
                "carrier_j": "MgO",
                "theta_deg": 116.77235845660374
              },
              {
                "carrier_i": "TiO2",
                "carrier_j": "MnO",
                "theta_deg": -100.91549223440869
              },
              {
                "carrier_i": "TiO2",
                "carrier_j": "K2O",
                "theta_deg": -101.97429417336899
              },
              {
                "carrier_i": "TiO2",
                "carrier_j": "Na2O",
                "theta_deg": 178.85640729150794
              },
              {
                "carrier_i": "TiO2",
                "carrier_j": "P2O5",
                "theta_deg": -101.3899542865433
              },
              {
                "carrier_i": "Al2O3",
                "carrier_j": "FeO",
                "theta_deg": 36.290542415034196
              },
              {
                "carrier_i": "Al2O3",
                "carrier_j": "CaO",
                "theta_deg": 38.613803689703154
              },
              {
                "carrier_i": "Al2O3",
                "carrier_j": "MgO",
                "theta_deg": 31.132128138940338
              },
              {
                "carrier_i": "Al2O3",
                "carrier_j": "MnO",
                "theta_deg": -57.67282211866437
              },
              {
                "carrier_i": "Al2O3",
                "carrier_j": "K2O",
                "theta_deg": -55.16339151763068
              },
              {
                "carrier_i": "Al2O3",
                "carrier_j": "Na2O",
                "theta_deg": 0.3485387424842304
              },
              {
                "carrier_i": "Al2O3",
                "carrier_j": "P2O5",
                "theta_deg": -56.53258137011675
              },
              {
                "carrier_i": "FeO",
                "carrier_j": "CaO",
                "theta_deg": 47.404225387082136
              },
              {
                "carrier_i": "FeO",
                "carrier_j": "MgO",
                "theta_deg": 39.43852095901327
              },
              {
                "carrier_i": "FeO",
                "carrier_j": "MnO",
                "theta_deg": -65.07547957160074
              },
              {
                "carrier_i": "FeO",
                "carrier_j": "K2O",
                "theta_deg": -62.93019259687048
              },
              {
                "carrier_i": "FeO",
                "carrier_j": "Na2O",
                "theta_deg": 0.47463718768176555
              },
              {
                "carrier_i": "FeO",
                "carrier_j": "P2O5",
                "theta_deg": -64.10644952756108
              },
              {
                "carrier_i": "CaO",
                "carrier_j": "MgO",
                "theta_deg": 37.098340017370255
              },
              {
                "carrier_i": "CaO",
                "carrier_j": "MnO",
                "theta_deg": -63.18625445310198
              },
              {
                "carrier_i": "CaO",
                "carrier_j": "K2O",
                "theta_deg": -60.93219874311357
              },
              {
                "carrier_i": "CaO",
                "carrier_j": "Na2O",
                "theta_deg": 0.4363882155005135
              },
              {
                "carrier_i": "CaO",
                "carrier_j": "P2O5",
                "theta_deg": -62.16663897255976
              },
              {
                "carrier_i": "MgO",
                "carrier_j": "MnO",
                "theta_deg": -69.08132595751438
              },
              {
                "carrier_i": "MgO",
                "carrier_j": "K2O",
                "theta_deg": -67.19976856101144
              },
              {
                "carrier_i": "MgO",
                "carrier_j": "Na2O",
                "theta_deg": 0.5770350480256061
              },
              {
                "carrier_i": "MgO",
                "carrier_j": "P2O5",
                "theta_deg": -68.23379053330082
              },
              {
                "carrier_i": "MnO",
                "carrier_j": "K2O",
                "theta_deg": -137.7199376950429
              },
              {
                "carrier_i": "MnO",
                "carrier_j": "Na2O",
                "theta_deg": 179.7794298538922
              },
              {
                "carrier_i": "MnO",
                "carrier_j": "P2O5",
                "theta_deg": -136.24987151103508
              },
              {
                "carrier_i": "K2O",
                "carrier_j": "Na2O",
                "theta_deg": 179.75742730628357
              },
              {
                "carrier_i": "K2O",
                "carrier_j": "P2O5",
                "theta_deg": -133.52688451408378
              },
              {
                "carrier_i": "Na2O",
                "carrier_j": "P2O5",
                "theta_deg": -89.76959055764357
              }
            ]
          },
          "condition_number": 294.29531538158744,
          "higgins_scale": 0.3491599773624746,
          "metric_tensor": {
            "matrix": [
              [
                3.421429709495516,
                -12.197640380754324,
                -1.2638566635202697,
                -2.0053274824601397,
                -1.7931403772793324,
                -2.5149158772737676,
                -111.87897060132401,
                -87.21429967964139,
                -7.107623551641276,
                -99.50085841237969
              ],
              [
                -12.197640380754324,
                3522.321930527645,
                -40.55165046498064,
                -64.3422165532927,
                -57.53405739187196,
                -80.69268655828104,
                -3589.70842276528,
                -2798.3266601657388,
                -228.05265361343626,
                -3192.5487658273814
              ],
              [
                -1.2638566635202697,
                -40.55165046498064,
                37.81577817624349,
                -6.666809038316168,
                -5.9613826563378485,
                -8.360960515359048,
                -371.94709538781865,
                -289.9481937291036,
                -23.629641217951445,
                -330.79545759282524
              ],
              [
                -2.0053274824601397,
                -64.3422165532927,
                -6.666809038316168,
                95.2024244019123,
                -9.458766028829652,
                -13.266111882112721,
                -590.1584838939716,
                -460.05302512322663,
                -37.492518180856955,
                -524.864283530544
              ],
              [
                -1.7931403772793324,
                -57.53405739187196,
                -5.9613826563378485,
                -9.458766028829652,
                76.12126144230761,
                -11.862402063197317,
                -527.7128128548799,
                -411.3740335448469,
                -33.52537118450946,
                -469.32750267591945
              ],
              [
                -2.5149158772737676,
                -80.69268655828104,
                -8.360960515359048,
                -13.266111882112721,
                -11.862402063197317,
                149.73534310205002,
                -740.1279612604452,
                -576.9604552822599,
                -47.020015472154576,
                -658.2413753416074
              ],
              [
                -111.87897060132401,
                -3589.70842276528,
                -371.94709538781865,
                -590.1584838939716,
                -527.7128128548799,
                -740.1279612604452,
                296329.11243915604,
                -25666.759830004346,
                -2091.740314743868,
                -29282.636507209958
              ],
              [
                -87.21429967964139,
                -2798.3266601657388,
                -289.9481937291036,
                -460.05302512322663,
                -411.3740335448469,
                -576.9604552822599,
                -25666.759830004346,
                180074.73830239192,
                -1630.5983660873992,
                -22827.030156099714
              ],
              [
                -7.107623551641276,
                -228.05265361343626,
                -23.629641217951445,
                -37.492518180856955,
                -33.52537118450946,
                -47.020015472154576,
                -2091.740314743868,
                -1630.5983660873992,
                1195.986375328126,
                -1860.3134778068209
              ],
              [
                -99.50085841237969,
                -3192.5487658273814,
                -330.79545759282524,
                -524.864283530544,
                -469.32750267591945,
                -658.2413753416074,
                -29282.636507209958,
                -22827.030156099714,
                -1860.3134778068209,
                234385.66765911388
              ]
            ],
            "eigenvalues": [
              4.5936942819488095e-12,
              17.262983804657544,
              60.07383804398241,
              95.96753176230337,
              148.06905447255778,
              1107.4006774223596,
              3406.7978769728898,
              162925.88088381264,
              238116.36755226325,
              309992.30254479503
            ],
            "trace": 715870.1229433496
          },
          "helmsman": "K2O"
        }
      },
      {
        "index": 2,
        "raw_values": [
          0.519043417,
          0.0177792472,
          0.1636201745,
          0.0728267208,
          0.1098594477,
          0.0762142586,
          0.0022992018,
          0.0028076142,
          0.0339244572,
          0.001625461
        ],
        "label": "MORB-Gakkel",
        "coda_standard": {
          "aitchison_norm": 5.942088070983712,
          "ilr": [
            2.3857469162079687,
            -0.43481547291397704,
            0.39355611147034997,
            -0.06286864186523934,
            0.28246217696020604,
            3.4800078246252926,
            2.8269045910289274,
            0.14380288164788002,
            3.0110481139003804
          ],
          "composition": [
            0.519043417,
            0.0177792472,
            0.1636201745,
            0.0728267208,
            0.1098594477,
            0.0762142586,
            0.0022992018,
            0.0028076142,
            0.0339244572,
            0.001625461
          ],
          "clr": [
            2.9096650116328377,
            -0.4642906336582593,
            1.755225209440391,
            0.9457604086743987,
            1.3568792774542242,
            0.9912260427824768,
            -2.5097605039168114,
            -2.309987439578264,
            0.1818136824528005,
            -2.8565310552837913
          ],
          "aitchison_distance_step": 0.5391014925021081,
          "shannon_entropy": 1.4934978223154378
        },
        "higgins_extensions": {
          "angular_velocity_deg": 4.8896356764707605,
          "metric_tensor_diagonal": [
            3.340681983294606,
            2847.1855623031533,
            33.617762635375165,
            169.691855687833,
            74.57060846102327,
            154.9423187343435,
            170250.47326978846,
            114174.11367770261,
            782.0179006347413,
            340635.10383472353
          ],
          "helmsman_delta": 0.3301701861328268,
          "bearing_tensor": {
            "pairs": [
              {
                "carrier_i": "SiO2",
                "carrier_j": "TiO2",
                "theta_deg": -9.066164527066324
              },
              {
                "carrier_i": "SiO2",
                "carrier_j": "Al2O3",
                "theta_deg": 31.10004415206854
              },
              {
                "carrier_i": "SiO2",
                "carrier_j": "FeO",
                "theta_deg": 18.006285993721573
              },
              {
                "carrier_i": "SiO2",
                "carrier_j": "CaO",
                "theta_deg": 25.001297179603675
              },
              {
                "carrier_i": "SiO2",
                "carrier_j": "MgO",
                "theta_deg": 18.812268265690353
              },
              {
                "carrier_i": "SiO2",
                "carrier_j": "MnO",
                "theta_deg": -40.77973934950249
              },
              {
                "carrier_i": "SiO2",
                "carrier_j": "K2O",
                "theta_deg": -38.44611385037001
              },
              {
                "carrier_i": "SiO2",
                "carrier_j": "Na2O",
                "theta_deg": 3.5755423087633282
              },
              {
                "carrier_i": "SiO2",
                "carrier_j": "P2O5",
                "theta_deg": -44.47204964068529
              },
              {
                "carrier_i": "TiO2",
                "carrier_j": "Al2O3",
                "theta_deg": 104.81647968468442
              },
              {
                "carrier_i": "TiO2",
                "carrier_j": "FeO",
                "theta_deg": 116.1472440353207
              },
              {
                "carrier_i": "TiO2",
                "carrier_j": "CaO",
                "theta_deg": 108.88968193218972
              },
              {
                "carrier_i": "TiO2",
                "carrier_j": "MgO",
                "theta_deg": 115.09840851453846
              },
              {
                "carrier_i": "TiO2",
                "carrier_j": "MnO",
                "theta_deg": -100.48088572328321
              },
              {
                "carrier_i": "TiO2",
                "carrier_j": "K2O",
                "theta_deg": -101.36461244797016
              },
              {
                "carrier_i": "TiO2",
                "carrier_j": "Na2O",
                "theta_deg": 158.61495961188143
              },
              {
                "carrier_i": "TiO2",
                "carrier_j": "P2O5",
                "theta_deg": -99.23192516733947
              },
              {
                "carrier_i": "Al2O3",
                "carrier_j": "FeO",
                "theta_deg": 28.31692730560412
              },
              {
                "carrier_i": "Al2O3",
                "carrier_j": "CaO",
                "theta_deg": 37.7058660454142
              },
              {
                "carrier_i": "Al2O3",
                "carrier_j": "MgO",
                "theta_deg": 29.45466377228532
              },
              {
                "carrier_i": "Al2O3",
                "carrier_j": "MnO",
                "theta_deg": -55.03261121474539
              },
              {
                "carrier_i": "Al2O3",
                "carrier_j": "K2O",
                "theta_deg": -52.77090894213657
              },
              {
                "carrier_i": "Al2O3",
                "carrier_j": "Na2O",
                "theta_deg": 5.913849116780129
              },
              {
                "carrier_i": "Al2O3",
                "carrier_j": "P2O5",
                "theta_deg": -58.430922112448066
              },
              {
                "carrier_i": "FeO",
                "carrier_j": "CaO",
                "theta_deg": 55.123061105134106
              },
              {
                "carrier_i": "FeO",
                "carrier_j": "MgO",
                "theta_deg": 46.3446199873605
              },
              {
                "carrier_i": "FeO",
                "carrier_j": "MnO",
                "theta_deg": -69.3519386351265
              },
              {
                "carrier_i": "FeO",
                "carrier_j": "K2O",
                "theta_deg": -67.73471219336346
              },
              {
                "carrier_i": "FeO",
                "carrier_j": "Na2O",
                "theta_deg": 10.881827826683056
              },
              {
                "carrier_i": "FeO",
                "carrier_j": "P2O5",
                "theta_deg": -71.68096200053888
              },
              {
                "carrier_i": "CaO",
                "carrier_j": "MgO",
                "theta_deg": 36.14883682765933
              },
              {
                "carrier_i": "CaO",
                "carrier_j": "MnO",
                "theta_deg": -61.60252903718474
              },
              {
                "carrier_i": "CaO",
                "carrier_j": "K2O",
                "theta_deg": -59.57015928618382
              },
              {
                "carrier_i": "CaO",
                "carrier_j": "Na2O",
                "theta_deg": 7.631832384152593
              },
              {
                "carrier_i": "CaO",
                "carrier_j": "P2O5",
                "theta_deg": -64.59183959875455
              },
              {
                "carrier_i": "MgO",
