{
  "metadata": {
    "_function": "provenance",
    "_description": "Identity, schema version, run-time provenance.",
    "schema_version": "2.1.0",
    "engine_version": "cnt 2.0.4",
    "engine_implementation": "python",
    "generated": "2026-05-06T01:24:37.397711+00:00",
    "wall_clock_ms": 67,
    "mathematical_lineage": {
      "Aitchison_1986": "CLR transform, simplex geometry, Aitchison distance",
      "Shannon_1948": "Entropy H = -sum x_j ln x_j",
      "Egozcue_2003": "ILR, Helmert basis, orthonormal coordinates",
      "Higgins_2026": "CNT tensor decomposition, recursive depth sounder, metric dual involution"
    },
    "engine_config": {
      "_description": "Active values from the USER CONFIGURATION block at top of cnt.py. Two runs with identical config and input produce identical content_sha256. Two runs with different config produce different content_sha256 - that is correct.",
      "DEFAULT_DELTA": 1e-15,
      "DEGEN_THRESHOLD": 0.0001,
      "LOCK_CLR_THRESHOLD": -10.0,
      "DEPTH_MAX_LEVELS": 50,
      "DEPTH_PRECISION_TARGET": 0.01,
      "NOISE_FLOOR_OMEGA_VAR": 1e-06,
      "TRIADIC_T_LIMIT": 500,
      "TRIADIC_K_DEFAULT": 500,
      "EITT_GATE_PCT": 5.0,
      "EITT_M_SWEEP_BASE": [
        2,
        4,
        8,
        16,
        32,
        64,
        128
      ],
      "active_overrides": {}
    },
    "units": {
      "input_units": "ratio",
      "higgins_scale_units": "neper",
      "units_scale_factor_to_neper": 1.0,
      "feature": "v1.1-B native units",
      "schema_addition": "2.1.0",
      "_description": "v1.1-B native units (additive 2.1.0).",
      "report_units_scale_factors": true
    },
    "environment": {
      "git_sha": "unknown",
      "language_version": "python 3.10.12",
      "numerical_lib": "numpy 2.2.6",
      "platform": "Linux-6.8.0-106-generic-x86_64-with-glibc2.35",
      "hostname_hash": "c857d09db23e6822e3600bc06ad8d58f92ed62bc8efd81c753f77048662cb97d"
    }
  },
  "input": {
    "_function": "provenance",
    "_description": "Source data identity, hashes, and ordering declaration.",
    "source_file": "iiasa_ngfs_input.csv",
    "source_file_sha256": "c22adce0bfa1aad3991cea2e9849cea0a0a21f06acb794837acbdcd74758d4b8",
    "closed_data_sha256": "acba22c6cfda1f0a3ba016fb08ba55d5075be0d6fa87994df3e1c6ccc9c8854a",
    "n_records": 31,
    "n_carriers": 7,
    "carriers": [
      "Energy",
      "Transport",
      "Industry",
      "Buildings",
      "Agriculture",
      "LULUCF",
      "Other"
    ],
    "labels": [
      "2020",
      "2021",
      "2022",
      "2023",
      "2024",
      "2025",
      "2026",
      "2027",
      "2028",
      "2029",
      "2030",
      "2031",
      "2032",
      "2033",
      "2034",
      "2035",
      "2036",
      "2037",
      "2038",
      "2039",
      "2040",
      "2041",
      "2042",
      "2043",
      "2044",
      "2045",
      "2046",
      "2047",
      "2048",
      "2049",
      "2050"
    ],
    "zero_replacement": {
      "method": "multiplicative",
      "delta": 1e-15,
      "applied": false,
      "n_replacements": 0
    },
    "ordering": {
      "is_temporal": true,
      "ordering_method": "by-time",
      "caveat": null
    }
  },
  "tensor": {
    "_function": "composer",
    "_description": "Per-record compositional state. coda_standard fields follow Aitchison/Egozcue/Shannon. higgins_extensions are HUF-framework readings of the same simplex; see schema \u00a78 for the mapping.",
    "helmert_basis": {
      "D": 7,
      "dim": 6,
      "coefficients": [
        [
          0.7071067811865476,
          -0.7071067811865476,
          0.0,
          0.0,
          0.0,
          0.0,
          0.0
        ],
        [
          0.408248290463863,
          0.408248290463863,
          -0.816496580927726,
          0.0,
          0.0,
          0.0,
          0.0
        ],
        [
          0.28867513459481287,
          0.28867513459481287,
          0.28867513459481287,
          -0.8660254037844386,
          0.0,
          0.0,
          0.0
        ],
        [
          0.22360679774997896,
          0.22360679774997896,
          0.22360679774997896,
          0.22360679774997896,
          -0.8944271909999159,
          0.0,
          0.0
        ],
        [
          0.18257418583505539,
          0.18257418583505539,
          0.18257418583505539,
          0.18257418583505539,
          0.18257418583505539,
          -0.9128709291752769,
          0.0
        ],
        [
          0.1543033499620919,
          0.1543033499620919,
          0.1543033499620919,
          0.1543033499620919,
          0.1543033499620919,
          0.1543033499620919,
          -0.9258200997725514
        ]
      ]
    },
    "timesteps": [
      {
        "raw_values": [
          0.42,
          0.16,
          0.2,
          0.07,
          0.09,
          0.04,
          0.02
        ],
        "index": 0,
        "label": "2020",
        "coda_standard": {
          "composition": [
            0.42,
            0.16,
            0.2,
            0.07,
            0.09,
            0.04,
            0.02
          ],
          "shannon_entropy": 1.5893096555897872,
          "aitchison_norm": 2.511442788280555,
          "ilr": [
            0.6824152459860102,
            0.21179667926500462,
            1.0589354974118814,
            0.5954654510917765,
            1.2264701248507295,
            1.6782860361780803
          ],
          "clr": [
            1.490731492262153,
            0.5256505962185658,
            0.7487941475327757,
            -0.3010279769659019,
            -0.04971354868499622,
            -0.8606437649013245,
            -1.55379094546127
          ]
        },
        "higgins_extensions": {
          "metric_tensor": {
            "matrix": [
              [
                4.859086491739554,
                -2.1258503401360542,
                -1.7006802721088434,
                -4.859086491739553,
                -3.7792894935752077,
                -8.503401360544217,
                -17.006802721088434
              ],
              [
                -2.1258503401360542,
                33.48214285714286,
                -4.4642857142857135,
                -12.755102040816324,
                -9.920634920634921,
                -22.32142857142857,
                -44.64285714285714
              ],
              [
                -1.7006802721088434,
                -4.4642857142857135,
                21.428571428571427,
                -10.20408163265306,
                -7.936507936507937,
                -17.857142857142854,
                -35.71428571428571
              ],
              [
                -4.859086491739553,
                -12.755102040816324,
                -10.20408163265306,
                174.9271137026239,
                -22.675736961451246,
                -51.020408163265294,
                -102.04081632653059
              ],
              [
                -3.7792894935752077,
                -9.920634920634921,
                -7.936507936507937,
                -22.675736961451246,
                105.82010582010584,
                -39.682539682539684,
                -79.36507936507937
              ],
              [
                -8.503401360544217,
                -22.32142857142857,
                -17.857142857142854,
                -51.020408163265294,
                -39.682539682539684,
                535.7142857142858,
                -178.57142857142856
              ],
              [
                -17.006802721088434,
                -44.64285714285714,
                -35.71428571428571,
                -102.04081632653059,
                -79.36507936507937,
                -178.57142857142856,
                2142.857142857143
              ]
            ],
            "eigenvalues": [
              -5.23542918135419e-14,
              12.940565498294161,
              32.48370947141114,
              93.30381572528323,
              176.3148076171872,
              532.9548854223584,
              2171.090665137078
            ],
            "trace": 3019.0884488716124
          },
          "metric_tensor_diagonal": [
            4.859086491739554,
            33.48214285714286,
            21.428571428571427,
            174.9271137026239,
            105.82010582010584,
            535.7142857142858,
            2142.857142857143
          ],
          "bearing_tensor": {
            "pairs": [
              {
                "carrier_i": "Energy",
                "carrier_j": "Transport",
                "theta_deg": 19.423288603376015
              },
              {
                "carrier_i": "Energy",
                "carrier_j": "Industry",
                "theta_deg": 26.670369766442196
              },
              {
                "carrier_i": "Energy",
                "carrier_j": "Buildings",
                "theta_deg": -11.416389291676941
              },
              {
                "carrier_i": "Energy",
                "carrier_j": "Agriculture",
                "theta_deg": -1.9100162123524134
              },
              {
                "carrier_i": "Energy",
                "carrier_j": "LULUCF",
                "theta_deg": -29.99912185276783
              },
              {
                "carrier_i": "Energy",
                "carrier_j": "Other",
                "theta_deg": -46.18656507321324
              },
              {
                "carrier_i": "Transport",
                "carrier_j": "Industry",
                "theta_deg": 54.93129336340119
              },
              {
                "carrier_i": "Transport",
                "carrier_j": "Buildings",
                "theta_deg": -29.798772254906556
              },
              {
                "carrier_i": "Transport",
                "carrier_j": "Agriculture",
                "theta_deg": -5.402694135445296
              },
              {
                "carrier_i": "Transport",
                "carrier_j": "LULUCF",
                "theta_deg": -58.58489904165641
              },
              {
                "carrier_i": "Transport",
                "carrier_j": "Other",
                "theta_deg": -71.30921856649196
              },
              {
                "carrier_i": "Industry",
                "carrier_j": "Buildings",
                "theta_deg": -21.90096565969125
              },
              {
                "carrier_i": "Industry",
                "carrier_j": "Agriculture",
                "theta_deg": -3.7983770516296005
              },
              {
                "carrier_i": "Industry",
                "carrier_j": "LULUCF",
                "theta_deg": -48.975439927786944
              },
              {
                "carrier_i": "Industry",
                "carrier_j": "Other",
                "theta_deg": -64.26991581616295
              },
              {
                "carrier_i": "Buildings",
                "carrier_j": "Agriculture",
                "theta_deg": -170.62247487766447
              },
              {
                "carrier_i": "Buildings",
                "carrier_j": "LULUCF",
                "theta_deg": -109.27834150874695
              },
              {
                "carrier_i": "Buildings",
                "carrier_j": "Other",
                "theta_deg": -100.96452074567333
              },
              {
                "carrier_i": "Agriculture",
                "carrier_j": "LULUCF",
                "theta_deg": -93.30591472762748
              },
              {
                "carrier_i": "Agriculture",
                "carrier_j": "Other",
                "theta_deg": -91.83255359209383
              },
              {
                "carrier_i": "LULUCF",
                "carrier_j": "Other",
                "theta_deg": -118.98203925099261
              }
            ]
          },
          "higgins_scale": 0.18325640248016895,
          "condition_number": 21.0
        }
      },
      {
        "raw_values": [
          0.409333,
          0.158,
          0.2,
          0.069333,
          0.093667,
          0.048667,
          0.021
        ],
        "index": 1,
        "label": "2021",
        "coda_standard": {
          "aitchison_distance_step": 0.18795943753424127,
          "composition": [
            0.409333,
            0.158,
            0.2,
            0.069333,
            0.093667,
            0.048667,
            0.021
          ],
          "shannon_entropy": 1.614128773787808,
          "aitchison_norm": 2.4011125499949246,
          "ilr": [
            0.6731189673234761,
            0.19615893761259315,
            1.056169495520956,
            0.5490393529635698,
            1.0459862092270469,
            1.6621518103056627
          ],
          "clr": [
            1.4311530131286598,
            0.4792190404492278,
            0.7149413739702977,
            -0.34445500924839534,
            -0.043630053199573915,
            -0.6983748102459004,
            -1.5388535548543159
          ]
        },
        "higgins_extensions": {
          "metric_tensor": {
            "matrix": [
              [
                5.115636689967738,
                -2.2088596130955316,
                -1.7449990943454696,
                -5.033675434051519,
                -3.7259634542484976,
                -7.171180037172909,
                -16.619038993766377
              ],
              [
                -2.2088596130955316,
                34.33515691166709,
                -4.520795660036166,
                -13.040819407889938,
                -9.65291011783481,
                -18.578485051620877,
                -43.055196762249196
              ],
              [
                -1.7449990943454696,
                -4.520795660036166,
                21.428571428571427,
                -10.302247332233051,
                -7.6257989930895,
                -14.677003190780491,
                -34.01360544217686
              ],
              [
                -5.033675434051519,
                -13.040819407889938,
                -10.302247332233051,
                178.30898415876513,
                -21.997602853156504,
                -42.337712750870416,
                -98.1166412593624
              ],
              [
                -3.7259634542484976,
                -9.65291011783481,
                -7.6257989930895,
                -21.997602853156504,
                97.69672127544814,
                -31.33868532307108,
                -72.62665707704285
              ],
              [
                -7.171180037172909,
                -18.578485051620877,
                -14.677003190780491,
                -42.337712750870416,
                -31.33868532307108,
                361.8962300724637,
                -139.780982769338
              ],
              [
                -16.619038993766377,
                -43.055196762249196,
                -34.01360544217686,
                -98.1166412593624,
                -72.62665707704285,
                -139.780982769338,
                1943.634596695821
              ]
            ],
            "eigenvalues": [
              7.571966273226806e-14,
              13.14115681454238,
              32.979190263138555,
              87.42989839069,
              176.15874907036468,
              367.86244582821416,
              1964.8444568657549
            ],
            "trace": 2642.415897232704
          },
          "helmsman": "LULUCF",
          "metric_tensor_diagonal": [
            5.115636689967738,
            34.33515691166709,
            21.428571428571427,
            178.30898415876513,
            97.69672127544814,
            361.8962300724637,
            1943.634596695821
          ],
          "bearing_tensor": {
            "pairs": [
              {
                "carrier_i": "Energy",
                "carrier_j": "Transport",
                "theta_deg": 18.513030292804718
              },
              {
                "carrier_i": "Energy",
                "carrier_j": "Industry",
                "theta_deg": 26.544705692705058
              },
              {
                "carrier_i": "Energy",
                "carrier_j": "Buildings",
                "theta_deg": -13.532759859064369
              },
              {
                "carrier_i": "Energy",
                "carrier_j": "Agriculture",
                "theta_deg": -1.7461752022632613
              },
              {
                "carrier_i": "Energy",
                "carrier_j": "LULUCF",
                "theta_deg": -26.011475062389003
              },
              {
                "carrier_i": "Energy",
                "carrier_j": "Other",
                "theta_deg": -47.076791297094715
              },
              {
                "carrier_i": "Transport",
                "carrier_j": "Industry",
                "theta_deg": 56.166393893134654
              },
              {
                "carrier_i": "Transport",
                "carrier_j": "Buildings",
                "theta_deg": -35.70797827055813
              },
              {
                "carrier_i": "Transport",
                "carrier_j": "Agriculture",
                "theta_deg": -5.202099313694366
              },
              {
                "carrier_i": "Transport",
                "carrier_j": "LULUCF",
                "theta_deg": -55.54240702138821
              },
              {
                "carrier_i": "Transport",
                "carrier_j": "Other",
                "theta_deg": -72.70273114869063
              },
              {
                "carrier_i": "Industry",
                "carrier_j": "Buildings",
                "theta_deg": -25.724523604072598
              },
              {
                "carrier_i": "Industry",
                "carrier_j": "Agriculture",
                "theta_deg": -3.49220461708376
              },
              {
                "carrier_i": "Industry",
                "carrier_j": "LULUCF",
                "theta_deg": -44.32842295051509
              },
              {
                "carrier_i": "Industry",
                "carrier_j": "Other",
                "theta_deg": -65.08072488431038
              },
              {
                "carrier_i": "Buildings",
                "carrier_j": "Agriculture",
                "theta_deg": -172.7811289114211
              },
              {
                "carrier_i": "Buildings",
                "carrier_j": "LULUCF",
                "theta_deg": -116.25360743814318
              },
              {
                "carrier_i": "Buildings",
                "carrier_j": "Other",
                "theta_deg": -102.61703739328847
              },
              {
                "carrier_i": "Agriculture",
                "carrier_j": "LULUCF",
                "theta_deg": -93.57483293328951
              },
              {
                "carrier_i": "Agriculture",
                "carrier_j": "Other",
                "theta_deg": -91.62403264049992
              },
              {
                "carrier_i": "LULUCF",
                "carrier_j": "Other",
                "theta_deg": -114.4098767031021
              }
            ]
          },
          "helmsman_delta": 0.16226895465542412,
          "higgins_scale": 0.17050189877912714,
          "condition_number": 19.492047619047618,
          "angular_velocity_deg": 3.551042779034026
        }
      },
      {
        "raw_values": [
          0.398667,
          0.156,
          0.2,
          0.068667,
          0.097333,
          0.057333,
          0.022
        ],
        "index": 2,
        "label": "2022",
        "coda_standard": {
          "aitchison_distance_step": 0.16041125835113934,
          "composition": [
            0.398667,
            0.156,
            0.2,
            0.068667,
            0.097333,
            0.057333,
            0.022
          ],
          "shannon_entropy": 1.6368935744216684,
          "aitchison_norm": 2.3096587220432663,
          "ilr": [
            0.6634574152566707,
            0.18017946693441186,
            1.0532293961530175,
            0.5037897454733866,
            0.8944902380169926,
            1.6427641266091784
          ],
          "clr": [
            1.3761799810041253,
            0.43790950629114334,
            0.686370865589643,
            -0.3826777664797727,
            -0.033808412021619993,
            -0.5630701267834399,
            -1.520904047600078
          ]
        },
        "higgins_extensions": {
          "metric_tensor": {
            "matrix": [
              [
                5.393027492812272,
                -2.297032149013878,
                -1.7916850762308245,
                -5.218474889629151,
                -3.681557285259521,
                -6.250100557203791,
                -16.288046147552954
              ],
              [
                -2.297032149013878,
                35.22118906734292,
                -4.5787545787545785,
                -13.336113646306313,
                -9.408432040016393,
                -15.972492556658743,
                -41.625041625041625
              ],
              [
                -1.7916850762308245,
                -4.5787545787545785,
                21.428571428571427,
                -10.402168644118925,
                -7.338576991212787,
                -12.458544194193818,
                -32.467532467532465
              ],
              [
                -5.218474889629151,
                -13.336113646306313,
                -10.402168644118925,
                181.7845890011608,
                -21.374392331724952,
                -36.28684577509959,
                -94.56516949199023
              ],
              [
                -3.681557285259521,
                -9.408432040016393,
                -7.338576991212787,
                -21.374392331724952,
                90.47591659000899,
                -25.599836014905158,
                -66.71433628375262
              ],
              [
                -6.250100557203791,
                -15.972492556658743,
                -12.458544194193818,
                -36.28684577509959,
                -25.599836014905158,
                260.7617433769833,
                -113.25949267448928
              ],
              [
                -16.288046147552954,
                -41.625041625041625,
                -32.467532467532465,
                -94.56516949199023,
                -66.71433628375262,
                -113.25949267448928,
                1770.9563164108622
              ]
            ],
            "eigenvalues": [
              -2.526505830033027e-14,
              13.349792440931578,
              33.46974806698678,
              82.0176664996215,
              174.3094444247085,
              274.33480395141345,
              1788.5398979840802
            ],
            "trace": 2366.021353367742
          },
          "helmsman": "LULUCF",
          "metric_tensor_diagonal": [
            5.393027492812272,
            35.22118906734292,
            21.428571428571427,
            181.7845890011608,
            90.47591659000899,
            260.7617433769833,
            1770.9563164108622
          ],
          "bearing_tensor": {
            "pairs": [
              {
                "carrier_i": "Energy",
                "carrier_j": "Transport",
                "theta_deg": 17.65141181381289
              },
              {
                "carrier_i": "Energy",
                "carrier_j": "Industry",
                "theta_deg": 26.507763431073986
              },
              {
                "carrier_i": "Energy",
                "carrier_j": "Buildings",
                "theta_deg": -15.539784925667094
              },
              {
                "carrier_i": "Energy",
                "carrier_j": "Agriculture",
                "theta_deg": -1.407293953782473
              },
              {
                "carrier_i": "Energy",
                "carrier_j": "LULUCF",
                "theta_deg": -22.25214098347112
              },
              {
                "carrier_i": "Energy",
                "carrier_j": "Other",
                "theta_deg": -47.859837955229004
              },
              {
                "carrier_i": "Transport",
                "carrier_j": "Industry",
                "theta_deg": 57.46183408136855
              },
              {
                "carrier_i": "Transport",
                "carrier_j": "Buildings",
                "theta_deg": -41.14936783884155
              },
              {
                "carrier_i": "Transport",
                "carrier_j": "Agriculture",
                "theta_deg": -4.414712084603907
              },
              {
                "carrier_i": "Transport",
                "carrier_j": "LULUCF",
                "theta_deg": -52.12716736019178
              },
              {
                "carrier_i": "Transport",
                "carrier_j": "Other",
                "theta_deg": -73.93745598693782
              },
              {
                "carrier_i": "Industry",
                "carrier_j": "Buildings",
                "theta_deg": -29.14132300541082
              },
              {
                "carrier_i": "Industry",
                "carrier_j": "Agriculture",
                "theta_deg": -2.8199259247698483
              },
              {
                "carrier_i": "Industry",
                "carrier_j": "LULUCF",
                "theta_deg": -39.36403019647857
              },
              {
                "carrier_i": "Industry",
                "carrier_j": "Other",
                "theta_deg": -65.71075441652323
              },
              {
                "carrier_i": "Buildings",
                "carrier_j": "Agriculture",
                "theta_deg": -174.9512012239796
              },
              {
                "carrier_i": "Buildings",
                "carrier_j": "LULUCF",
                "theta_deg": -124.20109306424874
              },
              {
                "carrier_i": "Buildings",
                "carrier_j": "Other",
                "theta_deg": -104.12314027964104
              },
              {
                "carrier_i": "Agriculture",
                "carrier_j": "LULUCF",
                "theta_deg": -93.43608446643306
              },
              {
                "carrier_i": "Agriculture",
                "carrier_j": "Other",
                "theta_deg": -91.27342705065087
              },
              {
                "carrier_i": "LULUCF",
                "carrier_j": "Other",
                "theta_deg": -110.31559428016638
              }
            ]
          },
          "helmsman_delta": 0.1353046834624605,
          "higgins_scale": 0.15880310546900844,
          "condition_number": 18.121227272727275,
          "angular_velocity_deg": 3.2068132857407603
        }
      },
      {
        "raw_values": [
          0.388,
          0.154,
          0.2,
          0.068,
          0.101,
          0.066,
          0.023
        ],
        "index": 3,
        "label": "2023",
        "coda_standard": {
          "aitchison_distance_step": 0.14111075461633887,
          "composition": [
            0.388,
            0.154,
            0.2,
            0.068,
            0.101,
            0.066,
            0.023
          ],
          "shannon_entropy": 1.657843757033944,
          "aitchison_norm": 2.2315258387836363,
          "ilr": [
            0.6534039566549303,
            0.1638395139735651,
            1.0501286039531952,
            0.45957926303611263,
            0.7636402341217667,
            1.621356796397557
          ],
          "clr": [
            1.3244264126864334,
            0.40037367547678904,
            0.6617384396111967,
            -0.4170712217607333,
            -0.021458410095580582,
            -0.44692418491041463,
            -1.5010847110076906
          ]
        },
        "higgins_extensions": {
          "metric_tensor": {
            "matrix": [
              [
                5.693636791521795,
                -2.390834496872788,
                -1.840942562592047,
                -5.414536948800138,
                -3.6454308170139544,
                -5.578613826036506,
                -16.008196196452584
              ],
              [
                -2.390834496872788,
                36.141965641038,
                -4.638218923933209,
                -13.641820364509439,
                -9.184591928580613,
                -14.055208860403663,
                -40.33233846898443
              ],
              [
                -1.840942562592047,
                -4.638218923933209,
                21.428571428571427,
                -10.504201680672267,
                -7.072135785007071,
                -10.82251082251082,
                -31.05590062111801
              ],
              [
                -5.414536948800138,
                -13.641820364509439,
                -10.504201680672267,
                185.36826495304004,
                -20.800399367667854,
                -31.830914183855352,
                -91.34088417975885
              ],
              [
                -3.6454308170139544,
                -9.184591928580613,
                -7.072135785007071,
                -20.800399367667854,
                84.02537566345035,
                -21.430714500021427,
                -61.496832913104974
              ],
              [
                -5.578613826036506,
                -14.055208860403663,
                -10.82251082251082,
                -31.830914183855352,
                -21.430714500021427,
                196.7729240456513,
                -94.10878976096366
              ],
              [
                -16.008196196452584,
                -40.33233846898443,
                -31.05590062111801,
                -91.34088417975885,
                -61.496832913104974,
                -94.10878976096366,
                1620.307858493114
              ]
            ],
            "eigenvalues": [
              -4.2281660652156354e-14,
              13.568606367064971,
              33.94624491600009,
              77.08318268665023,
              165.9493598974399,
              223.41185264172265,
              1635.7793505075088
            ],
            "trace": 2149.738597016387
          },
          "helmsman": "LULUCF",
          "metric_tensor_diagonal": [
            5.693636791521795,
            36.141965641038,
            21.428571428571427,
            185.36826495304004,
            84.02537566345035,
            196.7729240456513,
            1620.307858493114
          ],
          "bearing_tensor": {
            "pairs": [
              {
                "carrier_i": "Energy",
                "carrier_j": "Transport",
                "theta_deg": 16.820049913963445
              },
              {
                "carrier_i": "Energy",
                "carrier_j": "Industry",
                "theta_deg": 26.54861778069967
              },
              {
                "carrier_i": "Energy",
                "carrier_j": "Buildings",
                "theta_deg": -17.47958257071207
              },
              {
                "carrier_i": "Energy",
                "carrier_j": "Agriculture",
                "theta_deg": -0.9282273118537396
              },
              {
                "carrier_i": "Energy",
                "carrier_j": "LULUCF",
                "theta_deg": -18.646830628247574
              },
              {
                "carrier_i": "Energy",
                "carrier_j": "Other",
                "theta_deg": -48.57762414942839
              },
              {
                "carrier_i": "Transport",
                "carrier_j": "Industry",
                "theta_deg": 58.82467248112698
              },
              {
                "carrier_i": "Transport",
                "carrier_j": "Buildings",
                "theta_deg": -46.170190074468415
              },
              {
                "carrier_i": "Transport",
                "carrier_j": "Agriculture",
                "theta_deg": -3.0678868245568216
              },
              {
                "carrier_i": "Transport",
                "carrier_j": "LULUCF",
                "theta_deg": -48.14466634861967
              },
              {
                "carrier_i": "Transport",
                "carrier_j": "Other",
                "theta_deg": -75.0655745429521
              },
              {
                "carrier_i": "Industry",
                "carrier_j": "Buildings",
                "theta_deg": -32.22183567975731
              },
              {
                "carrier_i": "Industry",
                "carrier_j": "Agriculture",
                "theta_deg": -1.8572982725836922
              },
              {
                "carrier_i": "Industry",
                "carrier_j": "LULUCF",
                "theta_deg": -34.034261818618376
              },
              {
                "carrier_i": "Industry",
                "carrier_j": "Other",
                "theta_deg": -66.2101877298851
              },
              {
                "carrier_i": "Buildings",
                "carrier_j": "Agriculture",
                "theta_deg": -177.05471600625455
              },
              {
                "carrier_i": "Buildings",
                "carrier_j": "LULUCF",
                "theta_deg": -133.02109063108506
              },
              {
                "carrier_i": "Buildings",
                "carrier_j": "Other",
                "theta_deg": -105.52776950946233
              },
              {
                "carrier_i": "Agriculture",
                "carrier_j": "LULUCF",
                "theta_deg": -92.74886190821015
              },
              {
                "carrier_i": "Agriculture",
                "carrier_j": "Other",
                "theta_deg": -90.81900280845218
              },
              {
                "carrier_i": "LULUCF",
                "carrier_j": "Other",
                "theta_deg": -106.58006597828644
              }
            ]
          },
          "helmsman_delta": 0.1161459418730253,
          "higgins_scale": 0.1480368413522165,
          "condition_number": 16.869565217391305,
          "angular_velocity_deg": 2.965881150105139
        }
      },
      {
        "raw_values": [
          0.377333,
          0.152,
          0.2,
          0.067333,
          0.104667,
          0.074667,
          0.024
        ],
        "index": 4,
        "label": "2024",
        "coda_standard": {
          "aitchison_distance_step": 0.1268984195895306,
          "composition": [
            0.377333,
            0.152,
            0.2,
            0.067333,
            0.104667,
            0.074667,
            0.024
          ],
          "shannon_entropy": 1.677150038030296,
          "aitchison_norm": 2.163361988362713,
          "ilr": [
            0.6429351195942284,
            0.14712201817311482,
            1.0468441755785887,
            0.41632028258158993,
            0.648242276734069,
            1.5986560860537509
          ],
          "clr": [
            1.2750063192621763,
            0.3657587534060507,
            0.640195599107811,
            -0.4484713092144341,
            -0.007337885491777385,
            -0.3450835399775465,
            -1.4800679370922802
          ]
        },
        "higgins_extensions": {
          "metric_tensor": {
            "matrix": [
              [
                6.020099002191185,
                -2.490769755256366,
                -1.8929850139948383,
                -5.622755599764864,
                -3.6171572969414205,
                -5.070472937160561,
                -15.774875116623653
              ],
              [
                -2.490769755256366,
                37.09932726553225,
                -4.6992481203007515,
                -13.95823183372418,
                -8.979426410044717,
                -12.587215557878988,
                -39.16040100250626
              ],
              [
                -1.8929850139948383,
                -4.6992481203007515,
                21.428571428571427,
                -10.608256193630377,
                -6.824364071633984,
                -9.56628382398803,
                -29.76190476190476
              ],
              [
                -5.622755599764864,
                -13.95823183372418,
                -10.608256193630377,
                189.05896710909144,
                -20.270488680539955,
                -28.414845095237197,
                -88.40213494691982
              ],
              [
                -3.6171572969414205,
                -8.979426410044717,
                -6.824364071633984,
                -20.270488680539955,
                78.24086757011077,
                -18.27946501569364,
                -56.86970059694987
              ],
              [
                -5.070472937160561,
                -12.587215557878988,
                -9.56628382398803,
                -28.414845095237197,
                -18.27946501569364,
                153.74316081783974,
                -79.71903186656692
              ],
              [
                -15.774875116623653,
                -39.16040100250626,
                -29.76190476190476,
                -88.40213494691982,
                -56.86970059694987,
                -79.71903186656692,
                1488.095238095238
              ]
            ],
            "eigenvalues": [
              -5.598819875534665e-14,
              13.800013881732204,
              34.39581864738732,
              72.6230081917077,
              145.66766052174538,
              204.9504230966067,
              1502.2493069493953
            ],
            "trace": 1973.6862312885748
          },
          "helmsman": "LULUCF",
          "metric_tensor_diagonal": [
            6.020099002191185,
            37.09932726553225,
            21.428571428571427,
            189.05896710909144,
            78.24086757011077,
            153.74316081783974,
            1488.095238095238
          ],
          "bearing_tensor": {
            "pairs": [
              {
                "carrier_i": "Energy",
                "carrier_j": "Transport",
                "theta_deg": 16.006501305779953
              },
              {
                "carrier_i": "Energy",
                "carrier_j": "Industry",
                "theta_deg": 26.66176290284135
              },
              {
                "carrier_i": "Energy",
                "carrier_j": "Buildings",
                "theta_deg": -19.378836280645597
              },
              {
                "carrier_i": "Energy",
                "carrier_j": "Agriculture",
                "theta_deg": -0.3297436421584566
              },
              {
                "carrier_i": "Energy",
                "carrier_j": "LULUCF",
                "theta_deg": -15.14441015718942
              },
              {
                "carrier_i": "Energy",
                "carrier_j": "Other",
                "theta_deg": -49.25670583550638
              },
              {
                "carrier_i": "Transport",
                "carrier_j": "Industry",
                "theta_deg": 60.2596596688095
              },
              {
                "carrier_i": "Transport",
                "carrier_j": "Buildings",
                "theta_deg": -50.80042361473181
              },
              {
                "carrier_i": "Transport",
                "carrier_j": "Agriculture",
                "theta_deg": -1.1493189787230416
              },
              {
                "carrier_i": "Transport",
                "carrier_j": "LULUCF",
