{
  "metadata": {
    "_function": "provenance",
    "_description": "Identity, schema version, run-time provenance.",
    "schema_version": "2.0.0",
    "engine_version": "cnt 2.0.3",
    "engine_implementation": "python",
    "generated": "2026-05-05T20:04:43.206591+00:00",
    "wall_clock_ms": 79,
    "mathematical_lineage": {
      "Aitchison_1986": "CLR transform, simplex geometry, Aitchison distance",
      "Shannon_1948": "Entropy H = -sum x_j ln x_j",
      "Egozcue_2003": "ILR, Helmert basis, orthonormal coordinates",
      "Higgins_2026": "CNT tensor decomposition, recursive depth sounder, metric dual involution"
    },
    "engine_config": {
      "_description": "Active values from the USER CONFIGURATION block at top of cnt.py. Two runs with identical config and input produce identical content_sha256. Two runs with different config produce different content_sha256 - that is correct.",
      "DEFAULT_DELTA": 1e-15,
      "DEGEN_THRESHOLD": 0.0001,
      "LOCK_CLR_THRESHOLD": -10.0,
      "DEPTH_MAX_LEVELS": 50,
      "DEPTH_PRECISION_TARGET": 0.01,
      "NOISE_FLOOR_OMEGA_VAR": 1e-06,
      "TRIADIC_T_LIMIT": 500,
      "TRIADIC_K_DEFAULT": 500,
      "EITT_GATE_PCT": 5.0,
      "EITT_M_SWEEP_BASE": [
        2,
        4,
        8,
        16,
        32,
        64,
        128
      ]
    },
    "environment": {
      "git_sha": "unknown",
      "language_version": "python 3.10.12",
      "numerical_lib": "numpy 2.2.6",
      "platform": "Linux-6.8.0-106-generic-x86_64-with-glibc2.35",
      "hostname_hash": "c857d09db23e6822e3600bc06ad8d58f92ed62bc8efd81c753f77048662cb97d"
    }
  },
  "input": {
    "_function": "provenance",
    "_description": "Source data identity, hashes, and ordering declaration.",
    "source_file": "ember_WLD_World_generation_TWh.csv",
    "source_file_sha256": "eff4a4d3ffe97ec12432bdda954ee422ff6fab3d985b706df5fa1121a9b03eb9",
    "closed_data_sha256": "fc39ef301f19a2972ca8efc2a28b9373b803287367b2fb0ea7f2cf3613a7d427",
    "n_records": 26,
    "n_carriers": 9,
    "carriers": [
      "Bioenergy",
      "Coal",
      "Gas",
      "Hydro",
      "Nuclear",
      "Other Fossil",
      "Other Renewables",
      "Solar",
      "Wind"
    ],
    "labels": [
      "2000",
      "2001",
      "2002",
      "2003",
      "2004",
      "2005",
      "2006",
      "2007",
      "2008",
      "2009",
      "2010",
      "2011",
      "2012",
      "2013",
      "2014",
      "2015",
      "2016",
      "2017",
      "2018",
      "2019",
      "2020",
      "2021",
      "2022",
      "2023",
      "2024",
      "2025"
    ],
    "zero_replacement": {
      "method": "multiplicative",
      "delta": 1e-15,
      "applied": false,
      "n_replacements": 0
    },
    "ordering": {
      "is_temporal": true,
      "ordering_method": "by-time",
      "caveat": null
    }
  },
  "tensor": {
    "_function": "composer",
    "_description": "Per-record compositional state. coda_standard fields follow Aitchison/Egozcue/Shannon. higgins_extensions are HUF-framework readings of the same simplex; see schema \u00a78 for the mapping.",
    "helmert_basis": {
      "D": 9,
      "dim": 8,
      "coefficients": [
        [
          0.7071067811865476,
          -0.7071067811865476,
          0.0,
          0.0,
          0.0,
          0.0,
          0.0,
          0.0,
          0.0
        ],
        [
          0.408248290463863,
          0.408248290463863,
          -0.816496580927726,
          0.0,
          0.0,
          0.0,
          0.0,
          0.0,
          0.0
        ],
        [
          0.28867513459481287,
          0.28867513459481287,
          0.28867513459481287,
          -0.8660254037844386,
          0.0,
          0.0,
          0.0,
          0.0,
          0.0
        ],
        [
          0.22360679774997896,
          0.22360679774997896,
          0.22360679774997896,
          0.22360679774997896,
          -0.8944271909999159,
          0.0,
          0.0,
          0.0,
          0.0
        ],
        [
          0.18257418583505539,
          0.18257418583505539,
          0.18257418583505539,
          0.18257418583505539,
          0.18257418583505539,
          -0.9128709291752769,
          0.0,
          0.0,
          0.0
        ],
        [
          0.1543033499620919,
          0.1543033499620919,
          0.1543033499620919,
          0.1543033499620919,
          0.1543033499620919,
          0.1543033499620919,
          -0.9258200997725514,
          0.0,
          0.0
        ],
        [
          0.1336306209562122,
          0.1336306209562122,
          0.1336306209562122,
          0.1336306209562122,
          0.1336306209562122,
          0.1336306209562122,
          0.1336306209562122,
          -0.9354143466934853,
          0.0
        ],
        [
          0.11785113019775792,
          0.11785113019775792,
          0.11785113019775792,
          0.11785113019775792,
          0.11785113019775792,
          0.11785113019775792,
          0.11785113019775792,
          0.11785113019775792,
          -0.9428090415820634
        ]
      ]
    },
    "timesteps": [
      {
        "label": "2000",
        "raw_values": [
          154.13,
          5808.81,
          2745.57,
          2629.67,
          2540.46,
          1324.32,
          43.65,
          1.02,
          31.15
        ],
        "index": 0,
        "coda_standard": {
          "ilr": [
            -2.566327112110104,
            -0.8697977037254692,
            -0.5776878838909656,
            -0.41660556973999396,
            0.25452913479883094,
            3.374432214699987,
            6.436135085884694,
            2.4526625472240235
          ],
          "shannon_entropy": 1.5656401761594612,
          "clr": [
            -0.7134102685473374,
            2.91592433888455,
            2.1665373119545555,
            2.1234069713079915,
            2.0888937752717682,
            1.43744772843112,
            -1.975003388420355,
            -5.731404043409787,
            -2.312392425472504
          ],
          "composition": [
            0.010087847328124367,
            0.3801880778439117,
            0.1796982481585572,
            0.1721125639612587,
            0.16627374698765218,
            0.08667707762007176,
            0.002856903496221557,
            6.675925695638003e-05,
            0.0020387753472463116
          ],
          "aitchison_norm": 8.169506267215187
        },
        "higgins_extensions": {
          "bearing_tensor": {
            "pairs": [
              {
                "carrier_i": "Bioenergy",
                "carrier_j": "Coal",
                "theta_deg": 103.74792585862444
              },
              {
                "carrier_i": "Bioenergy",
                "carrier_j": "Gas",
                "theta_deg": 108.22598716163571
              },
              {
                "carrier_i": "Bioenergy",
                "carrier_j": "Hydro",
                "theta_deg": 108.57102774421237
              },
              {
                "carrier_i": "Bioenergy",
                "carrier_j": "Nuclear",
                "theta_deg": 108.85633901513285
              },
              {
                "carrier_i": "Bioenergy",
                "carrier_j": "Other Fossil",
                "theta_deg": 116.39536345311505
              },
              {
                "carrier_i": "Bioenergy",
                "carrier_j": "Other Renewables",
                "theta_deg": -109.86072165786541
              },
              {
                "carrier_i": "Bioenergy",
                "carrier_j": "Solar",
                "theta_deg": -97.09533540263294
              },
              {
                "carrier_i": "Bioenergy",
                "carrier_j": "Wind",
                "theta_deg": -107.14583610668562
              },
              {
                "carrier_i": "Coal",
                "carrier_j": "Gas",
                "theta_deg": 36.6124189063895
              },
              {
                "carrier_i": "Coal",
                "carrier_j": "Hydro",
                "theta_deg": 36.06250352689641
              },
              {
                "carrier_i": "Coal",
                "carrier_j": "Nuclear",
                "theta_deg": 35.61684532784136
              },
              {
                "carrier_i": "Coal",
                "carrier_j": "Other Fossil",
                "theta_deg": 26.241669561475014
              },
              {
                "carrier_i": "Coal",
                "carrier_j": "Other Renewables",
                "theta_deg": -34.11042953892348
              },
              {
                "carrier_i": "Coal",
                "carrier_j": "Solar",
                "theta_deg": -63.03470769999361
              },
              {
                "carrier_i": "Coal",
                "carrier_j": "Wind",
                "theta_deg": -38.41519383600403
              },
              {
                "carrier_i": "Gas",
                "carrier_j": "Hydro",
                "theta_deg": 44.42397777968372
              },
              {
                "carrier_i": "Gas",
                "carrier_j": "Nuclear",
                "theta_deg": 43.95471144914596
              },
              {
                "carrier_i": "Gas",
                "carrier_j": "Other Fossil",
                "theta_deg": 33.56335985487009
              },
              {
                "carrier_i": "Gas",
                "carrier_j": "Other Renewables",
                "theta_deg": -42.35212749886056
              },
              {
                "carrier_i": "Gas",
                "carrier_j": "Solar",
                "theta_deg": -69.29282545851551
              },
              {
                "carrier_i": "Gas",
                "carrier_j": "Wind",
                "theta_deg": -46.865162157655185
              },
              {
                "carrier_i": "Hydro",
                "carrier_j": "Nuclear",
                "theta_deg": 44.530561481567446
              },
              {
                "carrier_i": "Hydro",
                "carrier_j": "Other Fossil",
                "theta_deg": 34.096172329405874
              },
              {
                "carrier_i": "Hydro",
                "carrier_j": "Other Renewables",
                "theta_deg": -42.926223852723496
              },
              {
                "carrier_i": "Hydro",
                "carrier_j": "Solar",
                "theta_deg": -69.67101977267035
              },
              {
                "carrier_i": "Hydro",
                "carrier_j": "Wind",
                "theta_deg": -47.43958834501182
              },
              {
                "carrier_i": "Nuclear",
                "carrier_j": "Other Fossil",
                "theta_deg": 34.5333480103646
              },
              {
                "carrier_i": "Nuclear",
                "carrier_j": "Other Renewables",
                "theta_deg": -43.394710622761664
              },
              {
                "carrier_i": "Nuclear",
                "carrier_j": "Solar",
                "theta_deg": -69.97499325154317
              },
              {
                "carrier_i": "Nuclear",
                "carrier_j": "Wind",
                "theta_deg": -47.907000102101584
              },
              {
                "carrier_i": "Other Fossil",
                "carrier_j": "Other Renewables",
                "theta_deg": -53.952108705207294
              },
              {
                "carrier_i": "Other Fossil",
                "carrier_j": "Solar",
                "theta_deg": -75.92051526029807
              },
              {
                "carrier_i": "Other Fossil",
                "carrier_j": "Wind",
                "theta_deg": -58.13376139521392
              },
              {
                "carrier_i": "Other Renewables",
                "carrier_j": "Solar",
                "theta_deg": -109.01360768880716
              },
              {
                "carrier_i": "Other Renewables",
                "carrier_j": "Wind",
                "theta_deg": -130.50048253517693
              },
              {
                "carrier_i": "Solar",
                "carrier_j": "Wind",
                "theta_deg": -158.02789390554196
              }
            ]
          },
          "metric_tensor_diagonal": [
            8734.74992629587,
            6.149651283645158,
            27.527057560073356,
            30.006982768188653,
            32.15141639644128,
            118.31476810807405,
            108907.13580318059,
            199445613.47208333,
            213849.74197378248
          ],
          "higgins_scale": 0.2874464484383533,
          "metric_tensor": {
            "matrix": [
              [
                8734.74992629587,
                -28.970800519813494,
                -61.29360233667246,
                -63.99505480440428,
                -66.24228516390646,
                -127.07342316622707,
                -3855.346523883112,
                -164986.15271323317,
                -5402.435819181311
              ],
              [
                -28.970800519813494,
                6.149651283645158,
                -1.6263542667347226,
                -1.6980341579433362,
                -1.7576617951547564,
                -3.3717451100329625,
                -102.29712449298634,
                -4377.71518050868,
                -143.3473349636871
              ],
              [
                -61.29360233667246,
                -1.6263542667347226,
                27.527057560073356,
                -3.5925355379767523,
                -3.7186898940157787,
                -7.1336104024339475,
                -216.43030763233278,
                -9261.944047207182,
                -303.28035082347753
              ],
              [
                -63.99505480440428,
                -1.6980341579433362,
                -3.5925355379767523,
                30.006982768188653,
                -3.882587325524838,
                -7.44801694228195,
                -225.96925079044289,
                -9670.154702943952,
                -316.6471202890155
              ],
              [
                -66.24228516390646,
                -1.7576617951547564,
                -3.7186898940157787,
                -3.882587325524838,
                32.15141639644128,
                -7.709559179286655,
                -233.90431643328532,
                -10009.728835600885,
                -327.76640167938695
              ],
              [
                -127.07342316622707,
                -3.3717451100329625,
                -7.1336104024339475,
                -7.44801694228195,
                -7.709559179286655,
                118.31476810807405,
                -448.70164290058597,
                -19201.79089471625,
                -628.758481945765
              ],
              [
                -3855.346523883112,
                -102.29712449298634,
                -216.43030763233278,
                -225.96925079044289,
                -233.90431643328532,
                -448.70164290058597,
                108907.13580318059,
                -582573.0977706902,
                -19076.229846744915
              ],
              [
                -164986.15271323317,
                -4377.71518050868,
                -9261.944047207182,
                -9670.154702943952,
                -10009.728835600885,
                -19201.79089471625,
                -582573.0977706902,
                199445613.47208333,
                -816350.4243239366
              ],
              [
                -5402.435819181311,
                -143.3473349636871,
                -303.28035082347753,
                -316.6471202890155,
                -327.76640167938695,
                -628.758481945765,
                -19076.229846744915,
                -816350.4243239366,
                213849.74197378248
              ]
            ],
            "eigenvalues": [
              -1.0787763350955123e-08,
              13.269996231976778,
              32.154217903648295,
              35.15160727102125,
              112.11494986222604,
              8167.59717050637,
              103242.15084400302,
              214916.56224312662,
              199450800.24863383
            ],
            "trace": 199777319.24966273
          },
          "condition_number": 5694.911764705883
        }
      },
      {
        "label": "2001",
        "raw_values": [
          149.55,
          5890.67,
          2914.78,
          2563.72,
          2613.17,
          1285.24,
          44.15,
          1.36,
          38.19
        ],
        "index": 1,
        "coda_standard": {
          "ilr": [
            -2.597552685789829,
            -0.9252308354339402,
            -0.5430956133888565,
            -0.43776782979547924,
            0.2903542292834334,
            3.366433493539268,
            6.170760089420134,
            2.297746800530961
          ],
          "shannon_entropy": 1.5631992745609,
          "aitchison_distance_step": 0.3185318339332127,
          "clr": [
            -0.8012793749683151,
            2.872214862254319,
            2.1686394641940754,
            2.0403044476648824,
            2.059409162678865,
            1.3497905902736385,
            -2.0213172329943037,
            -5.5014254602963115,
            -2.166336458806848
          ],
          "composition": [
            0.009647870468871668,
            0.38002287619437153,
            0.18804025332837018,
            0.16539243382451133,
            0.16858258557767553,
            0.08291426975200683,
            0.0028482345784064467,
            8.773723729632543e-05,
            0.0024637390384901967
          ],
          "aitchison_norm": 7.928746815089648
        },
        "higgins_extensions": {
          "bearing_tensor": {
            "pairs": [
              {
                "carrier_i": "Bioenergy",
                "carrier_j": "Coal",
                "theta_deg": 105.58783320831392
              },
              {
                "carrier_i": "Bioenergy",
                "carrier_j": "Gas",
                "theta_deg": 110.2785063894325
              },
              {
                "carrier_i": "Bioenergy",
                "carrier_j": "Hydro",
                "theta_deg": 111.44119681528346
              },
              {
                "carrier_i": "Bioenergy",
                "carrier_j": "Nuclear",
                "theta_deg": 111.26012401940146
              },
              {
                "carrier_i": "Bioenergy",
                "carrier_j": "Other Fossil",
                "theta_deg": 120.69473891218298
              },
              {
                "carrier_i": "Bioenergy",
                "carrier_j": "Other Renewables",
                "theta_deg": -111.62409044052373
              },
              {
                "carrier_i": "Bioenergy",
                "carrier_j": "Solar",
                "theta_deg": -98.28682614285964
              },
              {
                "carrier_i": "Bioenergy",
                "carrier_j": "Wind",
                "theta_deg": -110.29830597490536
              },
              {
                "carrier_i": "Coal",
                "carrier_j": "Gas",
                "theta_deg": 37.05429417035747
              },
              {
                "carrier_i": "Coal",
                "carrier_j": "Hydro",
                "theta_deg": 35.388435150074585
              },
              {
                "carrier_i": "Coal",
                "carrier_j": "Nuclear",
                "theta_deg": 35.64093302852554
              },
              {
                "carrier_i": "Coal",
                "carrier_j": "Other Fossil",
                "theta_deg": 25.171067170526825
              },
              {
                "carrier_i": "Coal",
                "carrier_j": "Other Renewables",
                "theta_deg": -35.135914036816224
              },
              {
                "carrier_i": "Coal",
                "carrier_j": "Solar",
                "theta_deg": -62.43158814182007
              },
              {
                "carrier_i": "Coal",
                "carrier_j": "Wind",
                "theta_deg": -37.025022702795276
              },
              {
                "carrier_i": "Gas",
                "carrier_j": "Hydro",
                "theta_deg": 43.25353401781685
              },
              {
                "carrier_i": "Gas",
                "carrier_j": "Nuclear",
                "theta_deg": 43.52011080677105
              },
              {
                "carrier_i": "Gas",
                "carrier_j": "Other Fossil",
                "theta_deg": 31.898693846783505
              },
              {
                "carrier_i": "Gas",
                "carrier_j": "Other Renewables",
                "theta_deg": -42.9862641066113
              },
              {
                "carrier_i": "Gas",
                "carrier_j": "Solar",
                "theta_deg": -68.48584350039813
              },
              {
                "carrier_i": "Gas",
                "carrier_j": "Wind",
                "theta_deg": -44.96956096670114
              },
              {
                "carrier_i": "Hydro",
                "carrier_j": "Nuclear",
                "theta_deg": 45.266997092909556
              },
              {
                "carrier_i": "Hydro",
                "carrier_j": "Other Fossil",
                "theta_deg": 33.487159637814045
              },
              {
                "carrier_i": "Hydro",
                "carrier_j": "Other Renewables",
                "theta_deg": -44.7321564079059
              },
              {
                "carrier_i": "Hydro",
                "carrier_j": "Solar",
                "theta_deg": -69.65177810248171
              },
              {
                "carrier_i": "Hydro",
                "carrier_j": "Wind",
                "theta_deg": -46.716082511370836
              },
              {
                "carrier_i": "Nuclear",
                "carrier_j": "Other Fossil",
                "theta_deg": 33.24188110202978
              },
              {
                "carrier_i": "Nuclear",
                "carrier_j": "Other Renewables",
                "theta_deg": -44.465182615675495
              },
              {
                "carrier_i": "Nuclear",
                "carrier_j": "Solar",
                "theta_deg": -69.47706428574868
              },
              {
                "carrier_i": "Nuclear",
                "carrier_j": "Wind",
                "theta_deg": -46.449489930823916
              },
              {
                "carrier_i": "Other Fossil",
                "carrier_j": "Other Renewables",
                "theta_deg": -56.26588413627327
              },
              {
                "carrier_i": "Other Fossil",
                "carrier_j": "Solar",
                "theta_deg": -76.21462713812014
              },
              {
                "carrier_i": "Other Fossil",
                "carrier_j": "Wind",
                "theta_deg": -58.07398868003812
              },
              {
                "carrier_i": "Other Renewables",
                "carrier_j": "Solar",
                "theta_deg": -110.17419020882838
              },
              {
                "carrier_i": "Other Renewables",
                "carrier_j": "Wind",
                "theta_deg": -133.01662910341358
              },
              {
                "carrier_i": "Solar",
                "carrier_j": "Wind",
                "theta_deg": -158.506605807163
              }
            ]
          },
          "metric_tensor_diagonal": [
            9549.58611615621,
            6.154999137263306,
            25.138874065612857,
            32.494974566190905,
            31.27678154560625,
            129.29713961198158,
            109571.08656350017,
            115472765.61365819,
            146439.4427025731
          ],
          "higgins_scale": 0.28855735063002663,
          "angular_velocity_deg": 1.484794434422427,
          "helmsman_delta": 0.22997858311347574,
          "metric_tensor": {
            "matrix": [
              [
                9549.58611615621,
                -30.305139391426643,
                -61.2456430532991,
                -69.63224355970823,
                -68.31456639211959,
                -138.89824115254362,
                -4043.4331927269573,
                -131262.92313154056,
                -4674.458639929175
              ],
              [
                -30.305139391426643,
                6.154999137263306,
                -1.5548801611057623,
                -1.7677958575772137,
                -1.7343431908325346,
                -3.5262936074101763,
                -102.65308258183137,
                -3332.451173520481,
                -118.67330704341072
              ],
              [
                -61.2456430532991,
                -1.5548801611057623,
                25.138874065612857,
                -3.5726545483207532,
                -3.505047860881948,
                -7.126517941101181,
                -207.45834470262471,
                -6734.769057809472,
                -239.83466663055466
              ],
              [
                -69.63224355970823,
                -1.7677958575772137,
                -3.5726545483207532,
                32.494974566190905,
                -3.9850074906547857,
                -8.102379341099224,
                -235.8664105176527,
                -7656.986782613505,
                -272.6761462255661
              ],
              [
                -68.31456639211959,
                -1.7343431908325346,
                -3.505047860881948,
                -3.9850074906547857,
                31.27678154560625,
                -7.949054965564009,
                -231.40302160682867,
                -7512.09073819227,
                -267.51619282381483
              ],
              [
                -138.89824115254362,
                -3.5262936074101763,
                -7.126517941101181,
                -8.102379341099224,
                -7.949054965564009,
                129.29713961198158,
                -470.49223022339527,
                -15273.69997379625,
                -543.9180928086647
              ],
              [
                -4043.4331927269573,
                -102.65308258183137,
                -207.45834470262471,
                -235.8664105176527,
                -231.40302160682867,
                -470.49223022339527,
                109571.08656350017,
                -444628.99556787976,
                -15833.86839414288
              ],
              [
                -131262.92313154056,
                -3332.451173520481,
                -6734.769057809472,
                -7656.986782613505,
                -7512.09073819227,
                -15273.69997379625,
                -444628.99556787976,
                115472765.61365819,
                -514018.59529515303
              ],
              [
                -4674.458639929175,
                -118.67330704341072,
                -239.83466663055466,
                -272.6761462255661,
                -267.51619282381483,
                -543.9180928086647,
                -15833.86839414288,
                -514018.59529515303,
                146439.4427025731
              ]
            ],
            "eigenvalues": [
              6.091193352701088e-09,
              13.114094271063465,
              30.920026130913847,
              35.908221650344124,
              121.93280046042449,
              8920.313572425934,
              101001.84540127164,
              151503.79620676872,
              115476922.2614863
            ],
            "trace": 115738550.09180935
          },
          "condition_number": 4331.375,
          "helmsman": "Solar"
        }
      },
      {
        "label": "2002",
        "raw_values": [
          162.81,
          6144.3,
          3104.81,
          2611.58,
          2654.78,
          1271.84,
          45.83,
          1.72,
          52.22
        ],
        "index": 2,
        "coda_standard": {
          "ilr": [
            -2.5672899211379416,
            -0.9249075771428676,
            -0.5041885193039974,
            -0.40521706598289153,
            0.3409207368810808,
            3.364891005790512,
            5.984685890684491,
            2.060056395337443
          ],
          "shannon_entropy": 1.5622569497578944,
          "aitchison_distance_step": 0.3117193300558329,
          "clr": [
            -0.8051214822206552,
            2.8255747427963755,
            2.143002441904808,
            1.9700053221784728,
            1.9864117087551318,
            1.2505145908607238,
            -2.072766460443046,
            -5.355381068138716,
            -1.9422397956930952
          ],
          "composition": [
            0.010143994756350356,
            0.3828250536296511,
            0.19344743172694642,
            0.162716379987651,
            0.16540798721985012,
            0.07924291069907644,
            0.002855471283603813,
            0.0001071658435042234,
            0.0032536048533665964
          ],
          "aitchison_norm": 7.7047942536325165
        },
        "higgins_extensions": {
          "bearing_tensor": {
            "pairs": [
              {
                "carrier_i": "Bioenergy",
                "carrier_j": "Coal",
                "theta_deg": 105.90441392987927
              },
              {
                "carrier_i": "Bioenergy",
                "carrier_j": "Gas",
                "theta_deg": 110.59109321012821
              },
              {
                "carrier_i": "Bioenergy",
                "carrier_j": "Hydro",
                "theta_deg": 112.22934377251016
              },
              {
                "carrier_i": "Bioenergy",
                "carrier_j": "Nuclear",
                "theta_deg": 112.06342646574537
              },
              {
                "carrier_i": "Bioenergy",
                "carrier_j": "Other Fossil",
                "theta_deg": 122.7747364153427
              },
              {
                "carrier_i": "Bioenergy",
                "carrier_j": "Other Renewables",
                "theta_deg": -111.2275868170336
              },
              {
                "carrier_i": "Bioenergy",
                "carrier_j": "Solar",
                "theta_deg": -98.5497484725312
              },
              {
                "carrier_i": "Bioenergy",
                "carrier_j": "Wind",
                "theta_deg": -112.51559498440199
              },
              {
                "carrier_i": "Coal",
                "carrier_j": "Gas",
                "theta_deg": 37.17779412017024
              },
              {
                "carrier_i": "Coal",
                "carrier_j": "Hydro",
                "theta_deg": 34.884407957537924
              },
              {
                "carrier_i": "Coal",
                "carrier_j": "Nuclear",
                "theta_deg": 35.10766159418527
              },
              {
                "carrier_i": "Coal",
                "carrier_j": "Other Fossil",
                "theta_deg": 23.8727435621111
              },
              {
                "carrier_i": "Coal",
                "carrier_j": "Other Renewables",
                "theta_deg": -36.26278117375217
              },
              {
                "carrier_i": "Coal",
                "carrier_j": "Solar",
                "theta_deg": -62.18323751273077
              },
              {
                "carrier_i": "Coal",
                "carrier_j": "Wind",
                "theta_deg": -34.503802025632474
              },
              {
                "carrier_i": "Gas",
                "carrier_j": "Hydro",
                "theta_deg": 42.59150325040642
              },
              {
                "carrier_i": "Gas",
                "carrier_j": "Nuclear",
                "theta_deg": 42.82833812181723
              },
              {
                "carrier_i": "Gas",
                "carrier_j": "Other Fossil",
                "theta_deg": 30.265010839661386
              },
              {
                "carrier_i": "Gas",
                "carrier_j": "Other Renewables",
                "theta_deg": -44.04552333535934
              },
              {
                "carrier_i": "Gas",
                "carrier_j": "Solar",
                "theta_deg": -68.19075122053712
              },
              {
                "carrier_i": "Gas",
                "carrier_j": "Wind",
                "theta_deg": -42.18655468540222
              },
              {
                "carrier_i": "Hydro",
                "carrier_j": "Nuclear",
                "theta_deg": 45.237591566435846
              },
              {
                "carrier_i": "Hydro",
                "carrier_j": "Other Fossil",
                "theta_deg": 32.4064518178958
              },
              {
                "carrier_i": "Hydro",
                "carrier_j": "Other Renewables",
                "theta_deg": -46.45605844159262
              },
              {
                "carrier_i": "Hydro",
                "carrier_j": "Solar",
                "theta_deg": -69.80368690713954
              },
              {
                "carrier_i": "Hydro",
                "carrier_j": "Wind",
                "theta_deg": -44.59337395105065
              },
              {
                "carrier_i": "Nuclear",
                "carrier_j": "Other Fossil",
                "theta_deg": 32.19182829777252
              },
              {
                "carrier_i": "Nuclear",
                "carrier_j": "Other Renewables",
                "theta_deg": -46.218723689378336
              },
              {
                "carrier_i": "Nuclear",
                "carrier_j": "Solar",
                "theta_deg": -69.64923405732817
              },
              {
                "carrier_i": "Nuclear",
                "carrier_j": "Wind",
                "theta_deg": -44.35582029899353
              },
              {
                "carrier_i": "Other Fossil",
                "carrier_j": "Other Renewables",
                "theta_deg": -58.89712374410878
              },
              {
                "carrier_i": "Other Fossil",
                "carrier_j": "Solar",
                "theta_deg": -76.85658585864275
              },
              {
                "carrier_i": "Other Fossil",
                "carrier_j": "Wind",
                "theta_deg": -57.224467110522674
              },
              {
                "carrier_i": "Other Renewables",
                "carrier_j": "Solar",
                "theta_deg": -111.15861472517615
              },
              {
                "carrier_i": "Other Renewables",
                "carrier_j": "Wind",
                "theta_deg": -136.86201303910025
              },
              {
                "carrier_i": "Solar",
                "carrier_j": "Wind",
                "theta_deg": -160.06577540819043
              }
            ]
          },
          "metric_tensor_diagonal": [
            8638.323129785946,
            6.065223004026856,
            23.753168034473862,
            33.57259643679438,
            32.48886381624948,
            141.55546436583086,
            109016.41183882131,
            77398884.9865092,
            83968.78383168728
          ],
          "higgins_scale": 0.2889862211299862,
          "angular_velocity_deg": 1.5895282293204118,
          "helmsman_delta": 0.22409666311375265,
          "metric_tensor": {
            "matrix": [
              [
                8638.323129785946,
                -28.611993814601536,
                -56.62203922141974,
                -67.31582934279487,
                -66.22043016560929,
                -138.2254635764375,
                -3835.9300369857356,
                -102209.6939506141,
                -3366.5391343365804
              ],
              [
                -28.611993814601536,
                6.065223004026856,
                -1.5003554848622866,
                -1.7837166439302172,
                -1.7546910527257538,
                -3.6626609581042247,
                -101.64343689625304,
                -2708.324833113533,
                -89.20564367972571
              ],
              [
                -56.62203922141974,
                -1.5003554848622866,
                23.753168034473862,
                -3.5299068784564707,
                -3.4724663458513882,
                -7.248265666781474,
                -201.14846619330896,
                -5359.67104979032,
                -176.53455008884237
              ],
              [
                -67.31582934279487,
                -1.7837166439302172,
                -3.5299068784564707,
                33.57259643679438,
                -4.128285649018161,
                -8.61719255197229,
                -239.13790476326497,
                -6371.912892616531,
                -209.8753384776031
              ],
              [
                -66.22043016560929,
                -1.7546910527257538,
                -3.4724663458513882,
                -4.128285649018161,
                32.48886381624948,
                -8.476968986085396,
                -235.24652488027164,
                -6268.225718176075,
                -206.46013472353218
              ],
              [
                -138.2254635764375,
                -3.6626609581042247,
                -7.248265666781474,
                -8.61719255197229,
                -8.476968986085396,
                141.55546436583086,
                -491.04271710407573,
                -13084.004491209178,
                -430.9553375120603
              ],
              [
                -3835.9300369857356,
                -101.64343689625304,
                -201.14846619330896,
                -239.13790476326497,
                -235.24652488027164,
                -491.04271710407573,
                109016.41183882131,
                -363097.5403032835,
                -11959.551308342543
              ],
              [
                -102209.6939506141,
                -2708.324833113533,
                -5359.67104979032,
                -6371.912892616531,
                -6268.225718176075,
                -13084.004491209178,
                -363097.5403032835,
                77398884.9865092,
                -318666.41654729
              ],
              [
                -3366.5391343365804,
                -89.20564367972571,
                -176.53455008884237,
                -209.8753384776031,
                -206.46013472353218,
                -430.9553375120603,
                -11959.551308342543,
                -318666.41654729,
                83968.78383168728
              ]
            ],
            "eigenvalues": [
              2.7699368342379823e-09,
              12.978100072948871,
              30.467957685991863,
              37.18188122999112,
              132.99180492018797,
              8062.504454022112,
              77137.09790027552,
              113290.49065674203,
              77402042.2278702
            ],
            "trace": 77600745.94062515
          },
          "condition_number": 3572.267441860465,
          "helmsman": "Wind"
        }
      },
      {
        "label": "2003",
        "raw_values": [
          176.37,
          6574.95,
          3255.5,
          2611.97,
          2601.05,
          1296.25,
          46.61,
          2.11,
          63.2
        ],
        "index": 3,
        "coda_standard": {
