{
  "metadata": {
    "_function": "provenance",
    "_description": "Identity, schema version, run-time provenance.",
    "schema_version": "2.0.0",
    "engine_version": "cnt 2.0.3",
    "engine_implementation": "python",
    "generated": "2026-05-05T17:04:34.686348+00:00",
    "wall_clock_ms": 58,
    "mathematical_lineage": {
      "Aitchison_1986": "CLR transform, simplex geometry, Aitchison distance",
      "Shannon_1948": "Entropy H = -sum x_j ln x_j",
      "Egozcue_2003": "ILR, Helmert basis, orthonormal coordinates",
      "Higgins_2026": "CNT tensor decomposition, recursive depth sounder, metric dual involution"
    },
    "engine_config": {
      "_description": "Active values from the USER CONFIGURATION block at top of cnt.py. Two runs with identical config and input produce identical content_sha256. Two runs with different config produce different content_sha256 - that is correct.",
      "DEFAULT_DELTA": 1e-15,
      "DEGEN_THRESHOLD": 0.0001,
      "LOCK_CLR_THRESHOLD": -10.0,
      "DEPTH_MAX_LEVELS": 50,
      "DEPTH_PRECISION_TARGET": 0.01,
      "NOISE_FLOOR_OMEGA_VAR": 1e-06,
      "TRIADIC_T_LIMIT": 500,
      "TRIADIC_K_DEFAULT": 500,
      "EITT_GATE_PCT": 5.0,
      "EITT_M_SWEEP_BASE": [
        2,
        4,
        8,
        16,
        32,
        64,
        128
      ]
    },
    "environment": {
      "git_sha": "unknown",
      "language_version": "python 3.10.12",
      "numerical_lib": "numpy 2.2.6",
      "platform": "Linux-6.8.0-106-generic-x86_64-with-glibc2.35",
      "hostname_hash": "c857d09db23e6822e3600bc06ad8d58f92ed62bc8efd81c753f77048662cb97d"
    }
  },
  "input": {
    "_function": "provenance",
    "_description": "Source data identity, hashes, and ordering declaration.",
    "source_file": "ember_JPN_Japan_generation_TWh.csv",
    "source_file_sha256": "e7643dca648ecadc9668287719d669d437413df919f03a807b0743ade69e0044",
    "closed_data_sha256": "02f7db429142fc17907874ac6860e92bf556447bc54c25731e8bb165fe37b7b2",
    "n_records": 26,
    "n_carriers": 8,
    "carriers": [
      "Bioenergy",
      "Coal",
      "Gas",
      "Hydro",
      "Nuclear",
      "Other Fossil",
      "Solar",
      "Wind"
    ],
    "labels": [
      "2000",
      "2001",
      "2002",
      "2003",
      "2004",
      "2005",
      "2006",
      "2007",
      "2008",
      "2009",
      "2010",
      "2011",
      "2012",
      "2013",
      "2014",
      "2015",
      "2016",
      "2017",
      "2018",
      "2019",
      "2020",
      "2021",
      "2022",
      "2023",
      "2024",
      "2025"
    ],
    "zero_replacement": {
      "method": "multiplicative",
      "delta": 1e-15,
      "applied": true,
      "n_replacements": 1
    },
    "ordering": {
      "is_temporal": true,
      "ordering_method": "by-time",
      "caveat": null
    }
  },
  "tensor": {
    "_function": "composer",
    "_description": "Per-record compositional state. coda_standard fields follow Aitchison/Egozcue/Shannon. higgins_extensions are HUF-framework readings of the same simplex; see schema \u00a78 for the mapping.",
    "helmert_basis": {
      "D": 8,
      "dim": 7,
      "coefficients": [
        [
          0.7071067811865476,
          -0.7071067811865476,
          0.0,
          0.0,
          0.0,
          0.0,
          0.0,
          0.0
        ],
        [
          0.408248290463863,
          0.408248290463863,
          -0.816496580927726,
          0.0,
          0.0,
          0.0,
          0.0,
          0.0
        ],
        [
          0.28867513459481287,
          0.28867513459481287,
          0.28867513459481287,
          -0.8660254037844386,
          0.0,
          0.0,
          0.0,
          0.0
        ],
        [
          0.22360679774997896,
          0.22360679774997896,
          0.22360679774997896,
          0.22360679774997896,
          -0.8944271909999159,
          0.0,
          0.0,
          0.0
        ],
        [
          0.18257418583505539,
          0.18257418583505539,
          0.18257418583505539,
          0.18257418583505539,
          0.18257418583505539,
          -0.9128709291752769,
          0.0,
          0.0
        ],
        [
          0.1543033499620919,
          0.1543033499620919,
          0.1543033499620919,
          0.1543033499620919,
          0.1543033499620919,
          0.1543033499620919,
          -0.9258200997725514,
          0.0
        ],
        [
          0.1336306209562122,
          0.1336306209562122,
          0.1336306209562122,
          0.1336306209562122,
          0.1336306209562122,
          0.1336306209562122,
          0.1336306209562122,
          -0.9354143466934853
        ]
      ]
    },
    "timesteps": [
      {
        "label": "2000",
        "index": 0,
        "raw_values": [
          16.11,
          238.24,
          258.5,
          84.47,
          319.12,
          182.78,
          0.34,
          0.11
        ],
        "coda_standard": {
          "ilr": [
            -1.904831380082701,
            -1.1663950135696837,
            0.14388294288966186,
            -1.0773952261423558,
            -0.3709611886473183,
            5.5071975538619355,
            5.824955571599392
          ],
          "aitchison_norm": 8.400433750744615,
          "shannon_entropy": 1.5914312542275346,
          "composition": [
            0.01464984950030464,
            0.21664681222548587,
            0.23507052115634694,
            0.07681395327689217,
            0.29019614975401714,
            0.1662135004137605,
            0.00030918366419016623,
            0.00010003000900270082
          ],
          "clr": [
            -0.4620319001476201,
            2.2318064715991954,
            2.3134235966119805,
            1.1949243444029016,
            2.5240951102606477,
            1.9668111465075522,
            -4.3202817587084335,
            -5.4487470105262235
          ]
        },
        "higgins_extensions": {
          "bearing_tensor": {
            "pairs": [
              {
                "carrier_i": "Bioenergy",
                "carrier_j": "Coal",
                "theta_deg": 101.69623356981869
              },
              {
                "carrier_i": "Bioenergy",
                "carrier_j": "Gas",
                "theta_deg": 101.29438533106124
              },
              {
                "carrier_i": "Bioenergy",
                "carrier_j": "Hydro",
                "theta_deg": 111.13959484489283
              },
              {
                "carrier_i": "Bioenergy",
                "carrier_j": "Nuclear",
                "theta_deg": 100.37306963520652
              },
              {
                "carrier_i": "Bioenergy",
                "carrier_j": "Other Fossil",
                "theta_deg": 103.21989331631525
              },
              {
                "carrier_i": "Bioenergy",
                "carrier_j": "Solar",
                "theta_deg": -96.10428731845478
              },
              {
                "carrier_i": "Bioenergy",
                "carrier_j": "Wind",
                "theta_deg": -94.84685768669387
              },
              {
                "carrier_i": "Coal",
                "carrier_j": "Gas",
                "theta_deg": 46.02872994623044
              },
              {
                "carrier_i": "Coal",
                "carrier_j": "Hydro",
                "theta_deg": 28.1648989995959
              },
              {
                "carrier_i": "Coal",
                "carrier_j": "Nuclear",
                "theta_deg": 48.516865912023505
              },
              {
                "carrier_i": "Coal",
                "carrier_j": "Other Fossil",
                "theta_deg": 41.38857296599733
              },
              {
                "carrier_i": "Coal",
                "carrier_j": "Solar",
                "theta_deg": -62.679658462499916
              },
              {
                "carrier_i": "Coal",
                "carrier_j": "Wind",
                "theta_deg": -67.72599649369693
              },
              {
                "carrier_i": "Gas",
                "carrier_j": "Hydro",
                "theta_deg": 27.317156218299722
              },
              {
                "carrier_i": "Gas",
                "carrier_j": "Nuclear",
                "theta_deg": 47.49362682356655
              },
              {
                "carrier_i": "Gas",
                "carrier_j": "Other Fossil",
                "theta_deg": 40.37030307255821
              },
              {
                "carrier_i": "Gas",
                "carrier_j": "Solar",
                "theta_deg": -61.83185018921202
              },
              {
                "carrier_i": "Gas",
                "carrier_j": "Wind",
                "theta_deg": -66.99494188157249
              },
              {
                "carrier_i": "Hydro",
                "carrier_j": "Nuclear",
                "theta_deg": 64.66679682094748
              },
              {
                "carrier_i": "Hydro",
                "carrier_j": "Other Fossil",
                "theta_deg": 58.719477210445284
              },
              {
                "carrier_i": "Hydro",
                "carrier_j": "Solar",
                "theta_deg": -74.53936381580736
              },
              {
                "carrier_i": "Hydro",
                "carrier_j": "Wind",
                "theta_deg": -77.63070085296508
              },
              {
                "carrier_i": "Nuclear",
                "carrier_j": "Other Fossil",
                "theta_deg": 37.92623334761702
              },
              {
                "carrier_i": "Nuclear",
                "carrier_j": "Solar",
                "theta_deg": -59.70468346192051
              },
              {
                "carrier_i": "Nuclear",
                "carrier_j": "Wind",
                "theta_deg": -65.14438897888508
              },
              {
                "carrier_i": "Other Fossil",
                "carrier_j": "Solar",
                "theta_deg": -65.52256726712979
              },
              {
                "carrier_i": "Other Fossil",
                "carrier_j": "Wind",
                "theta_deg": -70.15215289329545
              },
              {
                "carrier_i": "Solar",
                "carrier_j": "Wind",
                "theta_deg": -128.41070688596477
              }
            ]
          },
          "metric_tensor_diagonal": [
            4077.0095309501203,
            18.642469736222314,
            15.834768288818465,
            148.29544760210632,
            10.3902204222914,
            31.67199801855085,
            9153242.606293248,
            87447507.87499997
          ],
          "metric_tensor": {
            "matrix": [
              [
                4077.0095309501203,
                -39.38442839370049,
                -36.297664295996924,
                -111.0802204393892,
                -29.402563990082747,
                -51.334643946357396,
                -27596.90064857413,
                -85299.51109559278
              ],
              [
                -39.38442839370049,
                18.642469736222314,
                -2.454480237611276,
                -7.511342978838817,
                -1.9882274424119921,
                -3.4712941318662596,
                -1866.1268865368083,
                -5768.028558386499
              ],
              [
                -36.297664295996924,
                -2.454480237611276,
                15.834768288818465,
                -6.922639656783598,
                -1.8323996359003214,
                -3.1992306149934917,
                -1719.8687406132658,
                -5315.957925531913
              ],
              [
                -111.0802204393892,
                -7.511342978838817,
                -6.922639656783598,
                148.29544760210632,
                -5.607615791171221,
                -9.790471338650619,
                -5263.242209642823,
                -16268.203193441455
              ],
              [
                -29.402563990082747,
                -1.9882274424119921,
                -1.8323996359003214,
                -5.607615791171221,
                10.3902204222914,
                -2.5915051202551322,
                -1393.1626643536265,
                -4306.139144365755
              ],
              [
                -51.334643946357396,
                -3.4712941318662596,
                -3.1992306149934917,
                -9.790471338650619,
                -2.5915051202551322,
                31.67199801855085,
                -2432.3562175759344,
                -7518.191945234707
              ],
              [
                -27596.90064857413,
                -1866.1268865368083,
                -1719.8687406132658,
                -5263.242209642823,
                -1393.1626643536265,
                -2432.3562175759344,
                9153242.606293248,
                -4041691.540441175
              ],
              [
                -85299.51109559278,
                -5768.028558386499,
                -5315.957925531913,
                -16268.203193441455,
                -4306.139144365755,
                -7518.191945234707,
                -4041691.540441175,
                87447507.87499997
              ]
            ],
            "eigenvalues": [
              -1.8414089726300476e-09,
              14.129826695344521,
              19.77672566698067,
              31.55145608762796,
              139.94766289268026,
              3891.537050250398,
              8945276.65321971,
              87655678.72978698
            ],
            "trace": 96605052.32572824
          },
          "condition_number": 2901.090909090909,
          "higgins_scale": 0.2346833405367441
        }
      },
      {
        "label": "2001",
        "index": 1,
        "raw_values": [
          16.03,
          253.91,
          256.52,
          81.54,
          320.54,
          153.85,
          0.5,
          0.25
        ],
        "coda_standard": {
          "ilr": [
            -1.9533951451171658,
            -1.136143328062218,
            0.18918826727969873,
            -1.0778487440793878,
            -0.20998610477181745,
            5.126668690612583,
            5.088205139922713
          ],
          "aitchison_norm": 7.649887707927347,
          "aitchison_distance_step": 0.8478459611375836,
          "shannon_entropy": 1.5812879527362609,
          "composition": [
            0.014799564229924112,
            0.23442029654522964,
            0.2368299573462341,
            0.07528112709345054,
            0.29593589009730975,
            0.14204073342319554,
            0.0004616208431043079,
            0.00023081042155215394
          ],
          "clr": [
            -0.5988237590618875,
            2.1636941478365683,
            2.1739209085973132,
            1.0278079717077588,
            2.396721347882081,
            1.662692376084702,
            -4.0664329062432945,
            -4.759580086803239
          ]
        },
        "higgins_extensions": {
          "bearing_tensor": {
            "pairs": [
              {
                "carrier_i": "Bioenergy",
                "carrier_j": "Coal",
                "theta_deg": 105.46995393795066
              },
              {
                "carrier_i": "Bioenergy",
                "carrier_j": "Gas",
                "theta_deg": 105.4006412832171
              },
              {
                "carrier_i": "Bioenergy",
                "carrier_j": "Hydro",
                "theta_deg": 120.22602811003102
              },
              {
                "carrier_i": "Bioenergy",
                "carrier_j": "Nuclear",
                "theta_deg": 104.02822030182321
              },
              {
                "carrier_i": "Bioenergy",
                "carrier_j": "Other Fossil",
                "theta_deg": 109.80663987865314
              },
              {
                "carrier_i": "Bioenergy",
                "carrier_j": "Solar",
                "theta_deg": -98.37718007224517
              },
              {
                "carrier_i": "Bioenergy",
                "carrier_j": "Wind",
                "theta_deg": -97.170956092542
              },
              {
                "carrier_i": "Coal",
                "carrier_j": "Gas",
                "theta_deg": 45.13508555654464
              },
              {
                "carrier_i": "Coal",
                "carrier_j": "Hydro",
                "theta_deg": 25.408868635736464
              },
              {
                "carrier_i": "Coal",
                "carrier_j": "Nuclear",
                "theta_deg": 47.92514423064241
              },
              {
                "carrier_i": "Coal",
                "carrier_j": "Other Fossil",
                "theta_deg": 37.54050344579321
              },
              {
                "carrier_i": "Coal",
                "carrier_j": "Solar",
                "theta_deg": -61.98315885388328
              },
              {
                "carrier_i": "Coal",
                "carrier_j": "Wind",
                "theta_deg": -65.55356452600348
              },
              {
                "carrier_i": "Gas",
                "carrier_j": "Hydro",
                "theta_deg": 25.30431406542353
              },
              {
                "carrier_i": "Gas",
                "carrier_j": "Nuclear",
                "theta_deg": 47.790729945166895
              },
              {
                "carrier_i": "Gas",
                "carrier_j": "Other Fossil",
                "theta_deg": 37.41005068471362
              },
              {
                "carrier_i": "Gas",
                "carrier_j": "Solar",
                "theta_deg": -61.87097562615593
              },
              {
                "carrier_i": "Gas",
                "carrier_j": "Wind",
                "theta_deg": -65.45162194240964
              },
              {
                "carrier_i": "Hydro",
                "carrier_j": "Nuclear",
                "theta_deg": 66.78845114519258
              },
              {
                "carrier_i": "Hydro",
                "carrier_j": "Other Fossil",
                "theta_deg": 58.277350060699035
              },
              {
                "carrier_i": "Hydro",
                "carrier_j": "Solar",
                "theta_deg": -75.81533192771926
              },
              {
                "carrier_i": "Hydro",
                "carrier_j": "Wind",
                "theta_deg": -77.8143724542429
              },
              {
                "carrier_i": "Nuclear",
                "carrier_j": "Other Fossil",
                "theta_deg": 34.75044568740228
              },
              {
                "carrier_i": "Nuclear",
                "carrier_j": "Solar",
                "theta_deg": -59.48526023837378
              },
              {
                "carrier_i": "Nuclear",
                "carrier_j": "Wind",
                "theta_deg": -63.272125841642236
              },
              {
                "carrier_i": "Other Fossil",
                "carrier_j": "Solar",
                "theta_deg": -67.76121674441974
              },
              {
                "carrier_i": "Other Fossil",
                "carrier_j": "Wind",
                "theta_deg": -70.74385649924328
              },
              {
                "carrier_i": "Solar",
                "carrier_j": "Wind",
                "theta_deg": -130.5095171168081
              }
            ]
          },
          "angular_velocity_deg": 2.818940681527431,
          "metric_tensor_diagonal": [
            3994.9394135450166,
            15.92273367163687,
            15.600365714162782,
            154.39592287242945,
            9.99108783002667,
            43.3692828558389,
            4106172.9085999997,
            16424691.634399999
          ],
          "metric_tensor": {
            "matrix": [
              [
                3994.9394135450166,
                -36.030133736434514,
                -35.66353990729023,
                -112.19537965437928,
                -28.54062287707645,
                -59.4631865909528,
                -18296.82251403618,
                -36593.64502807236
              ],
              [
                -36.030133736434514,
                15.92273367163687,
                -2.2515322150126518,
                -7.083186703397661,
                -1.8018439002777977,
                -3.754065933019469,
                -1155.1260875900907,
                -2310.2521751801814
              ],
              [
                -35.66353990729023,
                -2.2515322150126518,
                15.600365714162782,
                -7.011117791438096,
                -1.7835107777932933,
                -3.7158696438990084,
                -1143.3730894277248,
                -2286.7461788554497
              ],
              [
                -112.19537965437928,
                -7.083186703397661,
                -7.011117791438096,
                154.39592287242945,
                -5.610819042427465,
                -11.689905335454664,
                -3596.9838717194007,
                -7193.967743438801
              ],
              [
                -28.54062287707645,
                -1.8018439002777977,
                -1.7835107777932933,
                -5.610819042427465,
                9.99108783002667,
                -2.973715857780537,
                -915.0123694390713,
                -1830.0247388781427
              ],
              [
                -59.4631865909528,
                -3.754065933019469,
                -3.7158696438990084,
                -11.689905335454664,
                -2.973715857780537,
                43.3692828558389,
                -1906.389762105947,
                -3812.779524211894
              ],
              [
                -18296.82251403618,
                -1155.1260875900907,
                -1143.3730894277248,
                -3596.9838717194007,
                -915.0123694390713,
                -1906.389762105947,
                4106172.9085999997,
                -1173192.2596
              ],
              [
                -36593.64502807236,
                -2310.2521751801814,
                -2286.7461788554497,
                -7193.967743438801,
                -1830.0247388781427,
                -3812.779524211894,
                -1173192.2596,
                16424691.634399999
              ]
            ],
            "eigenvalues": [
              4.7244403198043994e-11,
              13.507365879581421,
              18.015122824296594,
              40.80697520605514,
              146.26397456095788,
              3813.8701857375636,
              3995560.2849343307,
              16535506.013247956
            ],
            "trace": 20535098.761806484
          },
          "condition_number": 1282.1600000000003,
          "higgins_scale": 0.23956123745664493,
          "helmsman_delta": 0.6891669237229845,
          "helmsman": "Wind"
        }
      },
      {
        "label": "2002",
        "index": 2,
        "raw_values": [
          16.94,
          264.42,
          252.76,
          80.6,
          314.26,
          172.99,
          0.69,
          0.41
        ],
        "coda_standard": {
          "ilr": [
            -1.9430311884769687,
            -1.0849869505821803,
            0.22261497968289257,
            -1.0446299516233482,
            -0.3079648165290032,
            4.854227860546584,
            4.6908000241446235
          ],
          "aitchison_norm": 7.194119220875983,
          "aitchison_distance_step": 0.49668891644538343,
          "shannon_entropy": 1.591126815394391,
          "composition": [
            0.015357139619425784,
            0.23971280154477956,
            0.22914230284569426,
            0.07306879889762208,
            0.2848957908382967,
            0.15682594939577724,
            0.0006255269384535884,
            0.00037168991995068304
          ],
          "clr": [
            -0.6665658315473353,
            2.081295227310707,
            2.036196901134011,
            0.8932551287413388,
            2.2539771479907422,
            1.6569902685876425,
            -3.867307202162076,
            -4.3878416400550275
          ]
        },
        "higgins_extensions": {
          "bearing_tensor": {
            "pairs": [
              {
                "carrier_i": "Bioenergy",
                "carrier_j": "Coal",
                "theta_deg": 107.75843898455862
              },
              {
                "carrier_i": "Bioenergy",
                "carrier_j": "Gas",
                "theta_deg": 108.12628559054353
              },
              {
                "carrier_i": "Bioenergy",
                "carrier_j": "Hydro",
                "theta_deg": 126.73107677968953
              },
              {
                "carrier_i": "Bioenergy",
                "carrier_j": "Nuclear",
                "theta_deg": 106.4744628563079
              },
              {
                "carrier_i": "Bioenergy",
                "carrier_j": "Other Fossil",
                "theta_deg": 111.91369225877577
              },
              {
                "carrier_i": "Bioenergy",
                "carrier_j": "Solar",
                "theta_deg": -99.77936727707926
              },
              {
                "carrier_i": "Bioenergy",
                "carrier_j": "Wind",
                "theta_deg": -98.63787475993838
              },
              {
                "carrier_i": "Coal",
                "carrier_j": "Gas",
                "theta_deg": 44.372472283592856
              },
              {
                "carrier_i": "Coal",
                "carrier_j": "Hydro",
                "theta_deg": 23.228154541844006
              },
              {
                "carrier_i": "Coal",
                "carrier_j": "Nuclear",
                "theta_deg": 47.28099110571007
              },
              {
                "carrier_i": "Coal",
                "carrier_j": "Other Fossil",
                "theta_deg": 38.524495296751596
              },
              {
                "carrier_i": "Coal",
                "carrier_j": "Solar",
                "theta_deg": -61.71189062815559
              },
              {
                "carrier_i": "Coal",
                "carrier_j": "Wind",
                "theta_deg": -64.62350150956833
              },
              {
                "carrier_i": "Gas",
                "carrier_j": "Hydro",
                "theta_deg": 23.68648435763463
              },
              {
                "carrier_i": "Gas",
                "carrier_j": "Nuclear",
                "theta_deg": 47.90598646354285
              },
              {
                "carrier_i": "Gas",
                "carrier_j": "Other Fossil",
                "theta_deg": 39.13756603407742
              },
              {
                "carrier_i": "Gas",
                "carrier_j": "Solar",
                "theta_deg": -62.2325029806686
              },
              {
                "carrier_i": "Gas",
                "carrier_j": "Wind",
                "theta_deg": -65.10613863265455
              },
              {
                "carrier_i": "Hydro",
                "carrier_j": "Nuclear",
                "theta_deg": 68.38148958933941
              },
              {
                "carrier_i": "Hydro",
                "carrier_j": "Other Fossil",
                "theta_deg": 61.671651893292825
              },
              {
                "carrier_i": "Hydro",
                "carrier_j": "Solar",
                "theta_deg": -76.99413599482159
              },
              {
                "carrier_i": "Hydro",
                "carrier_j": "Wind",
                "theta_deg": -78.49324602503597
              },
              {
                "carrier_i": "Nuclear",
                "carrier_j": "Other Fossil",
                "theta_deg": 36.321118907257016
              },
              {
                "carrier_i": "Nuclear",
                "carrier_j": "Solar",
                "theta_deg": -59.76514555801822
              },
              {
                "carrier_i": "Nuclear",
                "carrier_j": "Wind",
                "theta_deg": -62.81102424534823
              },
              {
                "carrier_i": "Other Fossil",
                "carrier_j": "Solar",
                "theta_deg": -66.80675553386779
              },
              {
                "carrier_i": "Other Fossil",
                "carrier_j": "Wind",
                "theta_deg": -69.31184915168848
              },
              {
                "carrier_i": "Solar",
                "carrier_j": "Wind",
                "theta_deg": -131.39194962728254
              }
            ]
          },
          "angular_velocity_deg": 1.524796811457089,
          "metric_tensor_diagonal": [
            3710.115139298155,
            15.227394451354261,
            16.6647002468206,
            163.8868530665635,
            10.780427601645076,
            35.57723580693202,
            2236227.6765122884,
            6333539.540675195
          ],
          "metric_tensor": {
            "matrix": [
              [
                3710.115139298155,
                -33.95536887187632,
                -35.52175438005039,
                -111.39551658934909,
                -28.570224136388777,
                -51.9017205451271,
                -13012.287879857302,
                -21898.72838317448
              ],
              [
                -33.95536887187632,
                15.227394451354261,
                -2.2756921533849694,
                -7.136525417984924,
                -1.8303441376235758,
                -3.325070516732671,
                -833.6289111443259,
                -1402.9364602184996
              ],
              [
                -35.52175438005039,
                -2.2756921533849694,
                16.6647002468206,
                -7.465738451588756,
                -1.914779224839476,
                -3.4784584033646664,
                -872.084810431962,
                -1467.6549248733018
              ],
              [
                -111.39551658934909,
                -7.136525417984924,
                -7.465738451588756,
                163.8868530665635,
                -6.004709638590893,
                -10.908376501668151,
                -2734.840653657354,
                -4602.536709813594
              ],
              [
                -28.570224136388777,
                -1.8303441376235758,
                -1.914779224839476,
                -6.004709638590893,
                10.780427601645076,
                -2.7977316426985714,
                -701.419705609313,
                -1180.4380411473803
              ],
              [
                -51.9017205451271,
                -3.325070516732671,
                -3.4784584033646664,
                -10.908376501668151,
                -2.7977316426985714,
                35.57723580693202,
                -1274.2248493252944,
                -2144.4271854498857
              ],
              [
                -13012.287879857302,
                -833.6289111443259,
                -872.084810431962,
                -2734.840653657354,
                -701.419705609313,
                -1274.2248493252944,
                2236227.6765122884,
                -537629.6504506896
              ],
              [
                -21898.72838317448,
                -1402.9364602184996,
                -1467.6549248733018,
                -4602.536709813594,
                -1180.4380411473803,
                -2144.4271854498857,
                -537629.6504506896,
                6333539.540675195
              ]
            ],
            "eigenvalues": [
              3.453183342725254e-10,
              14.129845632891913,
              18.263578999516376,
              34.476430585355764,
              154.29322628486958,
              3542.670953741509,
              2166978.4638869856,
              6402977.171015726
            ],
            "trace": 8573719.468937954
          },
          "condition_number": 766.4878048780487,
          "higgins_scale": 0.23482974466835427,
          "helmsman_delta": 0.37173844674821144,
          "helmsman": "Wind"
        }
      },
      {
        "label": "2003",
        "index": 3,
        "raw_values": [
          17.88,
          292.06,
          273.1,
          92.47,
          230.08,
          185.22,
          0.95,
          0.83
        ],
        "coda_standard": {
          "ilr": [
            -1.975144748420989,
            -1.0855460956453555,
            0.1702684625333245,
            -0.6834192883351453,
            -0.3600235394235034,
            4.577423608741961,
            4.090480006247561
          ],
          "aitchison_norm": 6.587117040125082,
          "aitchison_distance_step": 0.7576012954323174,
          "shannon_entropy": 1.6160400743981498,
          "composition": [
            0.016364784594404123,
            0.26730978683678236,
            0.24995652532056858,
            0.08463376014790544,
            0.21058219460181773,
            0.16952379209035412,
            0.0008694935886288544,
            0.0007596628195388938
          ],
          "clr": [
            -0.7562813347699646,
            2.0369951560969928,
            1.9698739239643268,
            0.8869201630742145,
            1.7984629700173493,
            1.5815802032267903,
            -3.691257398902883,
            -3.8262936827068263
          ]
        },
        "higgins_extensions": {
          "bearing_tensor": {
            "pairs": [
              {
                "carrier_i": "Bioenergy",
                "carrier_j": "Coal",
                "theta_deg": 110.3686026538166
              },
              {
                "carrier_i": "Bioenergy",
                "carrier_j": "Gas",
                "theta_deg": 111.00298070591619
              },
              {
                "carrier_i": "Bioenergy",
                "carrier_j": "Hydro",
                "theta_deg": 130.45439626639632
              },
              {
                "carrier_i": "Bioenergy",
                "carrier_j": "Nuclear",
                "theta_deg": 112.80750222979387
              },
              {
                "carrier_i": "Bioenergy",
                "carrier_j": "Other Fossil",
                "theta_deg": 115.55623282877995
              },
              {
                "carrier_i": "Bioenergy",
                "carrier_j": "Solar",
                "theta_deg": -101.57877394205246
              },
              {
                "carrier_i": "Bioenergy",
                "carrier_j": "Wind",
                "theta_deg": -101.18061508879839
              },
              {
                "carrier_i": "Coal",
                "carrier_j": "Gas",
                "theta_deg": 44.04029715584328
              },
              {
                "carrier_i": "Coal",
                "carrier_j": "Hydro",
                "theta_deg": 23.528603944416542
              },
              {
                "carrier_i": "Coal",
                "carrier_j": "Nuclear",
                "theta_deg": 41.441283468600446
              },
              {
                "carrier_i": "Coal",
                "carrier_j": "Other Fossil",
                "theta_deg": 37.8267677389987
              },
              {
                "carrier_i": "Coal",
                "carrier_j": "Solar",
                "theta_deg": -61.10819034545975
              },
              {
                "carrier_i": "Coal",
                "carrier_j": "Wind",
                "theta_deg": -61.97060489733587
              },
              {
                "carrier_i": "Gas",
                "carrier_j": "Hydro",
                "theta_deg": 24.239279442084406
              },
              {
                "carrier_i": "Gas",
                "carrier_j": "Nuclear",
                "theta_deg": 42.3955728147909
              },
              {
                "carrier_i": "Gas",
                "carrier_j": "Other Fossil",
                "theta_deg": 38.760422401067125
              },
              {
                "carrier_i": "Gas",
                "carrier_j": "Solar",
                "theta_deg": -61.91297347444858
              },
              {
                "carrier_i": "Gas",
                "carrier_j": "Wind",
                "theta_deg": -62.75943104836498
              },
              {
                "carrier_i": "Hydro",
                "carrier_j": "Nuclear",
                "theta_deg": 63.749580360457045
              },
              {
                "carrier_i": "Hydro",
                "carrier_j": "Other Fossil",
                "theta_deg": 60.71711887013754
              },
              {
                "carrier_i": "Hydro",
                "carrier_j": "Solar",
                "theta_deg": -76.48932114341255
              },
              {
                "carrier_i": "Hydro",
                "carrier_j": "Wind",
                "theta_deg": -76.94953235123559
              },
              {
                "carrier_i": "Nuclear",
                "carrier_j": "Other Fossil",
                "theta_deg": 41.328610514635606
              },
              {
                "carrier_i": "Nuclear",
                "carrier_j": "Solar",
                "theta_deg": -64.02362297340808
              },
              {
                "carrier_i": "Nuclear",
                "carrier_j": "Wind",
                "theta_deg": -64.82518842026663
              },
              {
                "carrier_i": "Other Fossil",
                "carrier_j": "Solar",
                "theta_deg": -66.80648790120334
              },
              {
                "carrier_i": "Other Fossil",
                "carrier_j": "Wind",
                "theta_deg": -67.54247933401729
              },
              {
                "carrier_i": "Solar",
                "carrier_j": "Wind",
                "theta_deg": -133.97091791286684
              }
            ]
          },
          "angular_velocity_deg": 3.7738017267838004,
          "metric_tensor_diagonal": [
            3267.288368477833,
            12.245551069549151,
            14.004870434502967,
            122.15768120102294,
            19.73171155613006,
            30.447156243299727,
            1157378.1657479224,
            1516234.2786870373
          ],
          "metric_tensor": {
            "matrix": [
              [
                3267.288368477833,
                -28.574909279102954,
                -30.55872575633397,
                -90.25184388509581,
                -36.27254869634392,
                -45.057704373473754,
                -8784.829477952431,
                -10054.925306090132
              ],
              [
                -28.574909279102954,
                12.245551069549151,
                -1.8708142728317858,
                -5.525244705421875,
                -2.2206162113628336,
                -2.758446052858011,
                -537.8098714845903,
                -615.5655155546516
              ],
              [
                -30.55872575633397,
                -1.8708142728317858,
                14.004870434502967,
                -5.908835476622164,
                -2.3747827560989716,
                -2.9499514983438693,
                -575.147385813949,
                -658.301224726809
              ],
              [
                -90.25184388509581,
                -5.525244705421875,
