{
  "metadata": {
    "_function": "provenance",
    "_description": "Identity, schema version, run-time provenance.",
    "schema_version": "2.0.0",
    "engine_version": "cnt 2.0.3",
    "engine_implementation": "python",
    "generated": "2026-05-05T17:04:34.420426+00:00",
    "wall_clock_ms": 59,
    "mathematical_lineage": {
      "Aitchison_1986": "CLR transform, simplex geometry, Aitchison distance",
      "Shannon_1948": "Entropy H = -sum x_j ln x_j",
      "Egozcue_2003": "ILR, Helmert basis, orthonormal coordinates",
      "Higgins_2026": "CNT tensor decomposition, recursive depth sounder, metric dual involution"
    },
    "engine_config": {
      "_description": "Active values from the USER CONFIGURATION block at top of cnt.py. Two runs with identical config and input produce identical content_sha256. Two runs with different config produce different content_sha256 - that is correct.",
      "DEFAULT_DELTA": 1e-15,
      "DEGEN_THRESHOLD": 0.0001,
      "LOCK_CLR_THRESHOLD": -10.0,
      "DEPTH_MAX_LEVELS": 50,
      "DEPTH_PRECISION_TARGET": 0.01,
      "NOISE_FLOOR_OMEGA_VAR": 1e-06,
      "TRIADIC_T_LIMIT": 500,
      "TRIADIC_K_DEFAULT": 500,
      "EITT_GATE_PCT": 5.0,
      "EITT_M_SWEEP_BASE": [
        2,
        4,
        8,
        16,
        32,
        64,
        128
      ]
    },
    "environment": {
      "git_sha": "unknown",
      "language_version": "python 3.10.12",
      "numerical_lib": "numpy 2.2.6",
      "platform": "Linux-6.8.0-106-generic-x86_64-with-glibc2.35",
      "hostname_hash": "c857d09db23e6822e3600bc06ad8d58f92ed62bc8efd81c753f77048662cb97d"
    }
  },
  "input": {
    "_function": "provenance",
    "_description": "Source data identity, hashes, and ordering declaration.",
    "source_file": "ember_IND_India_generation_TWh.csv",
    "source_file_sha256": "05cde94fa8f37b98ae695073605eb97bbafa0cf5727ab74ab3bbd2bf74ddfe53",
    "closed_data_sha256": "9d56e8be11bc49eb8e1a0c438d487c7fffe6529d5a8f35d5aa635d098bb9159f",
    "n_records": 26,
    "n_carriers": 8,
    "carriers": [
      "Bioenergy",
      "Coal",
      "Gas",
      "Hydro",
      "Nuclear",
      "Other Fossil",
      "Solar",
      "Wind"
    ],
    "labels": [
      "2000",
      "2001",
      "2002",
      "2003",
      "2004",
      "2005",
      "2006",
      "2007",
      "2008",
      "2009",
      "2010",
      "2011",
      "2012",
      "2013",
      "2014",
      "2015",
      "2016",
      "2017",
      "2018",
      "2019",
      "2020",
      "2021",
      "2022",
      "2023",
      "2024",
      "2025"
    ],
    "zero_replacement": {
      "method": "multiplicative",
      "delta": 1e-15,
      "applied": false,
      "n_replacements": 0
    },
    "ordering": {
      "is_temporal": true,
      "ordering_method": "by-time",
      "caveat": null
    }
  },
  "tensor": {
    "_function": "composer",
    "_description": "Per-record compositional state. coda_standard fields follow Aitchison/Egozcue/Shannon. higgins_extensions are HUF-framework readings of the same simplex; see schema \u00a78 for the mapping.",
    "helmert_basis": {
      "D": 8,
      "dim": 7,
      "coefficients": [
        [
          0.7071067811865476,
          -0.7071067811865476,
          0.0,
          0.0,
          0.0,
          0.0,
          0.0,
          0.0
        ],
        [
          0.408248290463863,
          0.408248290463863,
          -0.816496580927726,
          0.0,
          0.0,
          0.0,
          0.0,
          0.0
        ],
        [
          0.28867513459481287,
          0.28867513459481287,
          0.28867513459481287,
          -0.8660254037844386,
          0.0,
          0.0,
          0.0,
          0.0
        ],
        [
          0.22360679774997896,
          0.22360679774997896,
          0.22360679774997896,
          0.22360679774997896,
          -0.8944271909999159,
          0.0,
          0.0,
          0.0
        ],
        [
          0.18257418583505539,
          0.18257418583505539,
          0.18257418583505539,
          0.18257418583505539,
          0.18257418583505539,
          -0.9128709291752769,
          0.0,
          0.0
        ],
        [
          0.1543033499620919,
          0.1543033499620919,
          0.1543033499620919,
          0.1543033499620919,
          0.1543033499620919,
          0.1543033499620919,
          -0.9258200997725514,
          0.0
        ],
        [
          0.1336306209562122,
          0.1336306209562122,
          0.1336306209562122,
          0.1336306209562122,
          0.1336306209562122,
          0.1336306209562122,
          0.1336306209562122,
          -0.9354143466934853
        ]
      ]
    },
    "timesteps": [
      {
        "index": 0,
        "label": "2000",
        "raw_values": [
          1.69,
          390.23,
          55.96,
          76.99,
          15.77,
          29.16,
          0.01,
          1.58
        ],
        "coda_standard": {
          "shannon_entropy": 1.0426808762325221,
          "ilr": [
            -3.8480806044712104,
            -0.6359730496387084,
            -0.7259962095986547,
            0.8558192249783287,
            0.1376422033103493,
            7.502492109720453,
            1.7617247333176178
          ],
          "aitchison_norm": 8.711009721559334,
          "composition": [
            0.002957699644726019,
            0.6829485990304346,
            0.09793661072122369,
            0.1347415950576664,
            0.027599362956999596,
            0.05103344475752113,
            1.7501181329739758e-05,
            0.002765186650098882
          ],
          "clr": [
            -1.5806389085739472,
            3.861368871374096,
            1.9192697122883513,
            2.2383081057810292,
            0.6527419634660179,
            1.2674304696315284,
            -6.710537623497021,
            -1.6479425904700538
          ]
        },
        "higgins_extensions": {
          "metric_tensor_diagonal": [
            100023.00885385666,
            1.8759964666743294,
            91.22584866970101,
            48.195299633902216,
            1148.7087712898117,
            335.96828668128256,
            2856757155.8749995,
            114435.07273974521
          ],
          "bearing_tensor": {
            "pairs": [
              {
                "carrier_i": "Bioenergy",
                "carrier_j": "Coal",
                "theta_deg": 112.26158104120164
              },
              {
                "carrier_i": "Bioenergy",
                "carrier_j": "Gas",
                "theta_deg": 129.4735956592348
              },
              {
                "carrier_i": "Bioenergy",
                "carrier_j": "Hydro",
                "theta_deg": 125.22881135591456
              },
              {
                "carrier_i": "Bioenergy",
                "carrier_j": "Nuclear",
                "theta_deg": 157.56129176552426
              },
              {
                "carrier_i": "Bioenergy",
                "carrier_j": "Other Fossil",
                "theta_deg": 141.27572438028864
              },
              {
                "carrier_i": "Bioenergy",
                "carrier_j": "Solar",
                "theta_deg": -103.25418264915282
              },
              {
                "carrier_i": "Bioenergy",
                "carrier_j": "Wind",
                "theta_deg": -133.8057732246936
              },
              {
                "carrier_i": "Coal",
                "carrier_j": "Gas",
                "theta_deg": 26.429391822744602
              },
              {
                "carrier_i": "Coal",
                "carrier_j": "Hydro",
                "theta_deg": 30.09945426133074
              },
              {
                "carrier_i": "Coal",
                "carrier_j": "Nuclear",
                "theta_deg": 9.594811127242211
              },
              {
                "carrier_i": "Coal",
                "carrier_j": "Other Fossil",
                "theta_deg": 18.17156667649934
              },
              {
                "carrier_i": "Coal",
                "carrier_j": "Solar",
                "theta_deg": -60.08307226559644
              },
              {
                "carrier_i": "Coal",
                "carrier_j": "Wind",
                "theta_deg": -23.111664248947758
              },
              {
                "carrier_i": "Gas",
                "carrier_j": "Hydro",
                "theta_deg": 49.38808381478027
              },
              {
                "carrier_i": "Gas",
                "carrier_j": "Nuclear",
                "theta_deg": 18.783124366989444
              },
              {
                "carrier_i": "Gas",
                "carrier_j": "Other Fossil",
                "theta_deg": 33.43962405382009
              },
              {
                "carrier_i": "Gas",
                "carrier_j": "Solar",
                "theta_deg": -74.03902890199534
              },
              {
                "carrier_i": "Gas",
                "carrier_j": "Wind",
                "theta_deg": -40.65037854301961
              },
              {
                "carrier_i": "Hydro",
                "carrier_j": "Nuclear",
                "theta_deg": 16.257895111225004
              },
              {
                "carrier_i": "Hydro",
                "carrier_j": "Other Fossil",
                "theta_deg": 29.520485639879244
              },
              {
                "carrier_i": "Hydro",
                "carrier_j": "Solar",
                "theta_deg": -71.5538155969237
              },
              {
                "carrier_i": "Hydro",
                "carrier_j": "Wind",
                "theta_deg": -36.362163126890856
              },
              {
                "carrier_i": "Nuclear",
                "carrier_j": "Other Fossil",
                "theta_deg": 62.750986924436646
              },
              {
                "carrier_i": "Nuclear",
                "carrier_j": "Solar",
                "theta_deg": -84.44424974552834
              },
              {
                "carrier_i": "Nuclear",
                "carrier_j": "Wind",
                "theta_deg": -68.39172488061402
              },
              {
                "carrier_i": "Other Fossil",
                "carrier_j": "Solar",
                "theta_deg": -79.30444166761218
              },
              {
                "carrier_i": "Other Fossil",
                "carrier_j": "Wind",
                "theta_deg": -52.436163020362265
              },
              {
                "carrier_i": "Solar",
                "carrier_j": "Wind",
                "theta_deg": -166.20260529246067
              }
            ]
          },
          "higgins_scale": 0.4985764902098604,
          "metric_tensor": {
            "matrix": [
              [
                100023.00885385666,
                -61.8825106669758,
                -431.5298809430658,
                -313.65647665377276,
                -1531.2880239425472,
                -828.1348469675571,
                -2414841.2137573967,
                -15283.805150363267
              ],
              [
                -61.8825106669758,
                1.8759964666743294,
                -1.8688606688203913,
                -1.3583769713883502,
                -6.631670451946042,
                -3.5864692396155378,
                -10458.144302718909,
                -66.19078672606904
              ],
              [
                -431.5298809430658,
                -1.8688606688203913,
                91.22584866970101,
                -9.472470435040671,
                -46.24511723486248,
                -25.00979076796232,
                -72928.54987937812,
                -461.5731005023932
              ],
              [
                -313.65647665377276,
                -1.3583769713883502,
                -9.472470435040671,
                48.195299633902216,
                -33.61315444165352,
                -18.17830746038669,
                -53007.9445544876,
                -335.4933199651113
              ],
              [
                -1531.2880239425472,
                -6.631670451946042,
                -46.24511723486248,
                -33.61315444165352,
                1148.7087712898117,
                -88.74748835606668,
                -258787.67604629043,
                -1637.8966838372812
              ],
              [
                -828.1348469675571,
                -3.5864692396155378,
                -25.00979076796232,
                -18.17830746038669,
                -88.74748835606668,
                335.96828668128256,
                -139954.78913751716,
                -885.7898046678299
              ],
              [
                -2414841.2137573967,
                -10458.144302718909,
                -72928.54987937812,
                -53007.9445544876,
                -258787.67604629043,
                -139954.78913751716,
                2856757155.8749995,
                -2582963.070411392
              ],
              [
                -15283.805150363267,
                -66.19078672606904,
                -461.5731005023932,
                -335.4933199651113,
                -1637.8966838372812,
                -885.7898046678299,
                -2582963.070411392,
                114435.07273974521
              ]
            ],
            "eigenvalues": [
              -4.476015263724617e-07,
              23.266140694321,
              82.16850912843623,
              298.12255803556246,
              1082.2566462338364,
              86304.11127951571,
              123884.11781947734,
              2856761565.887844
            ],
            "trace": 2856973239.9307957
          },
          "condition_number": 39023.0
        }
      },
      {
        "index": 1,
        "label": "2001",
        "raw_values": [
          2.07,
          408.29,
          55.93,
          72.02,
          18.89,
          26.79,
          0.01,
          2.09
        ],
        "coda_standard": {
          "shannon_entropy": 1.0256231254719106,
          "ilr": [
            -3.736655650569237,
            -0.5342645373449941,
            -0.596750494641265,
            0.7347809609487805,
            0.28099268931025745,
            7.545164331844553,
            1.537007882985729
          ],
          "aitchison_distance_step": 0.356346462336437,
          "aitchison_norm": 8.632201525599841,
          "composition": [
            0.003531880769165145,
            0.6966336228224335,
            0.0954290296712109,
            0.12288215120544625,
            0.0322305447968742,
            0.04570970328789094,
            1.706222593799587e-05,
            0.0035660052210411365
          ],
          "clr": [
            -1.4473546834252753,
            3.8370744155278,
            1.849197618130944,
            2.102040567518176,
            0.7637293908108655,
            1.1131253928539646,
            -6.780073476690645,
            -1.4377392247258332
          ]
        },
        "higgins_extensions": {
          "metric_tensor_diagonal": [
            70144.88134787277,
            1.803014376273486,
            96.08310677212062,
            57.94693127828821,
            842.3115579778278,
            418.7851261926747,
            3005638020.8750005,
            68808.818957327
          ],
          "angular_velocity_deg": 2.2963597168335657,
          "helmsman": "Wind",
          "bearing_tensor": {
            "pairs": [
              {
                "carrier_i": "Bioenergy",
                "carrier_j": "Coal",
                "theta_deg": 110.66660894401045
              },
              {
                "carrier_i": "Bioenergy",
                "carrier_j": "Gas",
                "theta_deg": 128.05005050688555
              },
              {
                "carrier_i": "Bioenergy",
                "carrier_j": "Hydro",
                "theta_deg": 124.54925579108908
              },
              {
                "carrier_i": "Bioenergy",
                "carrier_j": "Nuclear",
                "theta_deg": 152.18061772505726
              },
              {
                "carrier_i": "Bioenergy",
                "carrier_j": "Other Fossil",
                "theta_deg": 142.436988393573
              },
              {
                "carrier_i": "Bioenergy",
                "carrier_j": "Solar",
                "theta_deg": -102.05016470606093
              },
              {
                "carrier_i": "Bioenergy",
                "carrier_j": "Wind",
                "theta_deg": -135.19095501889876
              },
              {
                "carrier_i": "Coal",
                "carrier_j": "Gas",
                "theta_deg": 25.73076775005545
              },
              {
                "carrier_i": "Coal",
                "carrier_j": "Hydro",
                "theta_deg": 28.714975367682094
              },
              {
                "carrier_i": "Coal",
                "carrier_j": "Nuclear",
                "theta_deg": 11.257007009134353
              },
              {
                "carrier_i": "Coal",
                "carrier_j": "Other Fossil",
                "theta_deg": 16.177307689774537
              },
              {
                "carrier_i": "Coal",
                "carrier_j": "Solar",
                "theta_deg": -60.49300102998141
              },
              {
                "carrier_i": "Coal",
                "carrier_j": "Wind",
                "theta_deg": -20.54080971655599
              },
              {
                "carrier_i": "Gas",
                "carrier_j": "Hydro",
                "theta_deg": 48.66141142600372
              },
              {
                "carrier_i": "Gas",
                "carrier_j": "Nuclear",
                "theta_deg": 22.44091046316301
              },
              {
                "carrier_i": "Gas",
                "carrier_j": "Other Fossil",
                "theta_deg": 31.045858063177867
              },
              {
                "carrier_i": "Gas",
                "carrier_j": "Solar",
                "theta_deg": -74.74419959057622
              },
              {
                "carrier_i": "Gas",
                "carrier_j": "Wind",
                "theta_deg": -37.864835489576194
              },
              {
                "carrier_i": "Hydro",
                "carrier_j": "Nuclear",
                "theta_deg": 19.96748107886321
              },
              {
                "carrier_i": "Hydro",
                "carrier_j": "Other Fossil",
                "theta_deg": 27.903240158151775
              },
              {
                "carrier_i": "Hydro",
                "carrier_j": "Solar",
                "theta_deg": -72.77488472830953
              },
              {
                "carrier_i": "Hydro",
                "carrier_j": "Wind",
                "theta_deg": -34.37107829880508
              },
              {
                "carrier_i": "Nuclear",
                "carrier_j": "Other Fossil",
                "theta_deg": 55.5454895764779
              },
              {
                "carrier_i": "Nuclear",
                "carrier_j": "Solar",
                "theta_deg": -83.57310936620543
              },
              {
                "carrier_i": "Nuclear",
                "carrier_j": "Wind",
                "theta_deg": -62.02268794645007
              },
              {
                "carrier_i": "Other Fossil",
                "carrier_j": "Solar",
                "theta_deg": -80.67658101737575
              },
              {
                "carrier_i": "Other Fossil",
                "carrier_j": "Wind",
                "theta_deg": -52.252273679619336
              },
              {
                "carrier_i": "Solar",
                "carrier_j": "Wind",
                "theta_deg": -168.0275727876185
              }
            ]
          },
          "helmsman_delta": 0.2102033657442206,
          "higgins_scale": 0.5067795343535451,
          "metric_tensor": {
            "matrix": [
              [
                70144.88134787277,
                -50.80419183496905,
                -370.8715087484269,
                -288.0150442141005,
                -1098.085944113262,
                -774.2756059835581,
                -2074284.348429952,
                -9924.805494880155
              ],
              [
                -50.80419183496905,
                1.803014376273486,
                -1.8802910262539951,
                -1.460214900005359,
                -5.567214245547165,
                -3.925519861828516,
                -10516.467709838595,
                -50.3180273198019
              ],
              [
                -370.8715087484269,
                -1.8802910262539951,
                96.08310677212062,
                -10.65959487794007,
                -40.64076353145811,
                -28.656365177650006,
                -76770.40231092439,
                -367.3224990953319
              ],
              [
                -288.0150442141005,
                -1.460214900005359,
                -10.65959487794007,
                57.94693127828821,
                -31.56120389217512,
                -22.254241938155584,
                -59619.11415231881,
                -285.25891938908524
              ],
              [
                -1098.085944113262,
                -5.567214245547165,
                -40.64076353145811,
                -31.56120389217512,
                842.3115579778278,
                -84.84650632006168,
                -227303.79043144526,
                -1087.5779446480635
              ],
              [
                -774.2756059835581,
                -3.925519861828516,
                -28.656365177650006,
                -22.254241938155584,
                -84.84650632006168,
                418.7851261926747,
                -160275.05043859652,
                -766.8662700411317
              ],
              [
                -2074284.348429952,
                -10516.467709838595,
                -76770.40231092439,
                -59619.11415231881,
                -227303.79043144526,
                -160275.05043859652,
                3005638020.8750005,
                -2054434.737440192
              ],
              [
                -9924.805494880155,
                -50.3180273198019,
                -367.3224990953319,
                -285.25891938908524,
                -1087.5779446480635,
                -766.8662700411317,
                -2054434.737440192,
                68808.818957327
              ]
            ],
            "eigenvalues": [
              8.352451315357121e-07,
              26.677929222600433,
              89.82155793715644,
              360.722401785723,
              817.5976891135335,
              56790.52364503101,
              79420.52699632078,
              3005640885.634823
            ],
            "trace": 3005778391.505042
          },
          "condition_number": 40829.00000000001
        }
      },
      {
        "index": 2,
        "label": "2002",
        "raw_values": [
          2.14,
          426.7,
          62.88,
          68.54,
          19.35,
          27.93,
          0.01,
          2.09
        ],
        "coda_standard": {
          "shannon_entropy": 1.019969744409572,
          "ilr": [
            -3.744325116126418,
            -0.5983161518974016,
            -0.49771559080612027,
            0.7456756770025966,
            0.2738098299833756,
            7.577675127662688,
            1.5651630580614824
          ],
          "aitchison_distance_step": 0.12644878900415427,
          "aitchison_norm": 8.667616360868472,
          "composition": [
            0.0035102683550948103,
            0.6999212650088577,
            0.10314283839643068,
            0.11242700610196182,
            0.03174004330424513,
            0.04581392297093367,
            1.6403123154648645e-05,
            0.0034282527393215668
          ],
          "clr": [
            -1.4404342163683195,
            3.854841144791875,
            1.9399881027188717,
            2.0261774710443836,
            0.7614523740737114,
            1.128461334555006,
            -6.8064102313901715,
            -1.4640759794253597
          ]
        },
        "higgins_extensions": {
          "metric_tensor_diagonal": [
            71011.29212158266,
            1.7861160626384303,
            82.24886162867678,
            69.2256052687216,
            868.546397184998,
            416.88194887505193,
            3252033134.0,
            74449.60358050412
          ],
          "angular_velocity_deg": 0.8040663794681266,
          "helmsman": "Gas",
          "bearing_tensor": {
            "pairs": [
              {
                "carrier_i": "Bioenergy",
                "carrier_j": "Coal",
                "theta_deg": 110.48915183049363
              },
              {
                "carrier_i": "Bioenergy",
                "carrier_j": "Gas",
                "theta_deg": 126.59375407721231
              },
              {
                "carrier_i": "Bioenergy",
                "carrier_j": "Hydro",
                "theta_deg": 125.40948411600905
              },
              {
                "carrier_i": "Bioenergy",
                "carrier_j": "Nuclear",
                "theta_deg": 152.13786204606248
              },
              {
                "carrier_i": "Bioenergy",
                "carrier_j": "Other Fossil",
                "theta_deg": 141.92423061527654
              },
              {
                "carrier_i": "Bioenergy",
                "carrier_j": "Solar",
                "theta_deg": -101.94914580844386
              },
              {
                "carrier_i": "Bioenergy",
                "carrier_j": "Wind",
                "theta_deg": -134.53364139291213
              },
              {
                "carrier_i": "Coal",
                "carrier_j": "Gas",
                "theta_deg": 26.714292506293454
              },
              {
                "carrier_i": "Coal",
                "carrier_j": "Hydro",
                "theta_deg": 27.727265413319834
              },
              {
                "carrier_i": "Coal",
                "carrier_j": "Nuclear",
                "theta_deg": 11.173870734546737
              },
              {
                "carrier_i": "Coal",
                "carrier_j": "Other Fossil",
                "theta_deg": 16.31679784740578
              },
              {
                "carrier_i": "Coal",
                "carrier_j": "Solar",
                "theta_deg": -60.47475751150154
              },
              {
                "carrier_i": "Coal",
                "carrier_j": "Wind",
                "theta_deg": -20.79687209241506
              },
              {
                "carrier_i": "Gas",
                "carrier_j": "Hydro",
                "theta_deg": 46.24490766076556
              },
              {
                "carrier_i": "Gas",
                "carrier_j": "Nuclear",
                "theta_deg": 21.43018756217699
              },
              {
                "carrier_i": "Gas",
                "carrier_j": "Other Fossil",
                "theta_deg": 30.185907475006815
              },
              {
                "carrier_i": "Gas",
                "carrier_j": "Solar",
                "theta_deg": -74.09119315213127
              },
              {
                "carrier_i": "Gas",
                "carrier_j": "Wind",
                "theta_deg": -37.04123315848201
              },
              {
                "carrier_i": "Hydro",
                "carrier_j": "Nuclear",
                "theta_deg": 20.59658889275577
              },
              {
                "carrier_i": "Hydro",
                "carrier_j": "Other Fossil",
                "theta_deg": 29.115227410561396
              },
              {
                "carrier_i": "Hydro",
                "carrier_j": "Solar",
                "theta_deg": -73.42243406618108
              },
              {
                "carrier_i": "Hydro",
                "carrier_j": "Wind",
                "theta_deg": -35.85113503496186
              },
              {
                "carrier_i": "Nuclear",
                "carrier_j": "Other Fossil",
                "theta_deg": 55.989686032336465
              },
              {
                "carrier_i": "Nuclear",
                "carrier_j": "Solar",
                "theta_deg": -83.61670082915828
              },
              {
                "carrier_i": "Nuclear",
                "carrier_j": "Wind",
                "theta_deg": -62.521475651707455
              },
              {
                "carrier_i": "Other Fossil",
                "carrier_j": "Solar",
                "theta_deg": -80.58633869888885
              },
              {
                "carrier_i": "Other Fossil",
                "carrier_j": "Wind",
                "theta_deg": -52.376153336119394
              },
              {
                "carrier_i": "Solar",
                "carrier_j": "Wind",
                "theta_deg": -167.86050562027552
              }
            ]
          },
          "helmsman_delta": 0.09079048458792771,
          "higgins_scale": 0.5094982359611755,
          "metric_tensor": {
            "matrix": [
              [
                71011.29212158266,
                -50.87688410733098,
                -345.24755802477944,
                -316.7371819171014,
                -1121.9207466975777,
                -777.2705495380641,
                -2170916.644859813,
                -10387.160980190492
              ],
              [
                -50.87688410733098,
                1.7861160626384303,
                -1.731497010014127,
                -1.5885108256447082,
                -5.626694159673814,
                -3.898193053694533,
                -10887.653198968832,
                -52.094034444826946
              ],
              [
                -345.24755802477944,
                -1.731497010014127,
                82.24886162867678,
                -10.779541496542572,
                -38.182417269923924,
                -26.45290992384633,
                -73882.9774173028,
                -353.50706898231005
              ],
              [
                -316.7371819171014,
                -1.5885108256447082,
                -10.779541496542572,
                69.2256052687216,
                -35.029331746904234,
                -24.268441435825167,
                -67781.7569302597,
                -324.31462646057275
              ],
              [
                -1121.9207466975777,
                -5.626694159673814,
                -38.182417269923924,
                -35.029331746904234,
                868.546397184998,
                -85.96170418663861,
                -240091.03979328164,
                -1148.760955948716
              ],
              [
                -777.2705495380641,
                -3.898193053694533,
                -26.45290992384633,
                -24.268441435825167,
                -85.96170418663861,
                416.88194887505193,
                -166335.89760114573,
                -795.8655387614627
              ],
              [
                -2170916.644859813,
                -10887.653198968832,
                -73882.9774173028,
                -67781.7569302597,
                -240091.03979328164,
                -166335.89760114573,
                3252033134.0,
                -2222852.449760766
              ],
              [
                -10387.160980190492,
                -52.094034444826946,
                -353.50706898231005,
                -324.31462646057275,
                -1148.760955948716,
                -795.8655387614627,
                -2222852.449760766,
                74449.60358050412
              ]
            ],
            "eigenvalues": [
              -1.5329942509417493e-07,
              28.24695905563026,
              86.78110614830207,
              359.2751621750936,
              840.4017502694977,
              59350.36544138542,
              83236.50968917266,
              3252036132.0045238
            ],
            "trace": 3252180033.584631
          },
          "condition_number": 42670.0
        }
      },
      {
        "index": 3,
        "label": "2003",
        "raw_values": [
          2.71,
          441.47,
          72.8,
          69.3,
          18.14,
          31.09,
          0.02,
          2.6
        ],
        "coda_standard": {
          "shannon_entropy": 1.0380111848646756,
          "ilr": [
            -3.6014089867214447,
            -0.6076258177170886,
            -0.3869863560207922,
            0.8990651951474368,
            0.24225912736425725,
            7.00851420831273,
            1.516389789202066
          ],
          "aitchison_distance_step": 0.6193701868357127,
          "aitchison_norm": 8.110168393724948,
          "composition": [
            0.004246783570745773,
            0.6918182815413788,
            0.11408333725103036,
            0.10859856142165389,
            0.028426809584253993,
            0.048720480152946895,
            3.1341576167865483e-05,
            0.004074404901822513
          ],
          "clr": [
            -1.3770155741349503,
            3.7161458585388623,
            1.913751746176081,
            1.8644806971692978,
            0.5241552356604311,
            1.0629220150441028,
            -6.285987214454705,
            -1.418452763999123
          ]
        },
        "higgins_extensions": {
          "metric_tensor_diagonal": [
            48516.31374674909,
            1.8282011786306631,
            67.23007860378803,
            74.1924834382789,
            1082.8088886861224,
            368.625125622279,
            890771649.46875,
            52708.38162536982
          ],
          "angular_velocity_deg": 1.8448223615448427,
          "helmsman": "Solar",
          "bearing_tensor": {
            "pairs": [
              {
                "carrier_i": "Bioenergy",
                "carrier_j": "Coal",
                "theta_deg": 110.33215599725959
              },
              {
                "carrier_i": "Bioenergy",
                "carrier_j": "Gas",
                "theta_deg": 125.73642000570123
              },
              {
                "carrier_i": "Bioenergy",
                "carrier_j": "Hydro",
                "theta_deg": 126.44778820818586
              },
              {
                "carrier_i": "Bioenergy",
                "carrier_j": "Nuclear",
                "theta_deg": 159.16088167532968
              },
              {
                "carrier_i": "Bioenergy",
                "carrier_j": "Other Fossil",
                "theta_deg": 142.33535329196732
              },
              {
                "carrier_i": "Bioenergy",
                "carrier_j": "Solar",
                "theta_deg": -102.35609951255381
              },
              {
                "carrier_i": "Bioenergy",
                "carrier_j": "Wind",
                "theta_deg": -134.15076761942208
              },
              {
                "carrier_i": "Coal",
                "carrier_j": "Gas",
                "theta_deg": 27.24769518095115
              },
              {
                "carrier_i": "Coal",
                "carrier_j": "Hydro",
                "theta_deg": 26.64403295867972
              },
              {
                "carrier_i": "Coal",
                "carrier_j": "Nuclear",
                "theta_deg": 8.028498053576994
              },
              {
                "carrier_i": "Coal",
                "carrier_j": "Other Fossil",
                "theta_deg": 15.96201598785968
              },
              {
                "carrier_i": "Coal",
                "carrier_j": "Solar",
                "theta_deg": -59.40929715256612
              },
              {
                "carrier_i": "Coal",
                "carrier_j": "Wind",
                "theta_deg": -20.89185401927956
              },
              {
                "carrier_i": "Gas",
                "carrier_j": "Hydro",
                "theta_deg": 44.252861439934094
              },
              {
                "carrier_i": "Gas",
                "carrier_j": "Nuclear",
                "theta_deg": 15.31704553025856
              },
              {
                "carrier_i": "Gas",
                "carrier_j": "Other Fossil",
                "theta_deg": 29.048348912943027
              },
              {
                "carrier_i": "Gas",
                "carrier_j": "Solar",
                "theta_deg": -73.06727155837116
              },
              {
                "carrier_i": "Gas",
                "carrier_j": "Wind",
                "theta_deg": -36.54545539579501
              },
              {
                "carrier_i": "Hydro",
                "carrier_j": "Nuclear",
                "theta_deg": 15.702088912278533
              },
              {
                "carrier_i": "Hydro",
                "carrier_j": "Other Fossil",
                "theta_deg": 29.68703708331884
              },
              {
                "carrier_i": "Hydro",
                "carrier_j": "Solar",
                "theta_deg": -73.47916675653424
              },
              {
                "carrier_i": "Hydro",
                "carrier_j": "Wind",
                "theta_deg": -37.26301808557919
              },
              {
                "carrier_i": "Nuclear",
                "carrier_j": "Other Fossil",
                "theta_deg": 63.75086260996954
              },
              {
                "carrier_i": "Nuclear",
                "carrier_j": "Solar",
                "theta_deg": -85.23343482344781
              },
              {
                "carrier_i": "Nuclear",
                "carrier_j": "Wind",
                "theta_deg": -69.71941579678766
              },
              {
                "carrier_i": "Other Fossil",
                "carrier_j": "Solar",
                "theta_deg": -80.4024204052291
              },
              {
                "carrier_i": "Other Fossil",
                "carrier_j": "Wind",
                "theta_deg": -53.15383007790432
              },
              {
                "carrier_i": "Solar",
                "carrier_j": "Wind",
                "theta_deg": -167.28400244258395
              }
            ]
          },
          "helmsman_delta": 0.5204230169354664,
          "higgins_scale": 0.5008221370694852,
          "metric_tensor": {
            "matrix": [
              [
                48516.31374674909,
                -42.545913248818074,
                -258.0047296971939,
                -271.03527160109263,
                -1035.4324323018586,
                -604.1410203266554,
                -939137.216097786,
                -7224.13243152143
              ],
              [
                -42.545913248818074,
                1.8282011786306631,
                -1.5837833091249587,
                -1.6637723651413707,
                -6.356087370688918,
                -3.7085694726374068,
                -5764.97124521485,
                -44.34593265549884
              ],
              [
                -258.0047296971939,
                -1.5837833091249587,
                67.23007860378803,
                -10.089362445590124,
                -38.544256751896114,
                -22.489315454467533,
                -34959.64087396978,
                -268.9203144151522
              ],
              [
