{
  "framework": "Higgins Unity Framework",
  "instrument": "H\u02e2 Higgins Decomposition \u2014 12-Step Pipeline v1.0 Extended",
  "experiment": "BALL_OXIDES_COMPOSIT",
  "name": "Ball Intraplate Volcanics",
  "domain": "GEOCHEMISTRY",
  "carriers": [
    "SiO2",
    "TiO2",
    "Al2O3",
    "FeO",
    "CaO",
    "MgO",
    "MnO",
    "K2O",
    "Na2O",
    "P2O5"
  ],
  "D": 10,
  "N": 26266,
  "data_source": {
    "type": "LOCAL FILE",
    "url": null,
    "description": "Ingested from ball_oxides_composition.csv"
  },
  "data_hash_sha256_16": "feed7349a1920080",
  "run_timestamp": "2026-04-30T20:20:20.311203Z",
  "pipeline_version": "1.0 Extended",
  "steps": {
    "step1_system": "BALL_OXIDES_COMPOSIT: Ball Intraplate Volcanics: 10-part simplex, carriers=['SiO2', 'TiO2', 'Al2O3', 'FeO', 'CaO', 'MgO', 'MnO', 'K2O', 'Na2O', 'P2O5']",
    "step2_n_samples": 26266,
    "step2_D": 10,
    "step2_carriers": [
      "SiO2",
      "TiO2",
      "Al2O3",
      "FeO",
      "CaO",
      "MgO",
      "MnO",
      "K2O",
      "Na2O",
      "P2O5"
    ],
    "data_hash_sha256_16": "feed7349a1920080",
    "step3_closure_check": true,
    "step3_zero_replacement_applied": true,
    "step3_zero_delta": 1e-06,
    "step4_clr_mean_per_part": [
      2.706156155891875,
      -0.48813172360623663,
      1.408835023413626,
      1.1922851875639207,
      0.9342942169019613,
      0.867230938711645,
      -2.9233727085632486,
      -1.3064249148847569,
      -0.17798815871361712,
      -2.2128840167151616
    ],
    "step4_clr_std_per_part": [
      0.529979240939426,
      0.69766808815498,
      0.3804493454779096,
      0.5558633211221116,
      0.738931297020786,
      0.9259306833392843,
      1.005395015602471,
      1.0535932869191145,
      0.4847241831482417,
      1.0037804121116518
    ],
    "step5_sigma2_range": [
      0.09249691594526464,
      6.28648004846449
    ],
    "step5_sigma2_final": 5.9881221864730865,
    "matrix_analysis": {
      "lambda1_fraction": 0.45747561243835455,
      "eigenvalues_final": [
        2.73952416386489,
        1.29263799399737,
        0.8557205509529733,
        0.4193862035366126,
        0.30396984694555423,
        0.17460613207698886,
        0.10554117825138204,
        0.06290528941961965,
        0.03405881608890392,
        7.29666436778518e-17
      ],
      "eigenvector_overlap": 0.0020964478119993024,
      "condition_number": 80.43509664909945,
      "von_neumann_entropy": 1.5557365944041748,
      "von_neumann_ratio": 0.6756478182446904,
      "commutator_norm": 0.1983414555694369,
      "det_V": 5.852179478787333e-22,
      "det_amgm_ratio": 9.868377500982222e-20,
      "cholesky_last_diag": 3.162312899130735e-06,
      "eigenvalue_power_law_alpha": 0.3110734877313519,
      "eigenvalue_power_law_R2": 0.9399463535856502,
      "eigenvalue_ratio_matches": 19,
      "eigenvalue_ratio_best_match": {
        "ratio": "\u03bb6/\u03bb5",
        "value": 0.5744192518814656,
        "constant": "euler_gamma",
        "delta": 0.0027964130200672788
      },
      "gamma": 0.7365625483023458,
      "VSWR": 6.591934962593663,
      "Q_factor": 102.7064399570786,
      "trace_final": 5.988350175134296,
      "n_slices": 10
    },
    "step6_pll_coeffs": [
      1.2530870191412469e-10,
      0.00010880984430439537,
      2.7294696228164366
    ],
    "step6_pll_R2": 0.5281518659620678,
    "step6_pll_shape": "bowl",
    "step6_vertex": [
      -434167.1513721523,
      -20.891360448626934
    ],
    "step6_curvature": "concave_up",
    "step7_squeeze_count": 7379,
    "step7_squeeze_closest": {
      "time_index": 23016,
      "sigma2_A": 6.283162001559085,
      "constant": "1/(2pi)",
      "constant_value": 0.15915494309189535,
      "test_type": "reciprocal",
      "test_value": 0.1591555334323487,
      "delta": 5.903404533547096e-07
    },
    "step7_squeeze_mean": 4.187341201211041,
    "step7_cancellation": true,
    "step8_entropy_range": [
      0.11556509859559314,
      0.8223751758742238
    ],
    "step8_entropy_mean": 0.6840397989209334,
    "step8_entropy_cv": 7.758929812025634,
    "step8_eitt_invariance": {
      "compression_2x": {
        "H_mean_original": 0.6840397989209334,
        "H_mean_decimated": 0.6834750858390802,
        "variation_pct": 0.08255558854089479,
        "pass": true
      },
      "compression_4x": {
        "H_mean_original": 0.6840355426708654,
        "H_mean_decimated": 0.6828858660022594,
        "variation_pct": 0.1680726507451642,
        "pass": true
      },
      "compression_8x": {
        "H_mean_original": 0.6840355426708654,
        "H_mean_decimated": 0.6823047329389449,
        "variation_pct": 0.2530292103188753,
        "pass": true
      }
    },
    "step9_chaos_detection": {
      "total_deviations": 26254,
      "stalls": 3491,
      "spikes": 403,
      "reversals": 22360
    },
    "step10_ternary_type": "projected_ternary",
    "step11_complex_range_re": [
      -0.14486231601466054,
      0.8243009822714801
    ],
    "step11_complex_range_im": [
      -0.1864773756767582,
      0.5865632064674279
    ],
    "step12_radius_range": [
      0.00020910809928332308,
      0.838112785318832
    ],
    "step12_theta_range": [
      -3.1413708966948666,
      3.141031213653382
    ],
    "step9_angular_velocity_std": 0.8810275102835405
  },
  "extended": {
    "universal": {
      "per_carrier_contribution": {
        "carrier_variance": [
          0.28087799582673023,
          0.48674076122982496,
          0.1447417044745698,
          0.30898403176890377,
          0.546019461716821,
          0.857347630349154,
          1.0108191373982927,
          1.1100588142410235,
          0.23495753372873018,
          1.0075751157390374
        ],
        "carrier_pct": [
          4.6905855805885475,
          8.12843736437696,
          2.417146811091049,
          5.159948680855003,
          9.118375422436365,
          14.31747054670771,
          16.88040266916547,
          18.537678084602202,
          3.9237264439842137,
          16.826228396192494
        ],
        "dominant_carrier": "K2O",
        "dominant_pct": 18.537678084602202
      },
      "match_density": {
        "density": 238.3186268104379,
        "concentration": 0.34054558780286537,
        "total_matches": 7379,
        "n_constants_hit": 30,
        "dominant_constant": "1/(2pi)",
        "trajectory_length": 30.962749738690647
      },
      "coda_structural": {
        "variation_matrix": [
          [
            0.0,
            1.3018325325531126,
            0.3914069643550375,
            0.2008491335040035,
            0.7640507745460253,
            0.7273895367018883,
            1.0221226681235924,
            1.8433516644107348,
            0.561644400711337,
            1.9842544698346518
          ],
          [
            1.3018325325531126,
            0.0,
            0.49470107628572957,
            1.2497044153934365,
            0.9902067554073188,
            1.876295971732151,
            2.147434313899907,
            1.1760875556609185,
            0.5881880808803198,
            1.0310790969584505
          ],
          [
            0.3914069643550375,
            0.49470107628572957,
            0.0,
            0.5590564469699105,
            0.6912942671060882,
            1.3702816874876338,
            1.3560270948713706,
            1.0950292484874125,
            0.13453939663303685,
            1.3432030490225673
          ],
          [
            0.2008491335040035,
            1.2497044153934365,
            0.5590564469699105,
            0.0,
            0.6554534376368597,
            0.5032351361504067,
            0.9975922763101557,
            2.189689243304061,
            0.7734017265826703,
            1.9489806883106349
          ],
          [
            0.7640507745460253,
            0.9902067554073188,
            0.6912942671060882,
            0.6554534376368597,
            0.0,
            0.917838158453343,
            2.213850817124986,
            2.490656215723348,
            0.8614295826156853,
            1.863536795027619
          ],
          [
            0.7273895367018883,
            1.876295971732151,
            1.3702816874876338,
            0.5032351361504067,
            0.917838158453343,
            0.0,
            1.462633363924278,
            3.4299506890730966,
            1.711910062431146,
            2.562063884010689
          ],
          [
            1.0221226681235924,
            2.147434313899907,
            1.3560270948713706,
            0.9975922763101557,
            2.213850817124986,
            1.462633363924278,
            0.0,
            2.605209509656394,
            1.5962675637169117,
            2.6951759528284494
          ],
          [
            1.8433516644107348,
            1.1760875556609185,
            1.0950292484874125,
            2.189689243304061,
            2.490656215723348,
            3.4299506890730966,
            2.605209509656394,
            0.0,
            0.8667367524431783,
            1.3919994501242658
          ],
          [
            0.561644400711337,
            0.5881880808803198,
            0.13453939663303685,
            0.7734017265826703,
            0.8614295826156853,
            1.711910062431146,
            1.5962675637169117,
            0.8667367524431783,
            0.0,
            1.2435799577461277
          ],
          [
            1.9842544698346518,
            1.0310790969584505,
            1.3432030490225673,
            1.9489806883106349,
            1.863536795027619,
            2.562063884010689,
            2.6951759528284494,
            1.3919994501242658,
            1.2435799577461277,
            0.0
          ]
        ],
        "clr_means": [
          2.706156155891875,
          -0.48813172360623663,
          1.408835023413626,
          1.1922851875639207,
          0.9342942169019613,
          0.867230938711645,
          -2.9233727085632486,
          -1.3064249148847569,
          -0.17798815871361712,
          -2.2128840167151616
        ],
        "clr_stds": [
          0.529979240939426,
          0.69766808815498,
          0.3804493454779096,
          0.5558633211221116,
          0.738931297020786,
          0.9259306833392843,
          1.005395015602471,
          1.0535932869191145,
          0.4847241831482417,
          1.0037804121116518
        ],
        "aitchison_distance_mean": 2.1071742631575106
      },
      "carrier_drift": {
        "variance_ratio_2nd_to_1st": 1.7387928436148148,
        "drift_direction": "increasing",
        "max_shift_carrier": "MgO",
        "max_shift_magnitude": 0.030355073969747945
      },
      "claim_status": {
        "htp_classification": "NATURAL",
        "hvld_shape": "bowl",
        "hvld_R2": 0.5281518659620678,
        "guards_passed": true,
        "pipeline_version": "1.0 Extended",
        "constants_tested": 35
      }
    },
    "conditional": {
      "PID": {
        "target": "Al2O3",
        "sources": [
          "SiO2",
          "TiO2"
        ],
        "I_source1_target": 0.22898876572834612,
        "I_source2_target": 0.16138751706215987,
        "redundancy": 0.16138751706215987,
        "unique_source1": 0.06760124866618625,
        "unique_source2": 0.0,
        "dominant": "redundancy"
      },
      "transfer_entropy": {
        "te_matrix": {
          "SiO2->TiO2": 0.0,
          "SiO2->Al2O3": 0.0,
          "SiO2->FeO": 0.0,
          "TiO2->SiO2": 0.0,
          "TiO2->Al2O3": 0.0,
          "TiO2->FeO": 0.0,
          "Al2O3->SiO2": 0.0,
          "Al2O3->TiO2": 0.0,
          "Al2O3->FeO": 0.0,
          "FeO->SiO2": 0.0,
          "FeO->TiO2": 0.0,
          "FeO->Al2O3": 0.0
        },
        "dominant_flow": "SiO2->TiO2",
        "dominant_te": 0.0
      },
      "order_sensitivity": {
        "original_sigma2_final": 5.9881221864730865,
        "shuffled_sigma2": 5.988122186473081,
        "order_matters": false,
        "relative_difference": 8.899401769454363e-16
      },
      "zero_crossing": {
        "n_near_zero_events": 26265,
        "near_zero_carriers": [
          "SiO2",
          "TiO2",
          "Al2O3",
          "FeO",
          "CaO",
          "MgO",
          "MnO",
          "K2O",
          "Na2O",
          "P2O5"
        ],
        "zero_threshold": 0.01
      },
      "ratio_pair_lattice": {
        "pairs": {
          "ln(SiO2/TiO2)": {
            "mean": 3.1942878794981087,
            "std": 1.1409787607808974,
            "cv": 35.71934665325686
          },
          "ln(SiO2/Al2O3)": {
            "mean": 1.2973211324782454,
            "std": 0.6256252587252512,
            "cv": 48.22439433559001
          },
          "ln(SiO2/FeO)": {
            "mean": 1.5138709683279477,
            "std": 0.448161950085015,
            "cv": 29.603708602722236
          },
          "ln(SiO2/CaO)": {
            "mean": 1.7718619389899135,
            "std": 0.874099979719726,
            "cv": 49.33228489675808
          },
          "ln(SiO2/MgO)": {
            "mean": 1.8389252171802273,
            "std": 0.852871348271173,
            "cv": 46.378794542768276
          },
          "ln(SiO2/MnO)": {
            "mean": 5.62952886445512,
            "std": 1.0110008249866034,
            "cv": 17.958888733479437
          },
          "ln(SiO2/K2O)": {
            "mean": 4.01258107077662,
            "std": 1.3577008744236467,
            "cv": 33.83609827379435
          },
          "ln(SiO2/Na2O)": {
            "mean": 2.8841443146054875,
            "std": 0.7494293834053593,
            "cv": 25.984461998319635
          },
          "ln(SiO2/P2O5)": {
            "mean": 4.9190401726070325,
            "std": 1.40863567675771,
            "cv": 28.636393022404405
          },
          "ln(TiO2/Al2O3)": {
            "mean": -1.896966747019863,
            "std": 0.7033498960586613,
            "cv": 37.077608090053495
          },
          "ln(TiO2/FeO)": {
            "mean": -1.680416911170161,
            "std": 1.1179017914796614,
            "cv": 66.52526429891786
          },
          "ln(TiO2/CaO)": {
            "mean": -1.4224259405081947,
            "std": 0.9950913301839781,
            "cv": 69.95733850498105
          },
          "ln(TiO2/MgO)": {
            "mean": -1.3553626623178816,
            "std": 1.3697795339879155,
            "cv": 101.06369107478427
          },
          "ln(TiO2/MnO)": {
            "mean": 2.435240984957011,
            "std": 1.4654126769957694,
            "cv": 60.1752633947904
          },
          "ln(TiO2/K2O)": {
            "mean": 0.818293191278512,
            "std": 1.0844757054267828,
            "cv": 132.52899046274402
          },
          "ln(TiO2/Na2O)": {
            "mean": -0.3101435648926211,
            "std": 0.7669342089647063,
            "cv": 247.28361177838295
          },
          "ln(TiO2/P2O5)": {
            "mean": 1.7247522931089236,
            "std": 1.0154206502521261,
            "cv": 58.873419348919754
          },
          "ln(Al2O3/FeO)": {
            "mean": 0.21654983584970217,
            "std": 0.7477007736855101,
            "cv": 345.27884574544623
          },
          "ln(Al2O3/CaO)": {
            "mean": 0.4745408065116682,
            "std": 0.8314410785534283,
            "cv": 175.20960624341683
          },
          "ln(Al2O3/MgO)": {
            "mean": 0.5416040847019816,
            "std": 1.1705903158183197,
            "cv": 216.13395262010232
          },
          "ln(Al2O3/MnO)": {
            "mean": 4.332207731976873,
            "std": 1.1644857641342683,
            "cv": 26.879730524900065
          },
          "ln(Al2O3/K2O)": {
            "mean": 2.7152599382983755,
            "std": 1.046436452197367,
            "cv": 38.53908929445472
          },
          "ln(Al2O3/Na2O)": {
            "mean": 1.586823182127242,
            "std": 0.36679612407035717,
            "cv": 23.115122604816154
          },
          "ln(Al2O3/P2O5)": {
            "mean": 3.621719040128786,
            "std": 1.1589663709627502,
            "cv": 32.000449458430055
          },
          "ln(FeO/CaO)": {
            "mean": 0.257990970661966,
            "std": 0.8096007890540002,
            "cv": 313.8097379829559
          },
          "ln(FeO/MgO)": {
            "mean": 0.32505424885227946,
            "std": 0.709390679492201,
            "cv": 218.23762710284794
          },
          "ln(FeO/MnO)": {
            "mean": 4.115657896127171,
            "std": 0.9987954126397236,
            "cv": 24.268183552855273
          },
          "ln(FeO/K2O)": {
            "mean": 2.498710102448673,
            "std": 1.4797598600124484,
            "cv": 59.2209499838465
          },
          "ln(FeO/Na2O)": {
            "mean": 1.3702733462775394,
            "std": 0.879432616283175,
            "cv": 64.17935652563237
          },
          "ln(FeO/P2O5)": {
            "mean": 3.405169204279085,
            "std": 1.3960589845384883,
            "cv": 40.99822654287309
          },
          "ln(CaO/MgO)": {
            "mean": 0.06706327819031342,
            "std": 0.9580387040476721,
            "cv": 1428.5593098042898
          },
          "ln(CaO/MnO)": {
            "mean": 3.8576669254652054,
            "std": 1.487901480987564,
            "cv": 38.56998309433193
          },
          "ln(CaO/K2O)": {
            "mean": 2.240719131786707,
            "std": 1.578181300017,
            "cv": 70.43191079279036
          },
          "ln(CaO/Na2O)": {
            "mean": 1.1122823756155737,
            "std": 0.9281323087877532,
            "cv": 83.4439463516712
          },
          "ln(CaO/P2O5)": {
            "mean": 3.147178233617119,
            "std": 1.3651142058551802,
            "cv": 43.37581492123582
          },
          "ln(MgO/MnO)": {
            "mean": 3.7906036472748914,
            "std": 1.209393800184323,
            "cv": 31.90504501977594
          },
          "ln(MgO/K2O)": {
            "mean": 2.1736558535963932,
            "std": 1.852012604998437,
            "cv": 85.20265993046756
          },
          "ln(MgO/Na2O)": {
            "mean": 1.0452190974252602,
            "std": 1.3083998098559728,
            "cv": 125.17947797538514
          },
          "ln(MgO/P2O5)": {
            "mean": 3.080114955426805,
            "std": 1.6006448338125134,
            "cv": 51.96704853474261
          },
          "ln(MnO/K2O)": {
            "mean": -1.6169477936784988,
            "std": 1.6140661416609896,
            "cv": 99.82178447388499
          },
          "ln(MnO/Na2O)": {
            "mean": -2.7453845498496317,
            "std": 1.2634348276491794,
            "cv": 46.02032264363036
          },
          "ln(MnO/P2O5)": {
            "mean": -0.710488691848087,
            "std": 1.6416991054479044,
            "cv": 231.06618364010836
          },
          "ln(K2O/Na2O)": {
            "mean": -1.128436756171133,
            "std": 0.9309869775905452,
            "cv": 82.50236200648504
          },
          "ln(K2O/P2O5)": {
            "mean": 0.9064591018304116,
            "std": 1.1798302632685203,
            "cv": 130.15813519728476
          },
          "ln(Na2O/P2O5)": {
            "mean": 2.0348958580015446,
            "std": 1.115159162517229,
            "cv": 54.80178054971413
          }
        },
        "most_stable": "ln(SiO2/MnO)",
        "least_stable": "ln(CaO/MgO)"
      }
    },
    "auto_detected": [
      "PID",
      "transfer_entropy",
      "order_sensitivity",
      "zero_crossing_detector",
      "ratio_pair_lattice"
    ]
  }
}