{
  "metadata": {
    "_function": "provenance",
    "_description": "Identity, schema version, run-time provenance.",
    "schema_version": "2.1.0",
    "engine_version": "cnt 2.0.4",
    "engine_implementation": "python",
    "generated": "2026-05-06T01:24:36.777921+00:00",
    "wall_clock_ms": 62,
    "mathematical_lineage": {
      "Aitchison_1986": "CLR transform, simplex geometry, Aitchison distance",
      "Shannon_1948": "Entropy H = -sum x_j ln x_j",
      "Egozcue_2003": "ILR, Helmert basis, orthonormal coordinates",
      "Higgins_2026": "CNT tensor decomposition, recursive depth sounder, metric dual involution"
    },
    "engine_config": {
      "_description": "Active values from the USER CONFIGURATION block at top of cnt.py. Two runs with identical config and input produce identical content_sha256. Two runs with different config produce different content_sha256 - that is correct.",
      "DEFAULT_DELTA": 1e-15,
      "DEGEN_THRESHOLD": 0.0001,
      "LOCK_CLR_THRESHOLD": -10.0,
      "DEPTH_MAX_LEVELS": 50,
      "DEPTH_PRECISION_TARGET": 0.01,
      "NOISE_FLOOR_OMEGA_VAR": 1e-06,
      "TRIADIC_T_LIMIT": 500,
      "TRIADIC_K_DEFAULT": 500,
      "EITT_GATE_PCT": 5.0,
      "EITT_M_SWEEP_BASE": [
        2,
        4,
        8,
        16,
        32,
        64,
        128
      ],
      "active_overrides": {}
    },
    "units": {
      "input_units": "ratio",
      "higgins_scale_units": "neper",
      "units_scale_factor_to_neper": 1.0,
      "feature": "v1.1-B native units",
      "schema_addition": "2.1.0",
      "_description": "v1.1-B native units (additive 2.1.0).",
      "report_units_scale_factors": true
    },
    "environment": {
      "git_sha": "unknown",
      "language_version": "python 3.10.12",
      "numerical_lib": "numpy 2.2.6",
      "platform": "Linux-6.8.0-106-generic-x86_64-with-glibc2.35",
      "hostname_hash": "c857d09db23e6822e3600bc06ad8d58f92ed62bc8efd81c753f77048662cb97d"
    }
  },
  "input": {
    "_function": "provenance",
    "_description": "Source data identity, hashes, and ordering declaration.",
    "source_file": "ball_oxides_by_tas_barycenters.csv",
    "source_file_sha256": "3c5c8bbb84b417871eaeb90b24983bd9570acca0b477f978e6a9cdbc1bda904c",
    "closed_data_sha256": "44354dca343d22d54257d6d10ae111b9510fd3ab02c443a2985cf86f33d6c82b",
    "n_records": 15,
    "n_carriers": 10,
    "carriers": [
      "SiO2",
      "TiO2",
      "Al2O3",
      "FeO",
      "CaO",
      "MgO",
      "MnO",
      "K2O",
      "Na2O",
      "P2O5"
    ],
    "labels": [
      "Foidite",
      "Picrobasalt",
      "Basanite",
      "Basalt",
      "Trachybasalt",
      "Phonotephrite",
      "Basaltic_Trachyandesite",
      "Basaltic_Andesite",
      "Tephriphonolite",
      "Trachyandesite",
      "Andesite",
      "Phonolite",
      "Trachyte",
      "Dacite",
      "Rhyolite"
    ],
    "zero_replacement": {
      "method": "multiplicative",
      "delta": 1e-15,
      "applied": false,
      "n_replacements": 0
    },
    "ordering": {
      "is_temporal": false,
      "ordering_method": "by-label",
      "caveat": "Order is treated as arbitrary; angular_velocity and energy_depth are ordering-dependent."
    }
  },
  "tensor": {
    "_function": "composer",
    "_description": "Per-record compositional state. coda_standard fields follow Aitchison/Egozcue/Shannon. higgins_extensions are HUF-framework readings of the same simplex; see schema \u00a78 for the mapping.",
    "helmert_basis": {
      "D": 10,
      "dim": 9,
      "coefficients": [
        [
          0.7071067811865476,
          -0.7071067811865476,
          0.0,
          0.0,
          0.0,
          0.0,
          0.0,
          0.0,
          0.0,
          0.0
        ],
        [
          0.408248290463863,
          0.408248290463863,
          -0.816496580927726,
          0.0,
          0.0,
          0.0,
          0.0,
          0.0,
          0.0,
          0.0
        ],
        [
          0.28867513459481287,
          0.28867513459481287,
          0.28867513459481287,
          -0.8660254037844386,
          0.0,
          0.0,
          0.0,
          0.0,
          0.0,
          0.0
        ],
        [
          0.22360679774997896,
          0.22360679774997896,
          0.22360679774997896,
          0.22360679774997896,
          -0.8944271909999159,
          0.0,
          0.0,
          0.0,
          0.0,
          0.0
        ],
        [
          0.18257418583505539,
          0.18257418583505539,
          0.18257418583505539,
          0.18257418583505539,
          0.18257418583505539,
          -0.9128709291752769,
          0.0,
          0.0,
          0.0,
          0.0
        ],
        [
          0.1543033499620919,
          0.1543033499620919,
          0.1543033499620919,
          0.1543033499620919,
          0.1543033499620919,
          0.1543033499620919,
          -0.9258200997725514,
          0.0,
          0.0,
          0.0
        ],
        [
          0.1336306209562122,
          0.1336306209562122,
          0.1336306209562122,
          0.1336306209562122,
          0.1336306209562122,
          0.1336306209562122,
          0.1336306209562122,
          -0.9354143466934853,
          0.0,
          0.0
        ],
        [
          0.11785113019775792,
          0.11785113019775792,
          0.11785113019775792,
          0.11785113019775792,
          0.11785113019775792,
          0.11785113019775792,
          0.11785113019775792,
          0.11785113019775792,
          -0.9428090415820634,
          0.0
        ],
        [
          0.10540925533894598,
          0.10540925533894598,
          0.10540925533894598,
          0.10540925533894598,
          0.10540925533894598,
          0.10540925533894598,
          0.10540925533894598,
          0.10540925533894598,
          0.10540925533894598,
          -0.9486832980505138
        ]
      ]
    },
    "timesteps": [
      {
        "raw_values": [
          0.4127584731,
          0.0360309118,
          0.1169504591,
          0.133821194,
          0.1321135613,
          0.1077067994,
          0.0024433858,
          0.0155165351,
          0.0318870242,
          0.0107716563
        ],
        "index": 0,
        "label": "Foidite",
        "coda_standard": {
          "composition": [
            0.41275847305872415,
            0.03603091179639691,
            0.11695045908830495,
            0.13382119398661788,
            0.13211356128678864,
            0.10770679938922932,
            0.0024433857997556616,
            0.015516535098448346,
            0.0318870241968113,
            0.010771656298922834
          ],
          "shannon_entropy": 1.7505414729482676,
          "aitchison_norm": 4.556386021592473,
          "ilr": [
            1.724269547928843,
            0.034186305579969434,
            -0.09252712018791942,
            -0.0601843657339548,
            0.13731278310133543,
            3.6212313170380304,
            1.4069447489931535,
            0.5617099546865402,
            1.5319965152365362
          ],
          "clr": [
            2.192564836675143,
            -0.24592054319275203,
            0.9314526443103022,
            1.06620676142657,
            1.0533640912867317,
            0.8491149406243679,
            -2.9369130739245164,
            -1.0883915383571767,
            -0.36809861217217765,
            -1.4533795066764914
          ]
        },
        "higgins_extensions": {
          "metric_tensor": {
            "matrix": [
              [
                5.282633913100106,
                -6.7240161880403235,
                -2.071581728515447,
                -1.810419014891267,
                -1.83381957029307,
                -2.2493699150162763,
                -99.15439232439391,
                -15.613823102366013,
                -7.597837687627592,
                -22.491660285619503
              ],
              [
                -6.7240161880403235,
                693.2533939892371,
                -23.731370327516792,
                -20.739574740868076,
                -21.007643935757006,
                -25.768054294956666,
                -1135.8806517068267,
                -178.86690791394568,
                -87.03837139105649,
                -257.6571863767327
              ],
              [
                -2.071581728515447,
                -23.731370327516792,
                65.80193237116632,
                -6.389592601930415,
                -6.472181226136509,
                -7.938801597737336,
                -349.9500206491725,
                -55.10656249305908,
                -26.815387531957107,
                -79.38082012177595
              ],
              [
                -1.810419014891267,
                -20.739574740868076,
                -6.389592601930415,
                50.25655423698828,
                -5.656238321824161,
                -6.937962992313422,
                -305.83209096890283,
                -48.15932058554268,
                -23.434792270698168,
                -69.37334124351197
              ],
              [
                -1.83381957029307,
                -21.007643935757006,
                -6.472181226136509,
                -5.656238321824161,
                51.56413183432661,
                -7.027639573282738,
                -309.78512102962435,
                -48.78180346945276,
                -23.73769847658175,
                -70.27002576893078
              ],
              [
                -2.2493699150162763,
                -25.768054294956666,
                -7.938801597737336,
                -6.937962992313422,
                -7.027639573282738,
                77.5811598764558,
                -379.98358325533155,
                -59.8359418243571,
                -29.11674936287077,
                -86.19347533017694
              ],
              [
                -99.15439232439391,
                -1135.8806517068267,
                -349.9500206491725,
                -305.83209096890283,
                -309.78512102962435,
                -379.98358325533155,
                150750.38096430647,
                -2637.625946334836,
                -1283.4943555810137,
                -3799.491409410751
              ],
              [
                -15.613823102366013,
                -178.86690791394568,
                -55.10656249305908,
                -48.15932058554268,
                -48.78180346945276,
                -59.8359418243571,
                -2637.625946334836,
                3738.1180574827495,
                -202.11160949243109,
                -598.3051819975077
              ],
              [
                -7.597837687627592,
                -87.03837139105649,
                -26.815387531957107,
                -23.434792270698168,
                -23.73769847658175,
                -29.11674936287077,
                -1283.4943555810137,
                -202.11160949243109,
                885.1452166947956,
                -291.1411017455876
              ],
              [
                -22.491660285619503,
                -257.6571863767327,
                -79.38082012177595,
                -69.37334124351197,
                -70.27002576893078,
                -86.19347533017694,
                -3799.491409410751,
                -598.3051819975077,
                -291.1411017455876,
                7756.709635526149
              ]
            ],
            "eigenvalues": [
              -6.635907169420182e-14,
              17.44663350199006,
              56.54669495412517,
              66.80061934763796,
              81.45367828709448,
              605.307060002502,
              905.5879632993448,
              3632.195233170907,
              7788.593395428259,
              150920.1624022396
            ],
            "trace": 164074.09368023145
          },
          "metric_tensor_diagonal": [
            5.282633913100106,
            693.2533939892371,
            65.80193237116632,
            50.25655423698828,
            51.56413183432661,
            77.5811598764558,
            150750.38096430647,
            3738.1180574827495,
            885.1452166947956,
            7756.709635526149
          ],
          "bearing_tensor": {
            "pairs": [
              {
                "carrier_i": "SiO2",
                "carrier_j": "TiO2",
                "theta_deg": -6.399612681224319
              },
              {
                "carrier_i": "SiO2",
                "carrier_j": "Al2O3",
                "theta_deg": 23.016916535378293
              },
              {
                "carrier_i": "SiO2",
                "carrier_j": "FeO",
                "theta_deg": 25.932861879347698
              },
              {
                "carrier_i": "SiO2",
                "carrier_j": "CaO",
                "theta_deg": 25.660817412492406
              },
              {
                "carrier_i": "SiO2",
                "carrier_j": "MgO",
                "theta_deg": 21.169899110399076
              },
              {
                "carrier_i": "SiO2",
                "carrier_j": "MnO",
                "theta_deg": -53.25666597388587
              },
              {
                "carrier_i": "SiO2",
                "carrier_j": "K2O",
                "theta_deg": -26.399851171752093
              },
              {
                "carrier_i": "SiO2",
                "carrier_j": "Na2O",
                "theta_deg": -9.530224044987278
              },
              {
                "carrier_i": "SiO2",
                "carrier_j": "P2O5",
                "theta_deg": -33.53909580229958
              },
              {
                "carrier_i": "TiO2",
                "carrier_j": "Al2O3",
                "theta_deg": 104.78965777860199
              },
              {
                "carrier_i": "TiO2",
                "carrier_j": "FeO",
                "theta_deg": 102.98812824757117
              },
              {
                "carrier_i": "TiO2",
                "carrier_j": "CaO",
                "theta_deg": 103.14101639441515
              },
              {
                "carrier_i": "TiO2",
                "carrier_j": "MgO",
                "theta_deg": 106.1520657526523
              },
              {
                "carrier_i": "TiO2",
                "carrier_j": "MnO",
                "theta_deg": -94.7864597320188
              },
              {
                "carrier_i": "TiO2",
                "carrier_j": "K2O",
                "theta_deg": -102.73210476437589
              },
              {
                "carrier_i": "TiO2",
                "carrier_j": "Na2O",
                "theta_deg": -123.74622422993346
              },
              {
                "carrier_i": "TiO2",
                "carrier_j": "P2O5",
                "theta_deg": -99.60382488721594
              },
              {
                "carrier_i": "Al2O3",
                "carrier_j": "FeO",
                "theta_deg": 48.85909794337321
              },
              {
                "carrier_i": "Al2O3",
                "carrier_j": "CaO",
                "theta_deg": 48.51480671088861
              },
              {
                "carrier_i": "Al2O3",
                "carrier_j": "MgO",
                "theta_deg": 42.35239222533291
              },
              {
                "carrier_i": "Al2O3",
                "carrier_j": "MnO",
                "theta_deg": -72.40338665196613
              },
              {
                "carrier_i": "Al2O3",
                "carrier_j": "K2O",
                "theta_deg": -49.442870722132994
              },
              {
                "carrier_i": "Al2O3",
                "carrier_j": "Na2O",
                "theta_deg": -21.563321401389473
              },
              {
                "carrier_i": "Al2O3",
                "carrier_j": "P2O5",
                "theta_deg": -57.34470059053633
              },
              {
                "carrier_i": "FeO",
                "carrier_j": "CaO",
                "theta_deg": 44.65284397490111
              },
              {
                "carrier_i": "FeO",
                "carrier_j": "MgO",
                "theta_deg": 38.53341730601609
              },
              {
                "carrier_i": "FeO",
                "carrier_j": "MnO",
                "theta_deg": -70.0472529664603
              },
              {
                "carrier_i": "FeO",
                "carrier_j": "K2O",
                "theta_deg": -45.58992396454933
              },
              {
                "carrier_i": "FeO",
                "carrier_j": "Na2O",
                "theta_deg": -19.046788543959224
              },
              {
                "carrier_i": "FeO",
                "carrier_j": "P2O5",
                "theta_deg": -53.73603420312326
              },
              {
                "carrier_i": "CaO",
                "carrier_j": "MgO",
                "theta_deg": 38.872226268188285
              },
              {
                "carrier_i": "CaO",
                "carrier_j": "MnO",
                "theta_deg": -70.26893286474979
              },
              {
                "carrier_i": "CaO",
                "carrier_j": "K2O",
                "theta_deg": -45.93696309401868
              },
              {
                "carrier_i": "CaO",
                "carrier_j": "Na2O",
                "theta_deg": -19.261993464277094
              },
              {
                "carrier_i": "CaO",
                "carrier_j": "P2O5",
                "theta_deg": -54.06657270790224
              },
              {
                "carrier_i": "MgO",
                "carrier_j": "MnO",
                "theta_deg": -73.87445744583431
              },
              {
                "carrier_i": "MgO",
                "carrier_j": "K2O",
                "theta_deg": -52.04022050988392
              },
              {
                "carrier_i": "MgO",
                "carrier_j": "Na2O",
                "theta_deg": -23.43714578111728
              },
              {
                "carrier_i": "MgO",
                "carrier_j": "P2O5",
                "theta_deg": -59.705039370211544
              },
              {
                "carrier_i": "MnO",
                "carrier_j": "K2O",
                "theta_deg": -159.66578224646972
              },
              {
                "carrier_i": "MnO",
                "carrier_j": "Na2O",
                "theta_deg": -172.8560738827048
              },
              {
                "carrier_i": "MnO",
                "carrier_j": "P2O5",
                "theta_deg": -153.6707400281857
              },
              {
                "carrier_i": "K2O",
                "carrier_j": "Na2O",
                "theta_deg": -161.31424610865182
              },
              {
                "carrier_i": "K2O",
                "carrier_j": "P2O5",
                "theta_deg": -126.828419338701
              },
              {
                "carrier_i": "Na2O",
                "carrier_j": "P2O5",
                "theta_deg": -104.21248741063935
              }
            ]
          },
          "higgins_scale": 0.23974949795577694,
          "condition_number": 168.92889903018997
        }
      },
      {
        "raw_values": [
          0.4541339342,
          0.0243976965,
          0.1076779345,
          0.1332173671,
          0.1043389112,
          0.1498240078,
          0.0019205709,
          0.0051851918,
          0.0157855579,
          0.0035188279
        ],
        "index": 1,
        "label": "Picrobasalt",
        "coda_standard": {
          "aitchison_distance_step": 1.4664340849738358,
          "composition": [
            0.4541339342908268,
            0.02439769650487954,
            0.10767793452153561,
            0.1332173671266435,
            0.10433891122086779,
            0.1498240078299648,
            0.0019205709003841144,
            0.005185191801037039,
            0.015785557903157114,
            0.003518827900703766
          ],
          "shannon_entropy": 1.6024740389227972,
          "aitchison_norm": 5.566986744323234,
          "ilr": [
            2.0675119511471984,
            -0.018537935093548938,
            -0.19743093763917918,
            0.0656129993063933,
            -0.27671939624299635,
            3.7997783929020903,
            2.3616657301649138,
            1.0331748117817,
            2.3480424560308317
          ],
          "clr": [
            2.6327155514314926,
            -0.291187890249335,
            1.193468071523093,
            1.406305520886431,
            1.1619677500695493,
            1.523784711575245,
            -2.833054126762486,
            -1.8398697800358366,
            -0.7265811472881931,
            -2.227548661149958
          ]
        },
        "higgins_extensions": {
          "metric_tensor": {
            "matrix": [
              [
                4.363898085922839,
                -9.02541583158607,
                -2.044981242144202,
                -1.6529328047749114,
                -2.1104241333633165,
                -1.469720103464834,
                -114.6530733363356,
                -42.466964528743574,
                -13.949418680053878,
                -62.57747252865992
              ],
              [
                -9.02541583158607,
                1511.975870119637,
                -38.06487947991932,
                -30.76736681271001,
                -39.283020612823364,
                -27.357081549043617,
                -2134.1298045227836,
                -790.4717428946691,
                -259.6517415066557,
                -1164.8047917856813
              ],
              [
                -2.044981242144202,
                -38.06487947991932,
                77.62275930117644,
                -6.971278573333621,
                -8.900757791884542,
                -6.198575184958771,
                -483.5517276972953,
                -179.10530847868526,
                -58.83196417531428,
                -263.9217953399055
              ],
              [
                -1.6529328047749114,
                -30.76736681271001,
                -6.971278573333621,
                50.71317685880041,
                -7.194371389996555,
                -5.0102309277610395,
                -390.8488239620162,
                -144.76858456820653,
                -47.553142078093494,
                -213.32469189546643
              ],
              [
                -2.1104241333633165,
                -39.283020612823364,
                -8.900757791884542,
                -7.194371389996555,
                82.6703751402974,
                -6.396940173929245,
                -499.02620856897727,
                -184.8369841429797,
                -60.7146874748664,
                -272.3677433940172
              ],
              [
                -1.469720103464834,
                -27.357081549043617,
                -6.198575184958771,
                -5.0102309277610395,
                -6.396940173929245,
                40.094027940119254,
                -347.5267550702325,
                -128.7222919621442,
                -42.282304938954105,
                -189.6795727802761
              ],
              [
                -114.6530733363356,
                -2134.1298045227836,
                -483.5517276972953,
                -390.8488239620162,
                -499.02620856897727,
                -347.5267550702325,
                243995.50225464773,
                -10041.64421889875,
                -3298.448594100764,
                -14796.930325109452
              ],
              [
                -42.466964528743574,
                -790.4717428946691,
                -179.10530847868526,
                -144.76858456820653,
                -184.8369841429797,
                -128.7222919621442,
                -10041.64421889875,
                33474.40437492235,
                -1221.7300013812096,
                -5480.714096580333
              ],
              [
                -13.949418680053878,
                -259.6517415066557,
                -58.83196417531428,
                -47.553142078093494,
                -60.7146874748664,
                -42.282304938954105,
                -3298.448594100764,
                -1221.7300013812096,
                3611.7912224554657,
                -1800.2882110193107
              ],
              [
                -62.57747252865992,
                -1164.8047917856813,
                -263.9217953399055,
                -213.32469189546643,
                -272.3677433940172,
                -189.6795727802761,
                -14796.930325109452,
                -5480.714096580333,
                -1800.2882110193107,
                72685.27799429883
              ]
            ],
            "eigenvalues": [
              5.305788098165937e-13,
              16.152730061714355,
              49.928528634707334,
              71.51953561442232,
              89.2998796631156,
              1381.6299731434965,
              3501.4109874256187,
              32174.10150526587,
              72499.11967329778,
              245751.25314066355
            ],
            "trace": 355534.4159537703
          },
          "helmsman": "P2O5",
          "metric_tensor_diagonal": [
            4.363898085922839,
            1511.975870119637,
            77.62275930117644,
            50.71317685880041,
            82.6703751402974,
            40.094027940119254,
            243995.50225464773,
            33474.40437492235,
            3611.7912224554657,
            72685.27799429883
          ],
          "bearing_tensor": {
            "pairs": [
              {
                "carrier_i": "SiO2",
                "carrier_j": "TiO2",
                "theta_deg": -6.311468074695897
              },
              {
                "carrier_i": "SiO2",
                "carrier_j": "Al2O3",
                "theta_deg": 24.385835918427187
              },
              {
                "carrier_i": "SiO2",
                "carrier_j": "FeO",
                "theta_deg": 28.109589888112115
              },
              {
                "carrier_i": "SiO2",
                "carrier_j": "CaO",
                "theta_deg": 23.81460697453351
              },
              {
                "carrier_i": "SiO2",
                "carrier_j": "MgO",
                "theta_deg": 30.061752319804505
              },
              {
                "carrier_i": "SiO2",
                "carrier_j": "MnO",
                "theta_deg": -47.09914052509527
              },
              {
                "carrier_i": "SiO2",
                "carrier_j": "K2O",
                "theta_deg": -34.94772379907906
              },
              {
                "carrier_i": "SiO2",
                "carrier_j": "Na2O",
                "theta_deg": -15.428527387733686
              },
              {
                "carrier_i": "SiO2",
                "carrier_j": "P2O5",
                "theta_deg": -40.23466224492425
              },
              {
                "carrier_i": "TiO2",
                "carrier_j": "Al2O3",
                "theta_deg": 103.71140680862776
              },
              {
                "carrier_i": "TiO2",
                "carrier_j": "FeO",
                "theta_deg": 101.6982817391341
              },
              {
                "carrier_i": "TiO2",
                "carrier_j": "CaO",
                "theta_deg": 104.06853719103648
              },
              {
                "carrier_i": "TiO2",
                "carrier_j": "MgO",
                "theta_deg": 100.8185169251814
              },
              {
                "carrier_i": "TiO2",
                "carrier_j": "MnO",
                "theta_deg": -95.86838638358127
              },
              {
                "carrier_i": "TiO2",
                "carrier_j": "K2O",
                "theta_deg": -98.99335124829464
              },
              {
                "carrier_i": "TiO2",
                "carrier_j": "Na2O",
                "theta_deg": -111.83915769666527
              },
              {
                "carrier_i": "TiO2",
                "carrier_j": "P2O5",
                "theta_deg": -97.4475447819064
              },
              {
                "carrier_i": "Al2O3",
                "carrier_j": "FeO",
                "theta_deg": 49.680235394050584
              },
              {
                "carrier_i": "Al2O3",
                "carrier_j": "CaO",
                "theta_deg": 44.233802988942884
              },
              {
                "carrier_i": "Al2O3",
                "carrier_j": "MgO",
                "theta_deg": 51.93102327232888
              },
              {
                "carrier_i": "Al2O3",
                "carrier_j": "MnO",
                "theta_deg": -67.15598493253441
              },
              {
                "carrier_i": "Al2O3",
                "carrier_j": "K2O",
                "theta_deg": -57.02974071820834
              },
              {
                "carrier_i": "Al2O3",
                "carrier_j": "Na2O",
                "theta_deg": -31.3329774774015
              },
              {
                "carrier_i": "Al2O3",
                "carrier_j": "P2O5",
                "theta_deg": -61.818643302609196
              },
              {
                "carrier_i": "FeO",
                "carrier_j": "CaO",
                "theta_deg": 39.565409247016696
              },
              {
                "carrier_i": "FeO",
                "carrier_j": "MgO",
                "theta_deg": 47.29599020740686
              },
              {
                "carrier_i": "FeO",
                "carrier_j": "MnO",
                "theta_deg": -63.60056402380663
              },
              {
                "carrier_i": "FeO",
                "carrier_j": "K2O",
                "theta_deg": -52.60749138004988
              },
              {
                "carrier_i": "FeO",
                "carrier_j": "Na2O",
                "theta_deg": -27.32356848493751
              },
              {
                "carrier_i": "FeO",
                "carrier_j": "P2O5",
                "theta_deg": -57.734788165204876
              },
              {
                "carrier_i": "CaO",
                "carrier_j": "MgO",
                "theta_deg": 52.672532059570436
              },
              {
                "carrier_i": "CaO",
                "carrier_j": "MnO",
                "theta_deg": -67.69917639817169
              },
              {
                "carrier_i": "CaO",
                "carrier_j": "K2O",
                "theta_deg": -57.72558606208418
              },
              {
                "carrier_i": "CaO",
                "carrier_j": "Na2O",
                "theta_deg": -32.01783815784675
              },
              {
                "carrier_i": "CaO",
                "carrier_j": "P2O5",
                "theta_deg": -62.451870105858575
              },
              {
                "carrier_i": "MgO",
                "carrier_j": "MnO",
                "theta_deg": -61.72599763720159
              },
              {
                "carrier_i": "MgO",
                "carrier_j": "K2O",
                "theta_deg": -50.368361503990315
              },
              {
                "carrier_i": "MgO",
                "carrier_j": "Na2O",
                "theta_deg": -25.493049891914975
              },
              {
                "carrier_i": "MgO",
                "carrier_j": "P2O5",
                "theta_deg": -55.62539390265569
              },
              {
                "carrier_i": "MnO",
                "carrier_j": "K2O",
                "theta_deg": -146.99910500153933
              },
              {
                "carrier_i": "MnO",
                "carrier_j": "Na2O",
                "theta_deg": -165.61562592101666
              },
              {
                "carrier_i": "MnO",
                "carrier_j": "P2O5",
                "theta_deg": -141.82305220990062
              },
              {
                "carrier_i": "K2O",
                "carrier_j": "Na2O",
                "theta_deg": -158.4504900981113
              },
              {
                "carrier_i": "K2O",
                "carrier_j": "P2O5",
                "theta_deg": -129.5554005098488
              },
              {
                "carrier_i": "Na2O",
                "carrier_j": "P2O5",
                "theta_deg": -108.06527473306073
              }
            ]
          },
          "helmsman_delta": 0.7741691544734666,
          "higgins_scale": 0.3040543675026125,
          "condition_number": 236.457781485703,
          "angular_velocity_deg": 12.111005699910816
        }
      },
      {
        "raw_values": [
          0.4610564125,
          0.0305361138,
          0.1387964684,
          0.1244346933,
          0.0860375527,
          0.0973627172,
          0.0025138534,
          0.0170758371,
          0.0338722367,
          0.0083141149
        ],
        "index": 2,
        "label": "Basanite",
        "coda_standard": {
          "aitchison_distance_step": 1.524845766637391,
          "composition": [
            0.4610564125,
            0.0305361138,
            0.1387964684,
            0.1244346933,
            0.0860375527,
            0.0973627172,
            0.0025138534,
            0.0170758371,
            0.0338722367,
            0.0083141149
          ],
          "shannon_entropy": 1.6737779447920078,
          "aitchison_norm": 4.5898502541988835,
          "ilr": [
            1.9195193960792487,
            -0.1280212588237539,
            0.00406915663502061,
            0.3331930540489495,
            0.15916582964360027,
            3.519898046647006,
            1.2562097640907477,
            0.4621134794464571,
            1.7458863573078074
          ],
          "clr": [
            2.3592725170885624,
            -0.35533784608492347,
            1.1587607156753073,
            1.0495331382024409,
            0.6805359719782405,
            0.804195468812277,
            -2.8524310932466124,
            -0.9365834591243001,
            -0.2516521858288261,
            -1.656293227472169
          ]
        },
        "higgins_extensions": {
          "metric_tensor": {
            "matrix": [
              [
                4.23383936033403,
                -7.102842225736818,
                -1.5626708734654287,
                -1.743028352917914,
                -2.520913155965962,
                -2.227682266334128,
                -86.2791754318469,
                -12.701760811980616,
                -6.403273584485336,
                -26.08734677320189
              ],
              [
                -7.102842225736818,
                965.1948112783622,
                -23.594339199712177,
                -26.317507347058594,
                -38.06257677470796,
                -33.63516394499036,
                -1302.7056212393818,
                -191.78040502340775,
                -96.68127275314336,
                -393.8856985428157
              ],
              [
                -1.5626708734654287,
                -23.594339199712177,
                46.71815440474066,
                -5.7900205138225065,
                -8.37401116406013,
                -7.3999519277817765,
                -286.603597026864,
                -42.192919891359935,
                -21.2705004756362,
                -86.65738151372095
              ],
              [
                -1.743028352917914,
                -26.317507347058594,
                -5.7900205138225065,
                58.12454229385766,
                -9.340507418711333,
                -8.254026000849095,
                -319.6822850855652,
                -47.0626648975304,
                -23.725460069252446,
                -96.65904416140764
              ],
              [
                -2.520913155965962,
                -38.06257677470796,
                -8.37401116406013,
                -9.340507418711333,
                121.58119629108735,
                -11.937661656732391,
                -462.35121583212424,
                -68.06595595326446,
                -34.31374155205166,
                -139.79638120152984
              ],
              [
                -2.227682266334128,
                -33.63516394499036,
                -7.3999519277817765,
                -8.254026000849095,
                -11.937661656732391,
                94.94172934969139,
                -408.5708394554282,
                -60.14857063176612,
                -30.32239066473819,
                -123.53536200298151
              ],
              [
                -86.2791754318469,
                -1302.7056212393818,
                -286.603597026864,
                -319.6822850855652,
                -462.35121583212424,
                -408.5708394554282,
                142417.25626585432,
                -2329.5822550371754,
                -1174.400363648423,
                -4784.582312912883
              ],
              [
                -12.701760811980616,
                -191.78040502340775,
                -42.192919891359935,
                -47.0626648975304,
                -68.06595595326446,
                -60.14857063176612,
                -2329.5822550371754,
                3086.586862066272,
                -172.89169074579803,
                -704.3718234402643
              ],
              [
                -6.403273584485336,
                -96.68127275314336,
                -21.2705004756362,
                -23.725460069252446,
                -34.31374155205166,
                -30.32239066473819,
                -1174.400363648423,
                -172.89169074579803,
                784.4310182229395,
                -355.0913576042622
              ],
              [
                -26.08734677320189,
                -393.8856985428157,
                -86.65738151372095,
                -96.65904416140764,
                -139.79638120152984,
                -123.53536200298151,
                -4784.582312912883,
                -704.3718234402643,
                -355.0913576042622,
                13019.984440443952
              ]
            ],
            "eigenvalues": [
              6.047323449713748e-13,
              18.252993256409397,
              57.890737585024205,
              88.20700830411477,
              124.01474551472342,
              681.3264105946661,
              995.5444629532032,
              3039.1541768067596,
              12937.801234392547,
              142656.8610901582
            ],
            "trace": 160599.05285956553
          },
          "helmsman": "K2O",
          "metric_tensor_diagonal": [
            4.23383936033403,
            965.1948112783622,
            46.71815440474066,
            58.12454229385766,
            121.58119629108735,
            94.94172934969139,
            142417.25626585432,
            3086.586862066272,
            784.4310182229395,
            13019.984440443952
          ],
          "bearing_tensor": {
            "pairs": [
              {
                "carrier_i": "SiO2",
                "carrier_j": "TiO2",
                "theta_deg": -8.565129408585882
              },
              {
                "carrier_i": "SiO2",
                "carrier_j": "Al2O3",
                "theta_deg": 26.158041423490896
              },
              {
                "carrier_i": "SiO2",
                "carrier_j": "FeO",
                "theta_deg": 23.98210795145305
              },
              {
