{
  "metadata": {
    "engine": "CNT Tensor Engine v1.0",
    "handbook": "CNT Mathematics Handbook v2.0",
    "generated": "2026-05-05T07:00:00.795308Z",
    "input_file": "ball_top95_barycenters.csv",
    "carriers": [
      "SiO2",
      "TiO2",
      "Al2O3",
      "FeO",
      "CaO",
      "MgO",
      "MnO",
      "K2O",
      "Na2O",
      "P2O5"
    ],
    "D": 10,
    "T": 95,
    "labels": [
      "Afar",
      "Air",
      "Amsterdam",
      "Antarctica",
      "As_Sirat",
      "Atlas",
      "Austral_Cook",
      "Azores",
      "Balleny",
      "Bohemian_Massif",
      "Brazil",
      "Cameroon",
      "Canary",
      "Cape_Verde",
      "Caroline",
      "Central Anatolia",
      "Changbaishan",
      "Cobb",
      "Comoros",
      "Crozet",
      "Dakkar",
      "Darfur",
      "Dariganga",
      "Dead_Sea_Region",
      "Easter",
      "Eastern Anatolia",
      "Eifel",
      "Ethiopia",
      "Euphrates",
      "Galapagos",
      "Gough",
      "Guadalupe",
      "Hainan",
      "Halaha",
      "Hangai",
      "Harrat Al Kishb",
      "Harrat Ash Shaam",
      "Harrat Hutaymah",
      "Harrat_Khaybar",
      "Harrat_Lunayyir",
      "Harrat_Rahat",
      "Hawaii",
      "Heard",
      "Hoggar",
      "Iceland",
      "Iran",
      "Jan_Mayen",
      "Juan_Fernandez",
      "Korea",
      "Lake Baikal",
      "Libya",
      "Madagascar",
      "Madiera",
      "Marion",
      "Marquesas",
      "Mascarene",
      "Massif_Central",
      "Mexico",
      "Mt_Etna",
      "N_Kenya",
      "New_South_Wales",
      "New_Zealand",
      "Northern_Cordillera",
      "Nushan",
      "Pagalu",
      "Pannonian_Basin",
      "Patagonia",
      "Peter_I",
      "Pitcairn",
      "Queensland",
      "Ross_Island",
      "Rungwe",
      "S_Kenya",
      "Samoa",
      "Sardinia",
      "Shandong",
      "Shanxi",
      "Sicily_Channel",
      "Society",
      "South_Dead_Sea",
      "Spain",
      "St_Helena",
      "Taiwan_Fujian",
      "Tanganyika",
      "Thailand",
      "Tibesti",
      "Tibet",
      "Trinidade",
      "Tristan_da_Cunha",
      "Victoria_Tasmania",
      "Vietnam",
      "Western Anatolia",
      "Western_USA",
      "Wudalianchi",
      "Yemen"
    ],
    "lineage": {
      "Aitchison_1986": "CLR transform, Aitchison distance, simplex geometry",
      "Shannon_1948": "Entropy H = -sum(x_j ln x_j)",
      "Egozcue_2003": "ILR, Helmert basis, orthonormal coordinates",
      "Higgins_2025": "Hs = 1 - H/ln(D), ring classification",
      "Higgins_2026": "CNT tensor decomposition, HCI instrument"
    }
  },
  "helmert_basis": [
    {
      "index": 0,
      "coefficients": [
        0.7071067811865475,
        -0.7071067811865475,
        0.0,
        0.0,
        0.0,
        0.0,
        0.0,
        0.0,
        0.0,
        0.0
      ]
    },
    {
      "index": 1,
      "coefficients": [
        0.4082482904638631,
        0.4082482904638631,
        -0.8164965809277261,
        0.0,
        0.0,
        0.0,
        0.0,
        0.0,
        0.0,
        0.0
      ]
    },
    {
      "index": 2,
      "coefficients": [
        0.2886751345948129,
        0.2886751345948129,
        0.2886751345948129,
        -0.8660254037844387,
        0.0,
        0.0,
        0.0,
        0.0,
        0.0,
        0.0
      ]
    },
    {
      "index": 3,
      "coefficients": [
        0.22360679774997896,
        0.22360679774997896,
        0.22360679774997896,
        0.22360679774997896,
        -0.8944271909999159,
        0.0,
        0.0,
        0.0,
        0.0,
        0.0
      ]
    },
    {
      "index": 4,
      "coefficients": [
        0.18257418583505536,
        0.18257418583505536,
        0.18257418583505536,
        0.18257418583505536,
        0.18257418583505536,
        -0.9128709291752769,
        0.0,
        0.0,
        0.0,
        0.0
      ]
    },
    {
      "index": 5,
      "coefficients": [
        0.1543033499620919,
        0.1543033499620919,
        0.1543033499620919,
        0.1543033499620919,
        0.1543033499620919,
        0.1543033499620919,
        -0.9258200997725514,
        0.0,
        0.0,
        0.0
      ]
    },
    {
      "index": 6,
      "coefficients": [
        0.1336306209562122,
        0.1336306209562122,
        0.1336306209562122,
        0.1336306209562122,
        0.1336306209562122,
        0.1336306209562122,
        0.1336306209562122,
        -0.9354143466934853,
        0.0,
        0.0
      ]
    },
    {
      "index": 7,
      "coefficients": [
        0.11785113019775793,
        0.11785113019775793,
        0.11785113019775793,
        0.11785113019775793,
        0.11785113019775793,
        0.11785113019775793,
        0.11785113019775793,
        0.11785113019775793,
        -0.9428090415820635,
        0.0
      ]
    },
    {
      "index": 8,
      "coefficients": [
        0.10540925533894598,
        0.10540925533894598,
        0.10540925533894598,
        0.10540925533894598,
        0.10540925533894598,
        0.10540925533894598,
        0.10540925533894598,
        0.10540925533894598,
        0.10540925533894598,
        -0.9486832980505138
      ]
    }
  ],
  "timesteps": [
    {
      "index": 0,
      "label": "Afar",
      "raw_values": [
        0.4948949325,
        0.0226841422,
        0.1527750156,
        0.1194071813,
        0.1047961415,
        0.0664754467,
        0.0020151826,
        0.0054598526,
        0.0281147126,
        0.0033773925
      ],
      "composition": [
        0.49489493245051047,
        0.022684142197731585,
        0.1527750155847225,
        0.11940718128805929,
        0.10479614148952038,
        0.06647544669335245,
        0.0020151825997984816,
        0.0054598525994540145,
        0.02811471259718853,
        0.0033773924996622607
      ],
      "clr": [
        2.7105559349823523,
        -0.372123448612947,
        1.5351768054111685,
        1.2887497965602397,
        1.1582274059803073,
        0.7030431094452334,
        -2.7930797358404877,
        -1.7963677544253436,
        -0.15749652809009884,
        -2.2766855854104184
      ],
      "ilr": [
        2.179783496364202,
        -0.29880554781229796,
        0.0021246207292802133,
        0.11838849930930473,
        0.5121883166311793,
        3.6696589364626004,
        2.245679175264181,
        0.4353602638843324,
        2.3998373219902454
      ],
      "bearing_tensor": [
        {
          "pair": "SiO2/TiO2",
          "i": 0,
          "j": 1,
          "theta_deg": -7.817085253725616
        },
        {
          "pair": "SiO2/Al2O3",
          "i": 0,
          "j": 2,
          "theta_deg": 29.525902215768486
        },
        {
          "pair": "SiO2/FeO",
          "i": 0,
          "j": 3,
          "theta_deg": 25.429026594908503
        },
        {
          "pair": "SiO2/CaO",
          "i": 0,
          "j": 4,
          "theta_deg": 23.137141151289967
        },
        {
          "pair": "SiO2/MgO",
          "i": 0,
          "j": 5,
          "theta_deg": 14.540523401700433
        },
        {
          "pair": "SiO2/MnO",
          "i": 0,
          "j": 6,
          "theta_deg": -45.859052356152475
        },
        {
          "pair": "SiO2/K2O",
          "i": 0,
          "j": 7,
          "theta_deg": -33.53364561981466
        },
        {
          "pair": "SiO2/Na2O",
          "i": 0,
          "j": 8,
          "theta_deg": -3.325425364128606
        },
        {
          "pair": "SiO2/P2O5",
          "i": 0,
          "j": 9,
          "theta_deg": -40.028011052921116
        },
        {
          "pair": "TiO2/Al2O3",
          "i": 1,
          "j": 2,
          "theta_deg": 103.62556279279805
        },
        {
          "pair": "TiO2/FeO",
          "i": 1,
          "j": 3,
          "theta_deg": 106.10594781165261
        },
        {
          "pair": "TiO2/CaO",
          "i": 1,
          "j": 4,
          "theta_deg": 107.81153852968522
        },
        {
          "pair": "TiO2/MgO",
          "i": 1,
          "j": 5,
          "theta_deg": 117.89244287861621
        },
        {
          "pair": "TiO2/MnO",
          "i": 1,
          "j": 6,
          "theta_deg": -97.58885507358572
        },
        {
          "pair": "TiO2/K2O",
          "i": 1,
          "j": 7,
          "theta_deg": -101.70347336691628
        },
        {
          "pair": "TiO2/Na2O",
          "i": 1,
          "j": 8,
          "theta_deg": -157.06010556709592
        },
        {
          "pair": "TiO2/P2O5",
          "i": 1,
          "j": 9,
          "theta_deg": -99.28288904154715
        },
        {
          "pair": "Al2O3/FeO",
          "i": 2,
          "j": 3,
          "theta_deg": 40.01277720094397
        },
        {
          "pair": "Al2O3/CaO",
          "i": 2,
          "j": 4,
          "theta_deg": 37.03304327994894
        },
        {
          "pair": "Al2O3/MgO",
          "i": 2,
          "j": 5,
          "theta_deg": 24.605685952256366
        },
        {
          "pair": "Al2O3/MnO",
          "i": 2,
          "j": 6,
          "theta_deg": -61.20522654590986
        },
        {
          "pair": "Al2O3/K2O",
          "i": 2,
          "j": 7,
          "theta_deg": -49.482782824963685
        },
        {
          "pair": "Al2O3/Na2O",
          "i": 2,
          "j": 8,
          "theta_deg": -5.8575831321168375
        },
        {
          "pair": "Al2O3/P2O5",
          "i": 2,
          "j": 9,
          "theta_deg": -56.00807862505892
        },
        {
          "pair": "FeO/CaO",
          "i": 3,
          "j": 4,
          "theta_deg": 41.9467219668142
        },
        {
          "pair": "FeO/MgO",
          "i": 3,
          "j": 5,
          "theta_deg": 28.613497948582257
        },
        {
          "pair": "FeO/MnO",
          "i": 3,
          "j": 6,
          "theta_deg": -65.23101415758639
        },
        {
          "pair": "FeO/K2O",
          "i": 3,
          "j": 7,
          "theta_deg": -54.34359396024099
        },
        {
          "pair": "FeO/Na2O",
          "i": 3,
          "j": 8,
          "theta_deg": -6.9674973558091216
        },
        {
          "pair": "FeO/P2O5",
          "i": 3,
          "j": 9,
          "theta_deg": -60.4873608787786
        },
        {
          "pair": "CaO/MgO",
          "i": 4,
          "j": 5,
          "theta_deg": 31.257717294279832
        },
        {
          "pair": "CaO/MnO",
          "i": 4,
          "j": 6,
          "theta_deg": -67.47731338215038
        },
        {
          "pair": "CaO/K2O",
          "i": 4,
          "j": 7,
          "theta_deg": -57.18766593938744
        },
        {
          "pair": "CaO/Na2O",
          "i": 4,
          "j": 8,
          "theta_deg": -7.7436226147812155
        },
        {
          "pair": "CaO/P2O5",
          "i": 4,
          "j": 9,
          "theta_deg": -63.03601112053358
        },
        {
          "pair": "MgO/MnO",
          "i": 5,
          "j": 6,
          "theta_deg": -75.87163889445844
        },
        {
          "pair": "MgO/K2O",
          "i": 5,
          "j": 7,
          "theta_deg": -68.62615272524312
        },
        {
          "pair": "MgO/Na2O",
          "i": 5,
          "j": 8,
          "theta_deg": -12.626990952689424
        },
        {
          "pair": "MgO/P2O5",
          "i": 5,
          "j": 9,
          "theta_deg": -72.83925221011654
        },
        {
          "pair": "MnO/K2O",
          "i": 6,
          "j": 7,
          "theta_deg": -147.25292390837922
        },
        {
          "pair": "MnO/Na2O",
          "i": 6,
          "j": 8,
          "theta_deg": -176.77261617042086
        },
        {
          "pair": "MnO/P2O5",
          "i": 6,
          "j": 9,
          "theta_deg": -140.8159527412657
        },
        {
          "pair": "K2O/Na2O",
          "i": 7,
          "j": 8,
          "theta_deg": -174.98940544423266
        },
        {
          "pair": "K2O/P2O5",
          "i": 7,
          "j": 9,
          "theta_deg": -128.2744144043684
        },
        {
          "pair": "Na2O/P2O5",
          "i": 8,
          "j": 9,
          "theta_deg": -93.95730210259293
        }
      ],
      "angular_velocity_deg": 0.0,
      "metric_tensor": [
        [
          3.674654363818907,
          -8.90768051535818,
          -1.3226186931742931,
          -1.6922189208611211,
          -1.9281539242793044,
          -3.0396650419583304,
          -100.27036333211406,
          -37.008891317423895,
          -7.187094328773406,
          -59.828134124936405
        ],
        [
          -8.90768051535818,
          1749.0321289917574,
          -28.855280623383237,
          -36.91876735875811,
          -42.06610934601778,
          -66.31570250703936,
          -2187.57642477647,
          -807.4148278984221,
          -156.79925347626536,
          -1305.257220586518
        ],
        [
          -1.3226186931742931,
          -28.855280623383237,
          38.560071990826025,
          -5.4817246480110144,
          -6.246005621129953,
          -9.846602337788125,
          -324.8128923313103,
          -119.88552381097797,
          -23.281663881626514,
          -193.80551383403912
        ],
        [
          -1.6922189208611211,
          -36.91876735875811,
          -5.4817246480110144,
          63.12212578401334,
          -7.991425606206955,
          -12.598193922550765,
          -415.5804881477179,
          -153.38702891260974,
          -29.787626874577665,
          -247.96364906204633
        ],
        [
          -1.9281539242793044,
          -42.06610934601778,
          -6.246005621129953,
          -7.991425606206955,
          81.95055975274002,
          -14.354677607692052,
          -473.52215437242086,
          -174.7727779694669,
          -33.94072063912246,
          -282.53559697483087
        ],
        [
          -3.0396650419583304,
          -66.31570250703936,
          -9.846602337788125,
          -12.598193922550765,
          -14.354677607692052,
          203.66667851008512,
          -746.4905789493109,
          -275.52297396500734,
          -53.506320593246166,
          -445.40716714523927
        ],
        [
          -100.27036333211406,
          -2187.57642477647,
          -324.8128923313103,
          -415.5804881477179,
          -473.52215437242086,
          -746.4905789493109,
          221622.42381259816,
          -9088.760874789377,
          -1765.0294135675088,
          -14692.782877026304
        ],
        [
          -37.008891317423895,
          -807.4148278984221,
          -119.88552381097797,
          -153.38702891260974,
          -174.7727779694669,
          -275.52297396500734,
          -9088.760874789377,
          30191.22071792323,
          -651.4565178388603,
          -5422.974312413003
        ],
        [
          -7.187094328773406,
          -156.79925347626536,
          -23.281663881626514,
          -29.787626874577665,
          -33.94072063912246,
          -53.506320593246166,
          -1765.0294135675088,
          -651.4565178388603,
          1138.6105744643119,
          -1053.1368689630974
        ],
        [
          -59.828134124936405,
          -1305.257220586518,
          -193.80551383403912,
          -247.96364906204633,
          -282.53559697483087,
          -445.40716714523927,
          -14692.782877026304,
          -5422.974312413003,
          -1053.1368689630974,
          78900.44275110224
        ]
      ],
      "metric_tensor_properties": {
        "trace": 333992.70407548116,
        "condition_number": 245.5831707260672,
        "diagonal_sensitivities": [
          3.674654363818907,
          1749.0321289917574,
          38.560071990826025,
          63.12212578401334,
          81.95055975274002,
          203.66667851008512,
          221622.42381259816,
          30191.22071792323,
          1138.6105744643119,
          78900.44275110224
        ],
        "off_diagonal_couplings": [
          {
            "i": 0,
            "j": 1,
            "coupling": -8.90768051535818
          },
          {
            "i": 0,
            "j": 2,
            "coupling": -1.3226186931742931
          },
          {
            "i": 0,
            "j": 3,
            "coupling": -1.6922189208611211
          },
          {
            "i": 0,
            "j": 4,
            "coupling": -1.9281539242793044
          },
          {
            "i": 0,
            "j": 5,
            "coupling": -3.0396650419583304
          },
          {
            "i": 0,
            "j": 6,
            "coupling": -100.27036333211406
          },
          {
            "i": 0,
            "j": 7,
            "coupling": -37.008891317423895
          },
          {
            "i": 0,
            "j": 8,
            "coupling": -7.187094328773406
          },
          {
            "i": 0,
            "j": 9,
            "coupling": -59.828134124936405
          },
          {
            "i": 1,
            "j": 2,
            "coupling": -28.855280623383237
          },
          {
            "i": 1,
            "j": 3,
            "coupling": -36.91876735875811
          },
          {
            "i": 1,
            "j": 4,
            "coupling": -42.06610934601778
          },
          {
            "i": 1,
            "j": 5,
            "coupling": -66.31570250703936
          },
          {
            "i": 1,
            "j": 6,
            "coupling": -2187.57642477647
          },
          {
            "i": 1,
            "j": 7,
            "coupling": -807.4148278984221
          },
          {
            "i": 1,
            "j": 8,
            "coupling": -156.79925347626536
          },
          {
            "i": 1,
            "j": 9,
            "coupling": -1305.257220586518
          },
          {
            "i": 2,
            "j": 3,
            "coupling": -5.4817246480110144
          },
          {
            "i": 2,
            "j": 4,
            "coupling": -6.246005621129953
          },
          {
            "i": 2,
            "j": 5,
            "coupling": -9.846602337788125
          },
          {
            "i": 2,
            "j": 6,
            "coupling": -324.8128923313103
          },
          {
            "i": 2,
            "j": 7,
            "coupling": -119.88552381097797
          },
          {
            "i": 2,
            "j": 8,
            "coupling": -23.281663881626514
          },
          {
            "i": 2,
            "j": 9,
            "coupling": -193.80551383403912
          },
          {
            "i": 3,
            "j": 4,
            "coupling": -7.991425606206955
          },
          {
            "i": 3,
            "j": 5,
            "coupling": -12.598193922550765
          },
          {
            "i": 3,
            "j": 6,
            "coupling": -415.5804881477179
          },
          {
            "i": 3,
            "j": 7,
            "coupling": -153.38702891260974
          },
          {
            "i": 3,
            "j": 8,
            "coupling": -29.787626874577665
          },
          {
            "i": 3,
            "j": 9,
            "coupling": -247.96364906204633
          },
          {
            "i": 4,
            "j": 5,
            "coupling": -14.354677607692052
          },
          {
            "i": 4,
            "j": 6,
            "coupling": -473.52215437242086
          },
          {
            "i": 4,
            "j": 7,
            "coupling": -174.7727779694669
          },
          {
            "i": 4,
            "j": 8,
            "coupling": -33.94072063912246
          },
          {
            "i": 4,
            "j": 9,
            "coupling": -282.53559697483087
          },
          {
            "i": 5,
            "j": 6,
            "coupling": -746.4905789493109
          },
          {
            "i": 5,
            "j": 7,
            "coupling": -275.52297396500734
          },
          {
            "i": 5,
            "j": 8,
            "coupling": -53.506320593246166
          },
          {
            "i": 5,
            "j": 9,
            "coupling": -445.40716714523927
          },
          {
            "i": 6,
            "j": 7,
            "coupling": -9088.760874789377
          },
          {
            "i": 6,
            "j": 8,
            "coupling": -1765.0294135675088
          },
          {
            "i": 6,
            "j": 9,
            "coupling": -14692.782877026304
          },
          {
            "i": 7,
            "j": 8,
            "coupling": -651.4565178388603
          },
          {
            "i": 7,
            "j": 9,
            "coupling": -5422.974312413003
          },
          {
            "i": 8,
            "j": 9,
            "coupling": -1053.1368689630974
          }
        ],
        "asymmetry_ratio": 60311.09374386867,
        "precision_digits_available": 12
      },
      "helmsman": {
        "helmsman_index": null,
        "helmsman_carrier": null,
        "helmsman_delta_clr": 0.0,
        "all_deltas": []
      },
      "higgins_scale": 0.3259815536649733,
      "ring": "Hs-3",
      "shannon_entropy": 1.5519848269340397,
      "metric_energy": 29.575327468462376,
      "clr_norm": 5.438320280055449,
      "ilr_norm": 5.438320280055448
    },
    {
      "index": 1,
      "label": "Air",
      "raw_values": [
        0.458686021,
        0.0316036952,
        0.1388887585,
        0.116100593,
        0.1002766569,
        0.0881266431,
        0.0020023314,
        0.017863954,
        0.035915286,
        0.0105360609
      ],
      "composition": [
        0.45868602100000005,
        0.031603695200000004,
        0.13888875850000001,
        0.11610059300000002,
        0.10027665690000001,
        0.08812664310000001,
        0.0020023314000000006,
        0.017863954000000005,
        0.035915286000000005,
        0.010536060900000001
      ],
      "clr": [
        2.341411724628631,
        -0.33368015078879365,
        1.14671911290573,
        0.96750279510265,
        0.8209787338258567,
        0.691820704811041,
        -3.092641999594711,
        -0.9041692617306114,
        -0.20579120251234384,
        -1.43215045664745
      ],
      "ilr": [
        1.8915756054046997,
        -0.1166392522415689,
        0.07272947777763106,
        0.1873911157839272,
        0.2709088152910104,
        3.732691376465092,
        1.1854767601602239,
        0.3870550821366556,
        1.5096191316853913
      ],
      "bearing_tensor": [
        {
          "pair": "SiO2/TiO2",
          "i": 0,
          "j": 1,
          "theta_deg": -8.110742873525082
        },
        {
          "pair": "SiO2/Al2O3",
          "i": 0,
          "j": 2,
          "theta_deg": 26.09355329630063
        },
        {
          "pair": "SiO2/FeO",
          "i": 0,
          "j": 3,
          "theta_deg": 22.451071759460905
        },
        {
          "pair": "SiO2/CaO",
          "i": 0,
          "j": 4,
          "theta_deg": 19.32240490576808
        },
        {
          "pair": "SiO2/MgO",
          "i": 0,
          "j": 5,
          "theta_deg": 16.460914326975068
        },
        {
          "pair": "SiO2/MnO",
          "i": 0,
          "j": 6,
          "theta_deg": -52.87096061327885
        },
        {
          "pair": "SiO2/K2O",
          "i": 0,
          "j": 7,
          "theta_deg": -21.11477318979636
        },
        {
          "pair": "SiO2/Na2O",
          "i": 0,
          "j": 8,
          "theta_deg": -5.022929323609903
        },
        {
          "pair": "SiO2/P2O5",
          "i": 0,
          "j": 9,
          "theta_deg": -31.452503343273783
        },
        {
          "pair": "TiO2/Al2O3",
          "i": 1,
          "j": 2,
          "theta_deg": 106.22429979470013
        },
        {
          "pair": "TiO2/FeO",
          "i": 1,
          "j": 3,
          "theta_deg": 109.02870206316801
        },
        {
          "pair": "TiO2/CaO",
          "i": 1,
          "j": 4,
          "theta_deg": 112.11888487734313
        },
        {
          "pair": "TiO2/MgO",
          "i": 1,
          "j": 5,
          "theta_deg": 115.74902281037132
        },
        {
          "pair": "TiO2/MnO",
          "i": 1,
          "j": 6,
          "theta_deg": -96.15809729854193
        },
        {
          "pair": "TiO2/K2O",
          "i": 1,
          "j": 7,
          "theta_deg": -110.25638618628012
        },
        {
          "pair": "TiO2/Na2O",
          "i": 1,
          "j": 8,
          "theta_deg": -148.33653999041283
        },
        {
          "pair": "TiO2/P2O5",
          "i": 1,
          "j": 9,
          "theta_deg": -103.11549466818421
        },
        {
          "pair": "Al2O3/FeO",
          "i": 2,
          "j": 3,
          "theta_deg": 40.15478963133573
        },
        {
          "pair": "Al2O3/CaO",
          "i": 2,
          "j": 4,
          "theta_deg": 35.60028021400485
        },
        {
          "pair": "Al2O3/MgO",
          "i": 2,
          "j": 5,
          "theta_deg": 31.102766176056903
        },
        {
          "pair": "Al2O3/MnO",
          "i": 2,
          "j": 6,
          "theta_deg": -69.65574958544093
        },
        {
          "pair": "Al2O3/K2O",
          "i": 2,
          "j": 7,
          "theta_deg": -38.25520126751261
        },
        {
          "pair": "Al2O3/Na2O",
          "i": 2,
          "j": 8,
          "theta_deg": -10.174050115339105
        },
        {
          "pair": "Al2O3/P2O5",
          "i": 2,
          "j": 9,
          "theta_deg": -51.31583618470565
        },
        {
          "pair": "FeO/CaO",
          "i": 3,
          "j": 4,
          "theta_deg": 40.31641635765131
        },
        {
          "pair": "FeO/MgO",
          "i": 3,
          "j": 5,
          "theta_deg": 35.56697048550562
        },
        {
          "pair": "FeO/MnO",
          "i": 3,
          "j": 6,
          "theta_deg": -72.62821832424736
        },
        {
          "pair": "FeO/K2O",
          "i": 3,
          "j": 7,
          "theta_deg": -43.06196810874218
        },
        {
          "pair": "FeO/Na2O",
          "i": 3,
          "j": 8,
          "theta_deg": -12.00805317588451
        },
        {
          "pair": "FeO/P2O5",
          "i": 3,
          "j": 9,
          "theta_deg": -55.95863429861384
        },
        {
          "pair": "CaO/MgO",
          "i": 4,
          "j": 5,
          "theta_deg": 40.12010154908008
        },
        {
          "pair": "CaO/MnO",
          "i": 4,
          "j": 6,
          "theta_deg": -75.13304545216086
        },
        {
          "pair": "CaO/K2O",
          "i": 4,
          "j": 7,
          "theta_deg": -47.76079309051353
        },
        {
          "pair": "CaO/Na2O",
          "i": 4,
          "j": 8,
          "theta_deg": -14.072135580319625
        },
        {
          "pair": "CaO/P2O5",
          "i": 4,
          "j": 9,
          "theta_deg": -60.17655455087814
        },
        {
          "pair": "MgO/MnO",
          "i": 5,
          "j": 6,
          "theta_deg": -77.39059005629274
        },
        {
          "pair": "MgO/K2O",
          "i": 5,
          "j": 7,
          "theta_deg": -52.578766324187136
        },
        {
          "pair": "MgO/Na2O",
          "i": 5,
          "j": 8,
          "theta_deg": -16.56580471878858
        },
        {
          "pair": "MgO/P2O5",
          "i": 5,
          "j": 9,
          "theta_deg": -64.21647195085221
        },
        {
          "pair": "MnO/K2O",
          "i": 6,
          "j": 7,
          "theta_deg": -163.703115595305
        },
        {
          "pair": "MnO/Na2O",
          "i": 6,
          "j": 8,
          "theta_deg": -176.19302508321869
        },
        {
          "pair": "MnO/P2O5",
          "i": 6,
          "j": 9,
          "theta_deg": -155.1519395072327
        },
        {
          "pair": "K2O/Na2O",
          "i": 7,
          "j": 8,
          "theta_deg": -167.1777675633511
        },
        {
          "pair": "K2O/P2O5",
          "i": 7,
          "j": 9,
          "theta_deg": -122.26572465868455
        },
        {
          "pair": "Na2O/P2O5",
          "i": 8,
          "j": 9,
          "theta_deg": -98.17707742621207
        }
      ],
      "angular_velocity_deg": 13.823849064027488,
      "metric_tensor": [
        [
          4.277711586453716,
          -6.898372323443622,
          -1.5697026788977169,
          -1.8778031244528444,
          -2.174125694114839,
          -2.473872243594265,
          -108.88010660284706,
          -12.20413220310733,
          -6.070230271484628,
          -20.69217882806923
        ],
        [
          -6.898372323443622,
          901.0871162860702,
          -22.782167445300335,
          -27.2538397148142,
          -31.554571624504167,
          -35.90499809264697,
          -1580.2513771780634,
          -177.12690888125215,
          -88.10139928767043,
          -300.3197288292895
        ],
        [
          -1.5697026788977169,
          -22.782167445300335,
          46.65608760142895,
          -6.201524534303063,
          -7.180142399986956,
          -8.17006810437143,
          -359.5811741935597,
          -40.30466468602832,
          -20.047193162728384,
          -68.33679899635304
        ],
        [
          -1.8778031244528444,
          -27.2538397148142,
          -6.201524534303063,
          66.76880961658642,
          -8.589457108004597,
          -9.773684927488665,
          -430.1595846604827,
          -48.21564382536155,
          -23.982046067422186,
          -81.74991123833036
        ],
        [
          -2.174125694114839,
          -31.554571624504167,
          -7.180142399986956,
          -8.589457108004597,
          89.50407653734402,
          -11.315999664889068,
          -498.03996670451176,
          -55.82420687980939,
          -27.76647981551361,
          -94.6502752074448
        ],
        [
          -2.473872243594265,
          -35.90499809264697,
          -8.17006810437143,
          -9.773684927488665,
          -11.315999664889068,
          115.88522135469114,
          -566.7047002691942,
          -63.5206861748858,
          -31.59464234467174,
          -107.6997016861013
        ],
        [
          -108.88010660284706,
          -1580.2513771780634,
          -359.5811741935597,
          -430.1595846604827,
          -498.03996670451176,
          -566.7047002691942,
          224476.3508045879,
          -2795.6735033977216,
          -1390.5439278338406,
          -4740.081073726115
        ],
        [
          -12.20413220310733,
          -177.12690888125215,
          -40.30466468602832,
          -48.21564382536155,
          -55.82420687980939,
          -63.5206861748858,
          -2795.6735033977216,
          2820.248169023016,
          -155.8630172122607,
          -531.305285071128
        ],
        [
          -6.070230271484628,
          -88.10139928767043,
          -20.047193162728384,
          -23.982046067422186,
          -27.76647981551361,
          -31.59464234467174,
          -1390.5439278338406,
          -155.8630172122607,
          697.7243040200015,
          -264.26667387439204
        ],
        [
          -20.69217882806923,
          -300.3197288292895,
          -68.33679899635304,
          -81.74991123833036,
          -94.6502752074448,
          -107.6997016861013,
          -4740.081073726115,
          -531.305285071128,
          -264.26667387439204,
          8107.481473669886
        ]
      ],
      "metric_tensor_properties": {
        "trace": 237325.98377428338,
        "condition_number": 229.07597663403766,
        "diagonal_sensitivities": [
          4.277711586453716,
          901.0871162860702,
          46.65608760142895,
          66.76880961658642,
          89.50407653734402,
          115.88522135469114,
          224476.3508045879,
          2820.248169023016,
          697.7243040200015,
          8107.481473669886
        ],
        "off_diagonal_couplings": [
          {
            "i": 0,
            "j": 1,
            "coupling": -6.898372323443622
          },
          {
            "i": 0,
            "j": 2,
            "coupling": -1.5697026788977169
          },
          {
            "i": 0,
            "j": 3,
            "coupling": -1.8778031244528444
          },
          {
            "i": 0,
            "j": 4,
            "coupling": -2.174125694114839
          },
          {
            "i": 0,
            "j": 5,
            "coupling": -2.473872243594265
          },
          {
            "i": 0,
            "j": 6,
            "coupling": -108.88010660284706
          },
          {
            "i": 0,
            "j": 7,
            "coupling": -12.20413220310733
          },
          {
            "i": 0,
            "j": 8,
            "coupling": -6.070230271484628
          },
          {
            "i": 0,
            "j": 9,
            "coupling": -20.69217882806923
          },
          {
            "i": 1,
            "j": 2,
            "coupling": -22.782167445300335
          },
          {
            "i": 1,
            "j": 3,
            "coupling": -27.2538397148142
          },
          {
            "i": 1,
            "j": 4,
            "coupling": -31.554571624504167
          },
          {
            "i": 1,
            "j": 5,
            "coupling": -35.90499809264697
          },
          {
            "i": 1,
            "j": 6,
            "coupling": -1580.2513771780634
          },
          {
            "i": 1,
            "j": 7,
            "coupling": -177.12690888125215
          },
          {
            "i": 1,
            "j": 8,
            "coupling": -88.10139928767043
          },
          {
            "i": 1,
            "j": 9,
            "coupling": -300.3197288292895
          },
          {
            "i": 2,
            "j": 3,
            "coupling": -6.201524534303063
          },
          {
            "i": 2,
            "j": 4,
            "coupling": -7.180142399986956
          },
          {
            "i": 2,
            "j": 5,
            "coupling": -8.17006810437143
          },
          {
            "i": 2,
            "j": 6,
            "coupling": -359.5811741935597
          },
          {
            "i": 2,
            "j": 7,
            "coupling": -40.30466468602832
          },
          {
            "i": 2,
            "j": 8,
            "coupling": -20.047193162728384
          },
          {
            "i": 2,
            "j": 9,
            "coupling": -68.33679899635304
          },
          {
            "i": 3,
            "j": 4,
            "coupling": -8.589457108004597
          },
          {
            "i": 3,
            "j": 5,
            "coupling": -9.773684927488665
          },
          {
            "i": 3,
            "j": 6,
            "coupling": -430.1595846604827
          },
          {
            "i": 3,
            "j": 7,
            "coupling": -48.21564382536155
          },
          {
            "i": 3,
            "j": 8,
            "coupling": -23.982046067422186
          },
          {
            "i": 3,
            "j": 9,
            "coupling": -81.74991123833036
          },
          {
            "i": 4,
            "j": 5,
            "coupling": -11.315999664889068
          },
          {
            "i": 4,
            "j": 6,
            "coupling": -498.03996670451176
          },
          {
            "i": 4,
            "j": 7,
            "coupling": -55.82420687980939
          },
          {
            "i": 4,
            "j": 8,
            "coupling": -27.76647981551361
          },
          {
            "i": 4,
            "j": 9,
            "coupling": -94.6502752074448
          },
          {
            "i": 5,
            "j": 6,
            "coupling": -566.7047002691942
          },
          {
            "i": 5,
            "j": 7,
            "coupling": -63.5206861748858
          },
          {
            "i": 5,
            "j": 8,
            "coupling": -31.59464234467174
          },
          {
            "i": 5,
            "j": 9,
            "coupling": -107.6997016861013
          },
          {
            "i": 6,
            "j": 7,
            "coupling": -2795.6735033977216
          },
          {
            "i": 6,
            "j": 8,
            "coupling": -1390.5439278338406
          },
          {
            "i": 6,
            "j": 9,
            "coupling": -4740.081073726115
          },
          {
            "i": 7,
            "j": 8,
            "coupling": -155.8630172122607
          },
          {
            "i": 7,
            "j": 9,
            "coupling": -531.305285071128
          },
          {
            "i": 8,
            "j": 9,
            "coupling": -264.26667387439204
          }
        ],
        "asymmetry_ratio": 52475.80307083817,
        "precision_digits_available": 12
      },
      "helmsman": {
        "helmsman_index": 7,
        "helmsman_carrier": "K2O",
        "helmsman_delta_clr": 0.8921984926947322,
        "all_deltas": [
          {
            "carrier": "K2O",
            "index": 7,
            "delta_clr": 0.8921984926947322,
            "abs_delta": 0.8921984926947322
          },
          {
            "carrier": "P2O5",
            "index": 9,
            "delta_clr": 0.8445351287629683,
            "abs_delta": 0.8445351287629683
          },
          {
            "carrier": "Al2O3",
            "index": 2,
            "delta_clr": -0.3884576925054386,
            "abs_delta": 0.3884576925054386
          },
          {
            "carrier": "SiO2",
            "index": 0,
            "delta_clr": -0.36914421035372147,
            "abs_delta": 0.36914421035372147
          },
          {
            "carrier": "CaO",
            "index": 4,
            "delta_clr": -0.33724867215445054,
            "abs_delta": 0.33724867215445054
          },
          {
            "carrier": "FeO",
            "index": 3,
            "delta_clr": -0.32124700145758966,
            "abs_delta": 0.32124700145758966
          },
          {
            "carrier": "MnO",
            "index": 6,
            "delta_clr": -0.29956226375422323,
            "abs_delta": 0.29956226375422323
          },
          {
            "carrier": "Na2O",
            "index": 8,
            "delta_clr": -0.048294674422245,
            "abs_delta": 0.048294674422245
          },
          {
            "carrier": "TiO2",
            "index": 1,
            "delta_clr": 0.038443297824153344,
            "abs_delta": 0.038443297824153344
          },
          {
            "carrier": "MgO",
            "index": 5,
            "delta_clr": -0.01122240463419244,
            "abs_delta": 0.01122240463419244
          }
        ]
      },
      "higgins_scale": 0.26720983888019034,
      "ring": "Hs-2",
      "shannon_entropy": 1.6873117012871788,
      "metric_energy": 21.472561199715777,
      "clr_norm": 4.633849501193988,
      "ilr_norm": 4.633849501193988
    },
    {
      "index": 2,
      "label": "Amsterdam",
      "raw_values": [
        0.5141055229,
        0.0240037705,
        0.1402798982,
        0.1270248084,
        0.0998316994,
        0.0526834094,
        0.0020820093,
        0.0069983531,
        0.0301924477,
        0.002798081
      ],
      "composition": [
        0.5141055229514105,
        0.02400377050240038,
        0.140279898214028,
        0.12702480841270247,
        0.09983169940998317,
        0.05268340940526834,
        0.002082009300208201,
        0.006998353100699835,
        0.030192447703019244,
        0.0027980810002798083
      ],
