{
  "metadata": {
    "engine": "CNT Tensor Engine v1.0",
    "handbook": "CNT Mathematics Handbook v2.0",
    "generated": "2026-05-05T06:59:59.454437Z",
    "input_file": "ball_top20_barycenters.csv",
    "carriers": [
      "SiO2",
      "TiO2",
      "Al2O3",
      "FeO",
      "CaO",
      "MgO",
      "MnO",
      "K2O",
      "Na2O",
      "P2O5"
    ],
    "D": 10,
    "T": 20,
    "labels": [
      "Azores",
      "Cameroon",
      "Canary",
      "Cape_Verde",
      "Eastern Anatolia",
      "Eifel",
      "Ethiopia",
      "Harrat Ash Shaam",
      "Hawaii",
      "Iceland",
      "Lake Baikal",
      "Mascarene",
      "Massif_Central",
      "Mt_Etna",
      "N_Kenya",
      "New_South_Wales",
      "Sardinia",
      "Tanganyika",
      "Tibet",
      "Victoria_Tasmania"
    ],
    "lineage": {
      "Aitchison_1986": "CLR transform, Aitchison distance, simplex geometry",
      "Shannon_1948": "Entropy H = -sum(x_j ln x_j)",
      "Egozcue_2003": "ILR, Helmert basis, orthonormal coordinates",
      "Higgins_2025": "Hs = 1 - H/ln(D), ring classification",
      "Higgins_2026": "CNT tensor decomposition, HCI instrument"
    }
  },
  "helmert_basis": [
    {
      "index": 0,
      "coefficients": [
        0.7071067811865475,
        -0.7071067811865475,
        0.0,
        0.0,
        0.0,
        0.0,
        0.0,
        0.0,
        0.0,
        0.0
      ]
    },
    {
      "index": 1,
      "coefficients": [
        0.4082482904638631,
        0.4082482904638631,
        -0.8164965809277261,
        0.0,
        0.0,
        0.0,
        0.0,
        0.0,
        0.0,
        0.0
      ]
    },
    {
      "index": 2,
      "coefficients": [
        0.2886751345948129,
        0.2886751345948129,
        0.2886751345948129,
        -0.8660254037844387,
        0.0,
        0.0,
        0.0,
        0.0,
        0.0,
        0.0
      ]
    },
    {
      "index": 3,
      "coefficients": [
        0.22360679774997896,
        0.22360679774997896,
        0.22360679774997896,
        0.22360679774997896,
        -0.8944271909999159,
        0.0,
        0.0,
        0.0,
        0.0,
        0.0
      ]
    },
    {
      "index": 4,
      "coefficients": [
        0.18257418583505536,
        0.18257418583505536,
        0.18257418583505536,
        0.18257418583505536,
        0.18257418583505536,
        -0.9128709291752769,
        0.0,
        0.0,
        0.0,
        0.0
      ]
    },
    {
      "index": 5,
      "coefficients": [
        0.1543033499620919,
        0.1543033499620919,
        0.1543033499620919,
        0.1543033499620919,
        0.1543033499620919,
        0.1543033499620919,
        -0.9258200997725514,
        0.0,
        0.0,
        0.0
      ]
    },
    {
      "index": 6,
      "coefficients": [
        0.1336306209562122,
        0.1336306209562122,
        0.1336306209562122,
        0.1336306209562122,
        0.1336306209562122,
        0.1336306209562122,
        0.1336306209562122,
        -0.9354143466934853,
        0.0,
        0.0
      ]
    },
    {
      "index": 7,
      "coefficients": [
        0.11785113019775793,
        0.11785113019775793,
        0.11785113019775793,
        0.11785113019775793,
        0.11785113019775793,
        0.11785113019775793,
        0.11785113019775793,
        0.11785113019775793,
        -0.9428090415820635,
        0.0
      ]
    },
    {
      "index": 8,
      "coefficients": [
        0.10540925533894598,
        0.10540925533894598,
        0.10540925533894598,
        0.10540925533894598,
        0.10540925533894598,
        0.10540925533894598,
        0.10540925533894598,
        0.10540925533894598,
        0.10540925533894598,
        -0.9486832980505138
      ]
    }
  ],
  "timesteps": [
    {
      "index": 0,
      "label": "Azores",
      "raw_values": [
        0.4744433759,
        0.0286094261,
        0.1414194405,
        0.1059341927,
        0.1099594179,
        0.0942570906,
        0.0017027439,
        0.0110117818,
        0.0279558484,
        0.0047066821
      ],
      "composition": [
        0.47444337594744435,
        0.028609426102860946,
        0.14141944051414193,
        0.10593419271059341,
        0.10995941791099594,
        0.0942570906094257,
        0.0017027439001702743,
        0.011011781801101178,
        0.027955848402795587,
        0.0047066821004706685
      ],
      "clr": [
        2.5434042083978268,
        -0.26500182084363955,
        1.332992161583204,
        1.0440800094517204,
        1.0813733012551712,
        0.9272879870439041,
        -3.086497059591979,
        -1.219772295948185,
        -0.2881116454917718,
        -2.069754845856245
      ],
      "ilr": [
        1.9858429476018262,
        -0.15822966262836435,
        0.13831999577852339,
        0.07378607378863955,
        0.20090608092480888,
        3.8858395014364424,
        1.6190745980326064,
        0.5495114952155151,
        2.181713170358818
      ],
      "bearing_tensor": [
        {
          "pair": "SiO2/TiO2",
          "i": 0,
          "j": 1,
          "theta_deg": -5.94828669600268
        },
        {
          "pair": "SiO2/Al2O3",
          "i": 0,
          "j": 2,
          "theta_deg": 27.65892781704717
        },
        {
          "pair": "SiO2/FeO",
          "i": 0,
          "j": 3,
          "theta_deg": 22.318392618574567
        },
        {
          "pair": "SiO2/CaO",
          "i": 0,
          "j": 4,
          "theta_deg": 23.033629695986438
        },
        {
          "pair": "SiO2/MgO",
          "i": 0,
          "j": 5,
          "theta_deg": 20.031116132876743
        },
        {
          "pair": "SiO2/MnO",
          "i": 0,
          "j": 6,
          "theta_deg": -50.51003313905524
        },
        {
          "pair": "SiO2/K2O",
          "i": 0,
          "j": 7,
          "theta_deg": -25.6215637182722
        },
        {
          "pair": "SiO2/Na2O",
          "i": 0,
          "j": 8,
          "theta_deg": -6.4627997735658145
        },
        {
          "pair": "SiO2/P2O5",
          "i": 0,
          "j": 9,
          "theta_deg": -39.137781553548145
        },
        {
          "pair": "TiO2/Al2O3",
          "i": 1,
          "j": 2,
          "theta_deg": 101.24392991140846
        },
        {
          "pair": "TiO2/FeO",
          "i": 1,
          "j": 3,
          "theta_deg": 104.2417142020861
        },
        {
          "pair": "TiO2/CaO",
          "i": 1,
          "j": 4,
          "theta_deg": 103.76956769488659
        },
        {
          "pair": "TiO2/MgO",
          "i": 1,
          "j": 5,
          "theta_deg": 105.94896022396007
        },
        {
          "pair": "TiO2/MnO",
          "i": 1,
          "j": 6,
          "theta_deg": -94.90729151397508
        },
        {
          "pair": "TiO2/K2O",
          "i": 1,
          "j": 7,
          "theta_deg": -102.25732482807865
        },
        {
          "pair": "TiO2/Na2O",
          "i": 1,
          "j": 8,
          "theta_deg": -132.607496794921
        },
        {
          "pair": "TiO2/P2O5",
          "i": 1,
          "j": 9,
          "theta_deg": -97.29619000233453
        },
        {
          "pair": "Al2O3/FeO",
          "i": 2,
          "j": 3,
          "theta_deg": 38.07019303311718
        },
        {
          "pair": "Al2O3/CaO",
          "i": 2,
          "j": 4,
          "theta_deg": 39.050262081925005
        },
        {
          "pair": "Al2O3/MgO",
          "i": 2,
          "j": 5,
          "theta_deg": 34.824173200908966
        },
        {
          "pair": "Al2O3/MnO",
          "i": 2,
          "j": 6,
          "theta_deg": -66.64151547085355
        },
        {
          "pair": "Al2O3/K2O",
          "i": 2,
          "j": 7,
          "theta_deg": -42.460489572907456
        },
        {
          "pair": "Al2O3/Na2O",
          "i": 2,
          "j": 8,
          "theta_deg": -12.196244249911015
        },
        {
          "pair": "Al2O3/P2O5",
          "i": 2,
          "j": 9,
          "theta_deg": -57.217094281726474
        },
        {
          "pair": "FeO/CaO",
          "i": 3,
          "j": 4,
          "theta_deg": 46.005210972443024
        },
        {
          "pair": "FeO/MgO",
          "i": 3,
          "j": 5,
          "theta_deg": 41.60952321597947
        },
        {
          "pair": "FeO/MnO",
          "i": 3,
          "j": 6,
          "theta_deg": -71.31068676436968
        },
        {
          "pair": "FeO/K2O",
          "i": 3,
          "j": 7,
          "theta_deg": -49.43769646428581
        },
        {
          "pair": "FeO/Na2O",
          "i": 3,
          "j": 8,
          "theta_deg": -15.426729131476211
        },
        {
          "pair": "FeO/P2O5",
          "i": 3,
          "j": 9,
          "theta_deg": -63.23151175207977
        },
        {
          "pair": "CaO/MgO",
          "i": 4,
          "j": 5,
          "theta_deg": 40.6134057226454
        },
        {
          "pair": "CaO/MnO",
          "i": 4,
          "j": 6,
          "theta_deg": -70.69177560041261
        },
        {
          "pair": "CaO/K2O",
          "i": 4,
          "j": 7,
          "theta_deg": -48.44182384684589
        },
        {
          "pair": "CaO/Na2O",
          "i": 4,
          "j": 8,
          "theta_deg": -14.918823806388582
        },
        {
          "pair": "CaO/P2O5",
          "i": 4,
          "j": 9,
          "theta_deg": -62.414532954321125
        },
        {
          "pair": "MgO/MnO",
          "i": 5,
          "j": 6,
          "theta_deg": -73.27795672725256
        },
        {
          "pair": "MgO/K2O",
          "i": 5,
          "j": 7,
          "theta_deg": -52.75739437640475
        },
        {
          "pair": "MgO/Na2O",
          "i": 5,
          "j": 8,
          "theta_deg": -17.26020376823078
        },
        {
          "pair": "MgO/P2O5",
          "i": 5,
          "j": 9,
          "theta_deg": -65.86674855586965
        },
        {
          "pair": "MnO/K2O",
          "i": 6,
          "j": 7,
          "theta_deg": -158.43625031113143
        },
        {
          "pair": "MnO/Na2O",
          "i": 6,
          "j": 8,
          "theta_deg": -174.66713100784486
        },
        {
          "pair": "MnO/P2O5",
          "i": 6,
          "j": 9,
          "theta_deg": -146.15483607251858
        },
        {
          "pair": "K2O/Na2O",
          "i": 7,
          "j": 8,
          "theta_deg": -166.71024599970082
        },
        {
          "pair": "K2O/P2O5",
          "i": 7,
          "j": 9,
          "theta_deg": -120.51219619909465
        },
        {
          "pair": "Na2O/P2O5",
          "i": 8,
          "j": 9,
          "theta_deg": -97.92469806112359
        }
      ],
      "angular_velocity_deg": 0.0,
      "metric_tensor": [
        [
          3.998284878296604,
          -7.3672679643664765,
          -1.4904125461127118,
          -1.9896626671082391,
          -1.9168281572490953,
          -2.236153344472529,
          -123.78450358003936,
          -19.140708762086092,
          -7.539506774025865,
          -44.781717546940364
        ],
        [
          -7.3672679643664765,
          1099.573380032449,
          -24.716202184196536,
          -32.99549838523433,
          -31.78764994329742,
          -37.083167557199694,
          -2052.775807432904,
          -317.41924673570554,
          -125.03113603141273,
          -742.6359821866771
        ],
        [
          -1.4904125461127118,
          -24.716202184196536,
          45.00121918353132,
          -6.675053085682594,
          -6.430703011764757,
          -7.501996458412111,
          -415.28051274265584,
          -64.21452701336939,
          -25.29404043632707,
          -150.23669430774376
        ],
        [
          -1.9896626671082391,
          -32.99549838523433,
          -6.675053085682594,
          80.19922781896348,
          -8.584824207995657,
          -10.014973586348217,
          -554.3888735616853,
          -85.72475279931817,
          -33.76689768732008,
          -200.5621481605972
        ],
        [
          -1.9168281572490953,
          -31.78764994329742,
          -6.430703011764757,
          -8.584824207995657,
          74.43507753881016,
          -9.64836084114649,
          -534.0946585951281,
          -82.58667293475037,
          -32.530811046515645,
          -193.22027760180293
        ],
        [
          -2.236153344472529,
          -37.083167557199694,
          -7.501996458412111,
          -10.014973586348217,
          -9.64836084114649,
          101.30116700243875,
          -623.0697063613749,
          -96.3448205795017,
          -37.95013217275932,
          -225.40892272746063
        ],
        [
          -123.78450358003936,
          -2052.775807432904,
          -415.28051274265584,
          -554.3888735616853,
          -534.0946585951281,
          -623.0697063613749,
          310415.8175892309,
          -5333.263846784496,
          -2100.7675003209524,
          -12477.736230075852
        ],
        [
          -19.140708762086092,
          -317.41924673570554,
          -64.21452701336939,
          -85.72475279931817,
          -82.58667293475037,
          -96.3448205795017,
          -5333.263846784496,
          7422.1087762405095,
          -324.8401676910952,
          -1929.423379200145
        ],
        [
          -7.539506774025865,
          -125.03113603141273,
          -25.29404043632707,
          -33.76689768732008,
          -32.530811046515645,
          -37.95013217275932,
          -2100.7675003209524,
          -324.8401676910952,
          1151.5880669322755,
          -759.9980135666586
        ],
        [
          -44.781717546940364,
          -742.6359821866771,
          -150.23669430774376,
          -200.5621481605972,
          -193.22027760180293,
          -225.40892272746063,
          -12477.736230075852,
          -1929.423379200145,
          -759.9980135666586,
          40626.81506875849
        ]
      ],
      "metric_tensor_properties": {
        "trace": 361020.83785761666,
        "condition_number": 278.634606120157,
        "diagonal_sensitivities": [
          3.998284878296604,
          1099.573380032449,
          45.00121918353132,
          80.19922781896348,
          74.43507753881016,
          101.30116700243875,
          310415.8175892309,
          7422.1087762405095,
          1151.5880669322755,
          40626.81506875849
        ],
        "off_diagonal_couplings": [
          {
            "i": 0,
            "j": 1,
            "coupling": -7.3672679643664765
          },
          {
            "i": 0,
            "j": 2,
            "coupling": -1.4904125461127118
          },
          {
            "i": 0,
            "j": 3,
            "coupling": -1.9896626671082391
          },
          {
            "i": 0,
            "j": 4,
            "coupling": -1.9168281572490953
          },
          {
            "i": 0,
            "j": 5,
            "coupling": -2.236153344472529
          },
          {
            "i": 0,
            "j": 6,
            "coupling": -123.78450358003936
          },
          {
            "i": 0,
            "j": 7,
            "coupling": -19.140708762086092
          },
          {
            "i": 0,
            "j": 8,
            "coupling": -7.539506774025865
          },
          {
            "i": 0,
            "j": 9,
            "coupling": -44.781717546940364
          },
          {
            "i": 1,
            "j": 2,
            "coupling": -24.716202184196536
          },
          {
            "i": 1,
            "j": 3,
            "coupling": -32.99549838523433
          },
          {
            "i": 1,
            "j": 4,
            "coupling": -31.78764994329742
          },
          {
            "i": 1,
            "j": 5,
            "coupling": -37.083167557199694
          },
          {
            "i": 1,
            "j": 6,
            "coupling": -2052.775807432904
          },
          {
            "i": 1,
            "j": 7,
            "coupling": -317.41924673570554
          },
          {
            "i": 1,
            "j": 8,
            "coupling": -125.03113603141273
          },
          {
            "i": 1,
            "j": 9,
            "coupling": -742.6359821866771
          },
          {
            "i": 2,
            "j": 3,
            "coupling": -6.675053085682594
          },
          {
            "i": 2,
            "j": 4,
            "coupling": -6.430703011764757
          },
          {
            "i": 2,
            "j": 5,
            "coupling": -7.501996458412111
          },
          {
            "i": 2,
            "j": 6,
            "coupling": -415.28051274265584
          },
          {
            "i": 2,
            "j": 7,
            "coupling": -64.21452701336939
          },
          {
            "i": 2,
            "j": 8,
            "coupling": -25.29404043632707
          },
          {
            "i": 2,
            "j": 9,
            "coupling": -150.23669430774376
          },
          {
            "i": 3,
            "j": 4,
            "coupling": -8.584824207995657
          },
          {
            "i": 3,
            "j": 5,
            "coupling": -10.014973586348217
          },
          {
            "i": 3,
            "j": 6,
            "coupling": -554.3888735616853
          },
          {
            "i": 3,
            "j": 7,
            "coupling": -85.72475279931817
          },
          {
            "i": 3,
            "j": 8,
            "coupling": -33.76689768732008
          },
          {
            "i": 3,
            "j": 9,
            "coupling": -200.5621481605972
          },
          {
            "i": 4,
            "j": 5,
            "coupling": -9.64836084114649
          },
          {
            "i": 4,
            "j": 6,
            "coupling": -534.0946585951281
          },
          {
            "i": 4,
            "j": 7,
            "coupling": -82.58667293475037
          },
          {
            "i": 4,
            "j": 8,
            "coupling": -32.530811046515645
          },
          {
            "i": 4,
            "j": 9,
            "coupling": -193.22027760180293
          },
          {
            "i": 5,
            "j": 6,
            "coupling": -623.0697063613749
          },
          {
            "i": 5,
            "j": 7,
            "coupling": -96.3448205795017
          },
          {
            "i": 5,
            "j": 8,
            "coupling": -37.95013217275932
          },
          {
            "i": 5,
            "j": 9,
            "coupling": -225.40892272746063
          },
          {
            "i": 6,
            "j": 7,
            "coupling": -5333.263846784496
          },
          {
            "i": 6,
            "j": 8,
            "coupling": -2100.7675003209524
          },
          {
            "i": 6,
            "j": 9,
            "coupling": -12477.736230075852
          },
          {
            "i": 7,
            "j": 8,
            "coupling": -324.8401676910952
          },
          {
            "i": 7,
            "j": 9,
            "coupling": -1929.423379200145
          },
          {
            "i": 8,
            "j": 9,
            "coupling": -759.9980135666586
          }
        ],
        "asymmetry_ratio": 77637.24372773505,
        "precision_digits_available": 12
      },
      "helmsman": {
        "helmsman_index": null,
        "helmsman_carrier": null,
        "helmsman_delta_clr": 0.0,
        "all_deltas": []
      },
      "higgins_scale": 0.29602796209529314,
      "ring": "Hs-2",
      "shannon_entropy": 1.6209555203640174,
      "metric_energy": 26.816535323954657,
      "clr_norm": 5.178468434195062,
      "ilr_norm": 5.178468434195062
    },
    {
      "index": 1,
      "label": "Cameroon",
      "raw_values": [
        0.5312215034,
        0.0246220567,
        0.1700675146,
        0.096420865,
        0.0655070588,
        0.0378381636,
        0.0022646376,
        0.0447666643,
        0.0214859765,
        0.0058055594
      ],
      "composition": [
        0.5312215034531221,
        0.024622056702462206,
        0.17006751461700678,
        0.09642086500964209,
        0.06550705880655072,
        0.03783816360378382,
        0.0022646376002264644,
        0.04476666430447667,
        0.0214859765021486,
        0.005805559400580557
      ],
      "clr": [
        2.630747985773837,
        -0.44078843732586526,
        1.4917644105478045,
        0.9242915277377883,
        0.5377268124063361,
        -0.011112880016618476,
        -2.8270163462336226,
        0.15703266962711027,
        -0.5770306258589577,
        -1.8856151166578154
      ],
      "ilr": [
        2.171904233435272,
        -0.32397329892304905,
        0.2623622158803993,
        0.5489788910293651,
        0.949259187517387,
        3.4092904692133543,
        0.1612098945462285,
        0.8342552753618804,
        1.9876128530276003
      ],
      "bearing_tensor": [
        {
          "pair": "SiO2/TiO2",
          "i": 0,
          "j": 1,
          "theta_deg": -9.511698621625175
        },
        {
          "pair": "SiO2/Al2O3",
          "i": 0,
          "j": 2,
          "theta_deg": 29.555384108371552
        },
        {
          "pair": "SiO2/FeO",
          "i": 0,
          "j": 3,
          "theta_deg": 19.35850308297931
        },
        {
          "pair": "SiO2/CaO",
          "i": 0,
          "j": 4,
          "theta_deg": 11.552171538932432
        },
        {
          "pair": "SiO2/MgO",
          "i": 0,
          "j": 5,
          "theta_deg": -0.24202901206492783
        },
        {
          "pair": "SiO2/MnO",
          "i": 0,
          "j": 6,
          "theta_deg": -47.05954383990686
        },
        {
          "pair": "SiO2/K2O",
          "i": 0,
          "j": 7,
          "theta_deg": 3.4160041576902227
        },
        {
          "pair": "SiO2/Na2O",
          "i": 0,
          "j": 8,
          "theta_deg": -12.371393178047766
        },
        {
          "pair": "SiO2/P2O5",
          "i": 0,
          "j": 9,
          "theta_deg": -35.63144288625503
        },
        {
          "pair": "TiO2/Al2O3",
          "i": 1,
          "j": 2,
          "theta_deg": 106.4614228875115
        },
        {
          "pair": "TiO2/FeO",
          "i": 1,
          "j": 3,
          "theta_deg": 115.49616156063925
        },
        {
          "pair": "TiO2/CaO",
          "i": 1,
          "j": 4,
          "theta_deg": 129.34235073915735
        },
        {
          "pair": "TiO2/MgO",
          "i": 1,
          "j": 5,
          "theta_deg": -178.55580088329006
        },
        {
          "pair": "TiO2/MnO",
          "i": 1,
          "j": 6,
          "theta_deg": -98.86220218716936
        },
        {
          "pair": "TiO2/K2O",
          "i": 1,
          "j": 7,
          "theta_deg": 160.39135239444244
        },
        {
          "pair": "TiO2/Na2O",
          "i": 1,
          "j": 8,
          "theta_deg": -127.37587983659817
        },
        {
          "pair": "TiO2/P2O5",
          "i": 1,
          "j": 9,
          "theta_deg": -103.15740713018742
        },
        {
          "pair": "Al2O3/FeO",
          "i": 2,
          "j": 3,
          "theta_deg": 31.7821969458641
        },
        {
          "pair": "Al2O3/CaO",
          "i": 2,
          "j": 4,
          "theta_deg": 19.822389133149727
        },
        {
          "pair": "Al2O3/MgO",
          "i": 2,
          "j": 5,
          "theta_deg": -0.42681628602187294
        },
        {
          "pair": "Al2O3/MnO",
          "i": 2,
          "j": 6,
          "theta_deg": -62.18021537029852
        },
        {
          "pair": "Al2O3/K2O",
          "i": 2,
          "j": 7,
          "theta_deg": 6.009189698923731
        },
        {
          "pair": "Al2O3/Na2O",
          "i": 2,
          "j": 8,
          "theta_deg": -21.14700994869656
        },
        {
          "pair": "Al2O3/P2O5",
          "i": 2,
          "j": 9,
          "theta_deg": -51.65146420488017
        },
        {
          "pair": "FeO/CaO",
          "i": 3,
          "j": 4,
          "theta_deg": 30.18964060499739
        },
        {
          "pair": "FeO/MgO",
          "i": 3,
          "j": 5,
          "theta_deg": -0.6888415896710203
        },
        {
          "pair": "FeO/MnO",
          "i": 3,
          "j": 6,
          "theta_deg": -71.89487020173996
        },
        {
          "pair": "FeO/K2O",
          "i": 3,
          "j": 7,
          "theta_deg": 9.642207809758293
        },
        {
          "pair": "FeO/Na2O",
          "i": 3,
          "j": 8,
          "theta_deg": -31.976329051432398
        },
        {
          "pair": "FeO/P2O5",
          "i": 3,
          "j": 9,
          "theta_deg": -63.88681273297773
        },
        {
          "pair": "CaO/MgO",
          "i": 4,
          "j": 5,
          "theta_deg": -1.1839292439880549
        },
        {
          "pair": "CaO/MnO",
          "i": 4,
          "j": 6,
          "theta_deg": -79.23041982136913
        },
        {
          "pair": "CaO/K2O",
          "i": 4,
          "j": 7,
          "theta_deg": 16.279418509274137
        },
        {
          "pair": "CaO/Na2O",
          "i": 4,
          "j": 8,
          "theta_deg": -47.01928250241686
        },
        {
          "pair": "CaO/P2O5",
          "i": 4,
          "j": 9,
          "theta_deg": -74.08327272465415
        },
        {
          "pair": "MgO/MnO",
          "i": 5,
          "j": 6,
          "theta_deg": -90.22522609196724
        },
        {
          "pair": "MgO/K2O",
          "i": 5,
          "j": 7,
          "theta_deg": 94.0479562989307
        },
        {
          "pair": "MgO/Na2O",
          "i": 5,
          "j": 8,
          "theta_deg": -91.10330785309024
        },
        {
          "pair": "MgO/P2O5",
          "i": 5,
          "j": 9,
          "theta_deg": -90.33766898975779
        },
        {
          "pair": "MnO/K2O",
          "i": 6,
          "j": 7,
          "theta_deg": 176.82065063598907
        },
        {
          "pair": "MnO/Na2O",
          "i": 6,
          "j": 8,
          "theta_deg": -168.46365714486058
        },
        {
          "pair": "MnO/P2O5",
          "i": 6,
          "j": 9,
          "theta_deg": -146.2967795415811
        },
        {
          "pair": "K2O/Na2O",
          "i": 7,
          "j": 8,
          "theta_deg": -74.77624584733458
        },
        {
          "pair": "K2O/P2O5",
          "i": 7,
          "j": 9,
          "theta_deg": -85.23943398138077
        },
        {
          "pair": "Na2O/P2O5",
          "i": 8,
          "j": 9,
          "theta_deg": -107.01501091401092
        }
      ],
      "angular_velocity_deg": 20.604927285652884,
      "metric_tensor": [
        [
          3.189269474857396,
          -7.645396726213798,
          -1.1068862394419356,
          -1.9523304596658673,
          -2.873665756564703,
          -4.975013948267576,
          -83.12384802178966,
          -4.205035032883398,
          -8.761314231486313,
          -32.42502207226241
        ],
        [
          -7.645396726213798,
          1484.5466701771745,
          -23.881098942035877,
          -42.121579628939564,
          -61.99941223721574,
          -107.3360532483329,
          -1793.3991482737597,
          -90.72373844456246,
          -189.02557875313377,
          -699.5706809904884
        ],
        [
          -1.1068862394419356,
          -23.881098942035877,
          31.11714757711909,
          -6.098283522027286,
          -8.976158951119285,
          -15.539913047183859,
          -259.6449746348454,
          -13.134813178589171,
          -27.366769772326492,
          -101.28253484222682
        ],
        [
          -1.9523304596658673,
          -42.121579628939564,
          -6.098283522027286,
          96.80559593876112,
          -15.832185735643419,
          -27.409361957442215,
          -457.9628643087595,
          -23.167237008483454,
          -48.269620043441584,
          -178.6425476789222
        ],
        [
          -2.873665756564703,
          -61.99941223721574,
          -8.976158951119285,
          -15.832185735643419,
          209.73277754980802,
          -40.34426880778642,
          -674.0827068628549,
          -34.10021870830791,
          -71.04880913703873,
          -262.94676159396454
        ],
        [
          -4.975013948267576,
          -107.3360532483329,
          -15.539913047183859,
          -27.409361957442215,
          -40.34426880778642,
          628.6116248335064,
          -1167.0010199577498,
          -59.03576758196549,
          -123.0027589872246,
          -455.22476077579563
        ],
        [
          -83.12384802178966,
          -1793.3991482737597,
          -259.6449746348454,
          -457.9628643087595,
          -674.0827068628549,
          -1167.0010199577498,
          175487.05348297395,
          -986.3852088378229,
          -2055.1626087149543,
          -7606.015626078722
        ],
        [
          -4.205035032883398,
          -90.72373844456246,
          -13.134813178589171,
          -23.167237008483454,
          -34.10021870830791,
          -59.03576758196549,
          -986.3852088378229,
          449.0896429860171,
          -103.96572071173895,
          -384.7699899544541
        ],
        [
          -8.761314231486313,
          -189.02557875313377,
          -27.366769772326492,
          -48.269620043441584,
          -71.04880913703873,
          -123.0027589872246,
          -2055.1626087149543,
          -103.96572071173895,
          1949.5407462765197,
          -801.6795965966647
        ],
        [
          -32.42502207226241,
          -699.5706809904884,
          -101.28253484222682,
          -178.6425476789222,
          -262.94676159396454,
          -455.22476077579563,
          -7606.015626078722,
          -384.7699899544541,
          -801.6795965966647,
          26702.650007688968
        ]
      ],
      "metric_tensor_properties": {
        "trace": 207042.3369654767,
        "condition_number": 234.57241167416802,
        "diagonal_sensitivities": [
          3.189269474857396,
          1484.5466701771745,
          31.11714757711909,
          96.80559593876112,
          209.73277754980802,
          628.6116248335064,
          175487.05348297395,
          449.0896429860171,
          1949.5407462765197,
          26702.650007688968
        ],
        "off_diagonal_couplings": [
          {
            "i": 0,
            "j": 1,
            "coupling": -7.645396726213798
          },
          {
            "i": 0,
            "j": 2,
            "coupling": -1.1068862394419356
          },
          {
            "i": 0,
            "j": 3,
            "coupling": -1.9523304596658673
          },
          {
            "i": 0,
            "j": 4,
            "coupling": -2.873665756564703
          },
          {
            "i": 0,
            "j": 5,
            "coupling": -4.975013948267576
          },
          {
            "i": 0,
            "j": 6,
            "coupling": -83.12384802178966
          },
          {
            "i": 0,
            "j": 7,
            "coupling": -4.205035032883398
          },
          {
            "i": 0,
            "j": 8,
            "coupling": -8.761314231486313
          },
          {
            "i": 0,
            "j": 9,
            "coupling": -32.42502207226241
          },
          {
            "i": 1,
            "j": 2,
            "coupling": -23.881098942035877
          },
          {
            "i": 1,
            "j": 3,
            "coupling": -42.121579628939564
          },
          {
            "i": 1,
            "j": 4,
            "coupling": -61.99941223721574
          },
          {
            "i": 1,
            "j": 5,
            "coupling": -107.3360532483329
          },
          {
            "i": 1,
            "j": 6,
            "coupling": -1793.3991482737597
          },
          {
            "i": 1,
            "j": 7,
            "coupling": -90.72373844456246
          },
          {
            "i": 1,
            "j": 8,
            "coupling": -189.02557875313377
          },
          {
            "i": 1,
            "j": 9,
            "coupling": -699.5706809904884
          },
          {
            "i": 2,
            "j": 3,
            "coupling": -6.098283522027286
          },
          {
            "i": 2,
            "j": 4,
            "coupling": -8.976158951119285
          },
          {
            "i": 2,
            "j": 5,
            "coupling": -15.539913047183859
          },
          {
            "i": 2,
            "j": 6,
            "coupling": -259.6449746348454
          },
          {
            "i": 2,
            "j": 7,
            "coupling": -13.134813178589171
          },
          {
            "i": 2,
            "j": 8,
            "coupling": -27.366769772326492
          },
          {
            "i": 2,
            "j": 9,
            "coupling": -101.28253484222682
          },
          {
            "i": 3,
            "j": 4,
            "coupling": -15.832185735643419
          },
          {
            "i": 3,
            "j": 5,
            "coupling": -27.409361957442215
          },
          {
            "i": 3,
            "j": 6,
            "coupling": -457.9628643087595
          },
          {
            "i": 3,
            "j": 7,
            "coupling": -23.167237008483454
          },
          {
            "i": 3,
            "j": 8,
            "coupling": -48.269620043441584
          },
          {
            "i": 3,
            "j": 9,
            "coupling": -178.6425476789222
          },
          {
            "i": 4,
            "j": 5,
            "coupling": -40.34426880778642
          },
          {
            "i": 4,
            "j": 6,
            "coupling": -674.0827068628549
          },
          {
            "i": 4,
            "j": 7,
            "coupling": -34.10021870830791
          },
          {
            "i": 4,
            "j": 8,
            "coupling": -71.04880913703873
          },
          {
            "i": 4,
            "j": 9,
            "coupling": -262.94676159396454
          },
          {
            "i": 5,
            "j": 6,
            "coupling": -1167.0010199577498
          },
          {
            "i": 5,
            "j": 7,
            "coupling": -59.03576758196549
          },
          {
            "i": 5,
            "j": 8,
            "coupling": -123.0027589872246
          },
          {
            "i": 5,
            "j": 9,
            "coupling": -455.22476077579563
          },
          {
            "i": 6,
            "j": 7,
            "coupling": -986.3852088378229
          },
          {
            "i": 6,
            "j": 8,
            "coupling": -2055.1626087149543
          },
          {
            "i": 6,
            "j": 9,
            "coupling": -7606.015626078722
          },
          {
            "i": 7,
            "j": 8,
            "coupling": -103.96572071173895
          },
          {
            "i": 7,
            "j": 9,
            "coupling": -384.7699899544541
          },
          {
            "i": 8,
            "j": 9,
            "coupling": -801.6795965966647
          }
        ],
        "asymmetry_ratio": 55024.21631863536,
        "precision_digits_available": 12
      },
      "helmsman": {
        "helmsman_index": 7,
        "helmsman_carrier": "K2O",
        "helmsman_delta_clr": 1.3768049655752952,
        "all_deltas": [
          {
            "carrier": "K2O",
            "index": 7,
            "delta_clr": 1.3768049655752952,
            "abs_delta": 1.3768049655752952
          },
          {
            "carrier": "MgO",
            "index": 5,
            "delta_clr": -0.9384008670605226,
            "abs_delta": 0.9384008670605226
          },
          {
            "carrier": "CaO",
            "index": 4,
            "delta_clr": -0.543646488848835,
            "abs_delta": 0.543646488848835
          },
          {
            "carrier": "Na2O",
            "index": 8,
            "delta_clr": -0.2889189803671859,
            "abs_delta": 0.2889189803671859
          },
          {
            "carrier": "MnO",
            "index": 6,
            "delta_clr": 0.2594807133583563,
            "abs_delta": 0.2594807133583563
          },
          {
            "carrier": "P2O5",
            "index": 9,
            "delta_clr": 0.1841397291984297,
            "abs_delta": 0.1841397291984297
          },
          {
            "carrier": "TiO2",
            "index": 1,
            "delta_clr": -0.1757866164822257,
            "abs_delta": 0.1757866164822257
          },
          {
            "carrier": "Al2O3",
            "index": 2,
            "delta_clr": 0.1587722489646004,
            "abs_delta": 0.1587722489646004
          },
          {
            "carrier": "FeO",
            "index": 3,
            "delta_clr": -0.11978848171393208,
            "abs_delta": 0.11978848171393208
          },
          {
            "carrier": "SiO2",
            "index": 0,
            "delta_clr": 0.0873437773760104,
            "abs_delta": 0.0873437773760104
          }
        ]
      },
      "higgins_scale": 0.3391085526850498,
      "ring": "Hs-3",
      "shannon_entropy": 1.5217587946746642,
      "metric_energy": 22.38926830939108,
      "clr_norm": 4.731729948907807,
      "ilr_norm": 4.731729948907806
    },
    {
      "index": 2,
      "label": "Canary",
      "raw_values": [
        0.4506558927,
        0.0346560501,
        0.1215299428,
        0.1243018478,
        0.1121198578,
        0.1089644358,
        0.0018644839,
        0.0102743763,
        0.029040433,
        0.0065926798
      ],
      "composition": [
        0.4506558927,
        0.0346560501,
        0.1215299428,
        0.1243018478,
        0.1121198578,
        0.1089644358,
        0.0018644839,
        0.0102743763,
        0.029040433,
        0.0065926798
      ],
      "clr": [
        2.421011432661161,
        -0.14422031180244455,
        1.11046804695982,
        1.1330202357967005,
        1.0298758297547028,
        1.0013289236678822,
        -3.066708342680437,
        -1.3600395704470918,
        -0.32100352794334386,
        -1.8037327159669454
      ],
      "ilr": [
        1.8138927618252123,
        0.022802719261690974,
        -0.003406811024247447,
        0.08961625689138131,
        0.09923100803190887,
        3.850136176448226,
        1.737873282232822,
        0.5530475962416923,
        1.901301224205703
      ],
      "bearing_tensor": [
        {
          "pair": "SiO2/TiO2",
          "i": 0,
          "j": 1,
          "theta_deg": -3.40909650562928
        },
        {
          "pair": "SiO2/Al2O3",
          "i": 0,
          "j": 2,
          "theta_deg": 24.639948129925752
        },
        {
          "pair": "SiO2/FeO",
          "i": 0,
          "j": 3,
          "theta_deg": 25.079339413366945
        },
        {
          "pair": "SiO2/CaO",
          "i": 0,
          "j": 4,
          "theta_deg": 23.04445166586567
        },
        {
          "pair": "SiO2/MgO",
          "i": 0,
          "j": 5,
          "theta_deg": 22.469958828848814
        },
        {
          "pair": "SiO2/MnO",
          "i": 0,
          "j": 6,
          "theta_deg": -51.71068969008339
        },
        {
          "pair": "SiO2/K2O",
          "i": 0,
          "j": 7,
