{
  "metadata": {
    "engine": "CNT Tensor Engine v1.0",
    "handbook": "CNT Mathematics Handbook v2.0",
    "generated": "2026-05-05T06:59:59.694976Z",
    "input_file": "ball_top40_barycenters.csv",
    "carriers": [
      "SiO2",
      "TiO2",
      "Al2O3",
      "FeO",
      "CaO",
      "MgO",
      "MnO",
      "K2O",
      "Na2O",
      "P2O5"
    ],
    "D": 10,
    "T": 40,
    "labels": [
      "Afar",
      "Antarctica",
      "Austral_Cook",
      "Azores",
      "Bohemian_Massif",
      "Cameroon",
      "Canary",
      "Cape_Verde",
      "Changbaishan",
      "Darfur",
      "Eastern Anatolia",
      "Eifel",
      "Ethiopia",
      "Galapagos",
      "Hangai",
      "Harrat Ash Shaam",
      "Harrat_Rahat",
      "Hawaii",
      "Iceland",
      "Korea",
      "Lake Baikal",
      "Madagascar",
      "Mascarene",
      "Massif_Central",
      "Mexico",
      "Mt_Etna",
      "N_Kenya",
      "New_South_Wales",
      "New_Zealand",
      "Northern_Cordillera",
      "Nushan",
      "Patagonia",
      "Queensland",
      "S_Kenya",
      "Sardinia",
      "Shanxi",
      "Taiwan_Fujian",
      "Tanganyika",
      "Tibet",
      "Victoria_Tasmania"
    ],
    "lineage": {
      "Aitchison_1986": "CLR transform, Aitchison distance, simplex geometry",
      "Shannon_1948": "Entropy H = -sum(x_j ln x_j)",
      "Egozcue_2003": "ILR, Helmert basis, orthonormal coordinates",
      "Higgins_2025": "Hs = 1 - H/ln(D), ring classification",
      "Higgins_2026": "CNT tensor decomposition, HCI instrument"
    }
  },
  "helmert_basis": [
    {
      "index": 0,
      "coefficients": [
        0.7071067811865475,
        -0.7071067811865475,
        0.0,
        0.0,
        0.0,
        0.0,
        0.0,
        0.0,
        0.0,
        0.0
      ]
    },
    {
      "index": 1,
      "coefficients": [
        0.4082482904638631,
        0.4082482904638631,
        -0.8164965809277261,
        0.0,
        0.0,
        0.0,
        0.0,
        0.0,
        0.0,
        0.0
      ]
    },
    {
      "index": 2,
      "coefficients": [
        0.2886751345948129,
        0.2886751345948129,
        0.2886751345948129,
        -0.8660254037844387,
        0.0,
        0.0,
        0.0,
        0.0,
        0.0,
        0.0
      ]
    },
    {
      "index": 3,
      "coefficients": [
        0.22360679774997896,
        0.22360679774997896,
        0.22360679774997896,
        0.22360679774997896,
        -0.8944271909999159,
        0.0,
        0.0,
        0.0,
        0.0,
        0.0
      ]
    },
    {
      "index": 4,
      "coefficients": [
        0.18257418583505536,
        0.18257418583505536,
        0.18257418583505536,
        0.18257418583505536,
        0.18257418583505536,
        -0.9128709291752769,
        0.0,
        0.0,
        0.0,
        0.0
      ]
    },
    {
      "index": 5,
      "coefficients": [
        0.1543033499620919,
        0.1543033499620919,
        0.1543033499620919,
        0.1543033499620919,
        0.1543033499620919,
        0.1543033499620919,
        -0.9258200997725514,
        0.0,
        0.0,
        0.0
      ]
    },
    {
      "index": 6,
      "coefficients": [
        0.1336306209562122,
        0.1336306209562122,
        0.1336306209562122,
        0.1336306209562122,
        0.1336306209562122,
        0.1336306209562122,
        0.1336306209562122,
        -0.9354143466934853,
        0.0,
        0.0
      ]
    },
    {
      "index": 7,
      "coefficients": [
        0.11785113019775793,
        0.11785113019775793,
        0.11785113019775793,
        0.11785113019775793,
        0.11785113019775793,
        0.11785113019775793,
        0.11785113019775793,
        0.11785113019775793,
        -0.9428090415820635,
        0.0
      ]
    },
    {
      "index": 8,
      "coefficients": [
        0.10540925533894598,
        0.10540925533894598,
        0.10540925533894598,
        0.10540925533894598,
        0.10540925533894598,
        0.10540925533894598,
        0.10540925533894598,
        0.10540925533894598,
        0.10540925533894598,
        -0.9486832980505138
      ]
    }
  ],
  "timesteps": [
    {
      "index": 0,
      "label": "Afar",
      "raw_values": [
        0.4948949325,
        0.0226841422,
        0.1527750156,
        0.1194071813,
        0.1047961415,
        0.0664754467,
        0.0020151826,
        0.0054598526,
        0.0281147126,
        0.0033773925
      ],
      "composition": [
        0.49489493245051047,
        0.022684142197731585,
        0.1527750155847225,
        0.11940718128805929,
        0.10479614148952038,
        0.06647544669335245,
        0.0020151825997984816,
        0.0054598525994540145,
        0.02811471259718853,
        0.0033773924996622607
      ],
      "clr": [
        2.7105559349823523,
        -0.372123448612947,
        1.5351768054111685,
        1.2887497965602397,
        1.1582274059803073,
        0.7030431094452334,
        -2.7930797358404877,
        -1.7963677544253436,
        -0.15749652809009884,
        -2.2766855854104184
      ],
      "ilr": [
        2.179783496364202,
        -0.29880554781229796,
        0.0021246207292802133,
        0.11838849930930473,
        0.5121883166311793,
        3.6696589364626004,
        2.245679175264181,
        0.4353602638843324,
        2.3998373219902454
      ],
      "bearing_tensor": [
        {
          "pair": "SiO2/TiO2",
          "i": 0,
          "j": 1,
          "theta_deg": -7.817085253725616
        },
        {
          "pair": "SiO2/Al2O3",
          "i": 0,
          "j": 2,
          "theta_deg": 29.525902215768486
        },
        {
          "pair": "SiO2/FeO",
          "i": 0,
          "j": 3,
          "theta_deg": 25.429026594908503
        },
        {
          "pair": "SiO2/CaO",
          "i": 0,
          "j": 4,
          "theta_deg": 23.137141151289967
        },
        {
          "pair": "SiO2/MgO",
          "i": 0,
          "j": 5,
          "theta_deg": 14.540523401700433
        },
        {
          "pair": "SiO2/MnO",
          "i": 0,
          "j": 6,
          "theta_deg": -45.859052356152475
        },
        {
          "pair": "SiO2/K2O",
          "i": 0,
          "j": 7,
          "theta_deg": -33.53364561981466
        },
        {
          "pair": "SiO2/Na2O",
          "i": 0,
          "j": 8,
          "theta_deg": -3.325425364128606
        },
        {
          "pair": "SiO2/P2O5",
          "i": 0,
          "j": 9,
          "theta_deg": -40.028011052921116
        },
        {
          "pair": "TiO2/Al2O3",
          "i": 1,
          "j": 2,
          "theta_deg": 103.62556279279805
        },
        {
          "pair": "TiO2/FeO",
          "i": 1,
          "j": 3,
          "theta_deg": 106.10594781165261
        },
        {
          "pair": "TiO2/CaO",
          "i": 1,
          "j": 4,
          "theta_deg": 107.81153852968522
        },
        {
          "pair": "TiO2/MgO",
          "i": 1,
          "j": 5,
          "theta_deg": 117.89244287861621
        },
        {
          "pair": "TiO2/MnO",
          "i": 1,
          "j": 6,
          "theta_deg": -97.58885507358572
        },
        {
          "pair": "TiO2/K2O",
          "i": 1,
          "j": 7,
          "theta_deg": -101.70347336691628
        },
        {
          "pair": "TiO2/Na2O",
          "i": 1,
          "j": 8,
          "theta_deg": -157.06010556709592
        },
        {
          "pair": "TiO2/P2O5",
          "i": 1,
          "j": 9,
          "theta_deg": -99.28288904154715
        },
        {
          "pair": "Al2O3/FeO",
          "i": 2,
          "j": 3,
          "theta_deg": 40.01277720094397
        },
        {
          "pair": "Al2O3/CaO",
          "i": 2,
          "j": 4,
          "theta_deg": 37.03304327994894
        },
        {
          "pair": "Al2O3/MgO",
          "i": 2,
          "j": 5,
          "theta_deg": 24.605685952256366
        },
        {
          "pair": "Al2O3/MnO",
          "i": 2,
          "j": 6,
          "theta_deg": -61.20522654590986
        },
        {
          "pair": "Al2O3/K2O",
          "i": 2,
          "j": 7,
          "theta_deg": -49.482782824963685
        },
        {
          "pair": "Al2O3/Na2O",
          "i": 2,
          "j": 8,
          "theta_deg": -5.8575831321168375
        },
        {
          "pair": "Al2O3/P2O5",
          "i": 2,
          "j": 9,
          "theta_deg": -56.00807862505892
        },
        {
          "pair": "FeO/CaO",
          "i": 3,
          "j": 4,
          "theta_deg": 41.9467219668142
        },
        {
          "pair": "FeO/MgO",
          "i": 3,
          "j": 5,
          "theta_deg": 28.613497948582257
        },
        {
          "pair": "FeO/MnO",
          "i": 3,
          "j": 6,
          "theta_deg": -65.23101415758639
        },
        {
          "pair": "FeO/K2O",
          "i": 3,
          "j": 7,
          "theta_deg": -54.34359396024099
        },
        {
          "pair": "FeO/Na2O",
          "i": 3,
          "j": 8,
          "theta_deg": -6.9674973558091216
        },
        {
          "pair": "FeO/P2O5",
          "i": 3,
          "j": 9,
          "theta_deg": -60.4873608787786
        },
        {
          "pair": "CaO/MgO",
          "i": 4,
          "j": 5,
          "theta_deg": 31.257717294279832
        },
        {
          "pair": "CaO/MnO",
          "i": 4,
          "j": 6,
          "theta_deg": -67.47731338215038
        },
        {
          "pair": "CaO/K2O",
          "i": 4,
          "j": 7,
          "theta_deg": -57.18766593938744
        },
        {
          "pair": "CaO/Na2O",
          "i": 4,
          "j": 8,
          "theta_deg": -7.7436226147812155
        },
        {
          "pair": "CaO/P2O5",
          "i": 4,
          "j": 9,
          "theta_deg": -63.03601112053358
        },
        {
          "pair": "MgO/MnO",
          "i": 5,
          "j": 6,
          "theta_deg": -75.87163889445844
        },
        {
          "pair": "MgO/K2O",
          "i": 5,
          "j": 7,
          "theta_deg": -68.62615272524312
        },
        {
          "pair": "MgO/Na2O",
          "i": 5,
          "j": 8,
          "theta_deg": -12.626990952689424
        },
        {
          "pair": "MgO/P2O5",
          "i": 5,
          "j": 9,
          "theta_deg": -72.83925221011654
        },
        {
          "pair": "MnO/K2O",
          "i": 6,
          "j": 7,
          "theta_deg": -147.25292390837922
        },
        {
          "pair": "MnO/Na2O",
          "i": 6,
          "j": 8,
          "theta_deg": -176.77261617042086
        },
        {
          "pair": "MnO/P2O5",
          "i": 6,
          "j": 9,
          "theta_deg": -140.8159527412657
        },
        {
          "pair": "K2O/Na2O",
          "i": 7,
          "j": 8,
          "theta_deg": -174.98940544423266
        },
        {
          "pair": "K2O/P2O5",
          "i": 7,
          "j": 9,
          "theta_deg": -128.2744144043684
        },
        {
          "pair": "Na2O/P2O5",
          "i": 8,
          "j": 9,
          "theta_deg": -93.95730210259293
        }
      ],
      "angular_velocity_deg": 0.0,
      "metric_tensor": [
        [
          3.674654363818907,
          -8.90768051535818,
          -1.3226186931742931,
          -1.6922189208611211,
          -1.9281539242793044,
          -3.0396650419583304,
          -100.27036333211406,
          -37.008891317423895,
          -7.187094328773406,
          -59.828134124936405
        ],
        [
          -8.90768051535818,
          1749.0321289917574,
          -28.855280623383237,
          -36.91876735875811,
          -42.06610934601778,
          -66.31570250703936,
          -2187.57642477647,
          -807.4148278984221,
          -156.79925347626536,
          -1305.257220586518
        ],
        [
          -1.3226186931742931,
          -28.855280623383237,
          38.560071990826025,
          -5.4817246480110144,
          -6.246005621129953,
          -9.846602337788125,
          -324.8128923313103,
          -119.88552381097797,
          -23.281663881626514,
          -193.80551383403912
        ],
        [
          -1.6922189208611211,
          -36.91876735875811,
          -5.4817246480110144,
          63.12212578401334,
          -7.991425606206955,
          -12.598193922550765,
          -415.5804881477179,
          -153.38702891260974,
          -29.787626874577665,
          -247.96364906204633
        ],
        [
          -1.9281539242793044,
          -42.06610934601778,
          -6.246005621129953,
          -7.991425606206955,
          81.95055975274002,
          -14.354677607692052,
          -473.52215437242086,
          -174.7727779694669,
          -33.94072063912246,
          -282.53559697483087
        ],
        [
          -3.0396650419583304,
          -66.31570250703936,
          -9.846602337788125,
          -12.598193922550765,
          -14.354677607692052,
          203.66667851008512,
          -746.4905789493109,
          -275.52297396500734,
          -53.506320593246166,
          -445.40716714523927
        ],
        [
          -100.27036333211406,
          -2187.57642477647,
          -324.8128923313103,
          -415.5804881477179,
          -473.52215437242086,
          -746.4905789493109,
          221622.42381259816,
          -9088.760874789377,
          -1765.0294135675088,
          -14692.782877026304
        ],
        [
          -37.008891317423895,
          -807.4148278984221,
          -119.88552381097797,
          -153.38702891260974,
          -174.7727779694669,
          -275.52297396500734,
          -9088.760874789377,
          30191.22071792323,
          -651.4565178388603,
          -5422.974312413003
        ],
        [
          -7.187094328773406,
          -156.79925347626536,
          -23.281663881626514,
          -29.787626874577665,
          -33.94072063912246,
          -53.506320593246166,
          -1765.0294135675088,
          -651.4565178388603,
          1138.6105744643119,
          -1053.1368689630974
        ],
        [
          -59.828134124936405,
          -1305.257220586518,
          -193.80551383403912,
          -247.96364906204633,
          -282.53559697483087,
          -445.40716714523927,
          -14692.782877026304,
          -5422.974312413003,
          -1053.1368689630974,
          78900.44275110224
        ]
      ],
      "metric_tensor_properties": {
        "trace": 333992.70407548116,
        "condition_number": 245.5831707260672,
        "diagonal_sensitivities": [
          3.674654363818907,
          1749.0321289917574,
          38.560071990826025,
          63.12212578401334,
          81.95055975274002,
          203.66667851008512,
          221622.42381259816,
          30191.22071792323,
          1138.6105744643119,
          78900.44275110224
        ],
        "off_diagonal_couplings": [
          {
            "i": 0,
            "j": 1,
            "coupling": -8.90768051535818
          },
          {
            "i": 0,
            "j": 2,
            "coupling": -1.3226186931742931
          },
          {
            "i": 0,
            "j": 3,
            "coupling": -1.6922189208611211
          },
          {
            "i": 0,
            "j": 4,
            "coupling": -1.9281539242793044
          },
          {
            "i": 0,
            "j": 5,
            "coupling": -3.0396650419583304
          },
          {
            "i": 0,
            "j": 6,
            "coupling": -100.27036333211406
          },
          {
            "i": 0,
            "j": 7,
            "coupling": -37.008891317423895
          },
          {
            "i": 0,
            "j": 8,
            "coupling": -7.187094328773406
          },
          {
            "i": 0,
            "j": 9,
            "coupling": -59.828134124936405
          },
          {
            "i": 1,
            "j": 2,
            "coupling": -28.855280623383237
          },
          {
            "i": 1,
            "j": 3,
            "coupling": -36.91876735875811
          },
          {
            "i": 1,
            "j": 4,
            "coupling": -42.06610934601778
          },
          {
            "i": 1,
            "j": 5,
            "coupling": -66.31570250703936
          },
          {
            "i": 1,
            "j": 6,
            "coupling": -2187.57642477647
          },
          {
            "i": 1,
            "j": 7,
            "coupling": -807.4148278984221
          },
          {
            "i": 1,
            "j": 8,
            "coupling": -156.79925347626536
          },
          {
            "i": 1,
            "j": 9,
            "coupling": -1305.257220586518
          },
          {
            "i": 2,
            "j": 3,
            "coupling": -5.4817246480110144
          },
          {
            "i": 2,
            "j": 4,
            "coupling": -6.246005621129953
          },
          {
            "i": 2,
            "j": 5,
            "coupling": -9.846602337788125
          },
          {
            "i": 2,
            "j": 6,
            "coupling": -324.8128923313103
          },
          {
            "i": 2,
            "j": 7,
            "coupling": -119.88552381097797
          },
          {
            "i": 2,
            "j": 8,
            "coupling": -23.281663881626514
          },
          {
            "i": 2,
            "j": 9,
            "coupling": -193.80551383403912
          },
          {
            "i": 3,
            "j": 4,
            "coupling": -7.991425606206955
          },
          {
            "i": 3,
            "j": 5,
            "coupling": -12.598193922550765
          },
          {
            "i": 3,
            "j": 6,
            "coupling": -415.5804881477179
          },
          {
            "i": 3,
            "j": 7,
            "coupling": -153.38702891260974
          },
          {
            "i": 3,
            "j": 8,
            "coupling": -29.787626874577665
          },
          {
            "i": 3,
            "j": 9,
            "coupling": -247.96364906204633
          },
          {
            "i": 4,
            "j": 5,
            "coupling": -14.354677607692052
          },
          {
            "i": 4,
            "j": 6,
            "coupling": -473.52215437242086
          },
          {
            "i": 4,
            "j": 7,
            "coupling": -174.7727779694669
          },
          {
            "i": 4,
            "j": 8,
            "coupling": -33.94072063912246
          },
          {
            "i": 4,
            "j": 9,
            "coupling": -282.53559697483087
          },
          {
            "i": 5,
            "j": 6,
            "coupling": -746.4905789493109
          },
          {
            "i": 5,
            "j": 7,
            "coupling": -275.52297396500734
          },
          {
            "i": 5,
            "j": 8,
            "coupling": -53.506320593246166
          },
          {
            "i": 5,
            "j": 9,
            "coupling": -445.40716714523927
          },
          {
            "i": 6,
            "j": 7,
            "coupling": -9088.760874789377
          },
          {
            "i": 6,
            "j": 8,
            "coupling": -1765.0294135675088
          },
          {
            "i": 6,
            "j": 9,
            "coupling": -14692.782877026304
          },
          {
            "i": 7,
            "j": 8,
            "coupling": -651.4565178388603
          },
          {
            "i": 7,
            "j": 9,
            "coupling": -5422.974312413003
          },
          {
            "i": 8,
            "j": 9,
            "coupling": -1053.1368689630974
          }
        ],
        "asymmetry_ratio": 60311.09374386867,
        "precision_digits_available": 12
      },
      "helmsman": {
        "helmsman_index": null,
        "helmsman_carrier": null,
        "helmsman_delta_clr": 0.0,
        "all_deltas": []
      },
      "higgins_scale": 0.3259815536649733,
      "ring": "Hs-3",
      "shannon_entropy": 1.5519848269340397,
      "metric_energy": 29.575327468462376,
      "clr_norm": 5.438320280055449,
      "ilr_norm": 5.438320280055448
    },
    {
      "index": 1,
      "label": "Antarctica",
      "raw_values": [
        0.4758029993,
        0.0292609912,
        0.15617524,
        0.1164870234,
        0.0941014855,
        0.061708597,
        0.0021247371,
        0.015798826,
        0.0410917287,
        0.0074483718
      ],
      "composition": [
        0.47580299930000003,
        0.029260991200000003,
        0.15617524000000002,
        0.11648702340000001,
        0.09410148550000001,
        0.061708597000000004,
        0.0021247371000000003,
        0.015798826000000002,
        0.04109172870000001,
        0.007448371800000001
      ],
      "clr": [
        2.439583814216435,
        -0.3491648167152879,
        1.3255586227844998,
        1.032359792345698,
        0.8189537455325926,
        0.3970031693677938,
        -2.9717720102559255,
        -0.9654844538567984,
        -0.009613234257711767,
        -1.717424629161294
      ],
      "ilr": [
        1.9719430679565215,
        -0.22890410123978366,
        0.09205799329182551,
        0.2621839859743452,
        0.5992587426516589,
        3.6253458489458374,
        1.2629314388431987,
        0.2125968082752684,
        1.8103245126065746
      ],
      "bearing_tensor": [
        {
          "pair": "SiO2/TiO2",
          "i": 0,
          "j": 1,
          "theta_deg": -8.145127739072477
        },
        {
          "pair": "SiO2/Al2O3",
          "i": 0,
          "j": 2,
          "theta_deg": 28.51764021990297
        },
        {
          "pair": "SiO2/FeO",
          "i": 0,
          "j": 3,
          "theta_deg": 22.936645665569518
        },
        {
          "pair": "SiO2/CaO",
          "i": 0,
          "j": 4,
          "theta_deg": 18.55659514372201
        },
        {
          "pair": "SiO2/MgO",
          "i": 0,
          "j": 5,
          "theta_deg": 9.242946603315827
        },
        {
          "pair": "SiO2/MnO",
          "i": 0,
          "j": 6,
          "theta_deg": -50.61678034252298
        },
        {
          "pair": "SiO2/K2O",
          "i": 0,
          "j": 7,
          "theta_deg": -21.59157149785844
        },
        {
          "pair": "SiO2/Na2O",
          "i": 0,
          "j": 8,
          "theta_deg": -0.22577412441310868
        },
        {
          "pair": "SiO2/P2O5",
          "i": 0,
          "j": 9,
          "theta_deg": -35.14488005683031
        },
        {
          "pair": "TiO2/Al2O3",
          "i": 1,
          "j": 2,
          "theta_deg": 104.75704758887964
        },
        {
          "pair": "TiO2/FeO",
          "i": 1,
          "j": 3,
          "theta_deg": 108.68656954184522
        },
        {
          "pair": "TiO2/CaO",
          "i": 1,
          "j": 4,
          "theta_deg": 113.09120584389956
        },
        {
          "pair": "TiO2/MgO",
          "i": 1,
          "j": 5,
          "theta_deg": 131.3316711702552
        },
        {
          "pair": "TiO2/MnO",
          "i": 1,
          "j": 6,
          "theta_deg": -96.7011760282717
        },
        {
          "pair": "TiO2/K2O",
          "i": 1,
          "j": 7,
          "theta_deg": -109.88238557432446
        },
        {
          "pair": "TiO2/Na2O",
          "i": 1,
          "j": 8,
          "theta_deg": -178.42292631944346
        },
        {
          "pair": "TiO2/P2O5",
          "i": 1,
          "j": 9,
          "theta_deg": -101.49201740765061
        },
        {
          "pair": "Al2O3/FeO",
          "i": 2,
          "j": 3,
          "theta_deg": 37.91185507779098
        },
        {
          "pair": "Al2O3/CaO",
          "i": 2,
          "j": 4,
          "theta_deg": 31.708511488304683
        },
        {
          "pair": "Al2O3/MgO",
          "i": 2,
          "j": 5,
          "theta_deg": 16.672893171959718
        },
        {
          "pair": "Al2O3/MnO",
          "i": 2,
          "j": 6,
          "theta_deg": -65.96074366693483
        },
        {
          "pair": "Al2O3/K2O",
          "i": 2,
          "j": 7,
          "theta_deg": -36.068113607340486
        },
        {
          "pair": "Al2O3/Na2O",
          "i": 2,
          "j": 8,
          "theta_deg": -0.41551394630566885
        },
        {
          "pair": "Al2O3/P2O5",
          "i": 2,
          "j": 9,
          "theta_deg": -52.33798860571465
        },
        {
          "pair": "FeO/CaO",
          "i": 3,
          "j": 4,
          "theta_deg": 38.424379278816716
        },
        {
          "pair": "FeO/MgO",
          "i": 3,
          "j": 5,
          "theta_deg": 21.034692817477087
        },
        {
          "pair": "FeO/MnO",
          "i": 3,
          "j": 6,
          "theta_deg": -70.84335460384102
        },
        {
          "pair": "FeO/K2O",
          "i": 3,
          "j": 7,
          "theta_deg": -43.08281126148938
        },
        {
          "pair": "FeO/Na2O",
          "i": 3,
          "j": 8,
          "theta_deg": -0.533517321360341
        },
        {
          "pair": "FeO/P2O5",
          "i": 3,
          "j": 9,
          "theta_deg": -58.9895354078939
        },
        {
          "pair": "CaO/MgO",
          "i": 4,
          "j": 5,
          "theta_deg": 25.862656943596015
        },
        {
          "pair": "CaO/MnO",
          "i": 4,
          "j": 6,
          "theta_deg": -74.59298697544804
        },
        {
          "pair": "CaO/K2O",
          "i": 4,
          "j": 7,
          "theta_deg": -49.694360724224865
        },
        {
          "pair": "CaO/Na2O",
          "i": 4,
          "j": 8,
          "theta_deg": -0.6725318215355973
        },
        {
          "pair": "CaO/P2O5",
          "i": 4,
          "j": 9,
          "theta_deg": -64.5058648582196
        },
        {
          "pair": "MgO/MnO",
          "i": 5,
          "j": 6,
          "theta_deg": -82.39082952954227
        },
        {
          "pair": "MgO/K2O",
          "i": 5,
          "j": 7,
          "theta_deg": -67.64774013153352
        },
        {
          "pair": "MgO/Na2O",
          "i": 5,
          "j": 8,
          "theta_deg": -1.3871177330775137
        },
        {
          "pair": "MgO/P2O5",
          "i": 5,
          "j": 9,
          "theta_deg": -76.9840233930724
        },
        {
          "pair": "MnO/K2O",
          "i": 6,
          "j": 7,
          "theta_deg": -162.00179282707333
        },
        {
          "pair": "MnO/Na2O",
          "i": 6,
          "j": 8,
          "theta_deg": -179.81465744097449
        },
        {
          "pair": "MnO/P2O5",
          "i": 6,
          "j": 9,
          "theta_deg": -149.97583947238454
        },
        {
          "pair": "K2O/Na2O",
          "i": 7,
          "j": 8,
          "theta_deg": -179.4295303799989
        },
        {
          "pair": "K2O/P2O5",
          "i": 7,
          "j": 9,
          "theta_deg": -119.3433846682286
        },
        {
          "pair": "Na2O/P2O5",
          "i": 8,
          "j": 9,
          "theta_deg": -90.32070810486846
        }
      ],
      "angular_velocity_deg": 11.062225881645013,
      "metric_tensor": [
        [
          3.975467054575672,
          -7.182634895329488,
          -1.3457383927506632,
          -1.8042440293400877,
          -2.2334505703956085,
          -3.405862824349241,
          -98.9162454333993,
          -13.30295152722418,
          -5.114679355532906,
          -28.217041537191935
        ],
        [
          -7.182634895329488,
          1051.149389453065,
          -21.882593079892896,
          -29.338196876568244,
          -36.317378072364356,
          -55.381573917076935,
          -1608.4433345069428,
          -216.3147582025786,
          -83.16805678887418,
          -458.82768984150493
        ],
        [
          -1.3457383927506632,
          -21.882593079892896,
          36.89930152753625,
          -5.496804234967916,
          -6.804423544875142,
          -10.376291062717353,
          -301.35792496112896,
          -40.52873065023482,
          -15.582366179301838,
          -85.9659507791927
        ],
        [
          -1.8042440293400877,
          -29.338196876568244,
          -5.496804234967916,
          66.32655089083663,
          -9.12275418467364,
          -13.911590319078734,
          -404.03338400272247,
          -54.337247630243596,
          -20.891423840952466,
          -115.25535293889745
        ],
        [
          -2.2334505703956085,
          -36.317378072364356,
          -6.804423544875142,
          -9.12275418467364,
          101.63646483181965,
          -17.220979439583214,
          -500.147750129899,
          -67.2633827464475,
          -25.861225940161678,
          -142.67312490798676
        ],
        [
          -3.405862824349241,
          -55.381573917076935,
          -10.376291062717353,
          -13.911590319078734,
          -17.220979439583214,
          236.3475825461992,
          -762.6918864596178,
          -102.57216245243397,
          -39.43664085930114,
          -217.56697846766158
        ],
        [
          -98.9162454333993,
          -1608.4433345069428,
          -301.35792496112896,
          -404.03338400272247,
          -500.147750129899,
          -762.6918864596178,
          199357.2834542009,
          -2978.9964302857893,
          -1145.3557138058857,
          -6318.783154286997
        ],
        [
          -13.30295152722418,
          -216.3147582025786,
          -40.52873065023482,
          -54.337247630243596,
          -67.2633827464475,
          -102.57216245243397,
          -2978.9964302857893,
          3605.727294278829,
          -154.035481992165,
          -849.7943451474563
        ],
        [
          -5.114679355532906,
          -83.16805678887418,
          -15.582366179301838,
          -20.891423840952466,
          -25.861225940161678,
          -39.43664085930114,
          -1145.3557138058857,
          -154.035481992165,
          533.0079481514518,
          -326.72640990079844
        ],
        [
          -28.217041537191935,
          -458.82768984150493,
          -85.9659507791927,
          -115.25535293889745,
          -142.67312490798676,
          -217.56697846766158,
          -6318.783154286997,
          -849.7943451474563,
          -326.72640990079844,
          16222.575912888431
        ]
      ],
      "metric_tensor_properties": {
        "trace": 221214.92936582363,
        "condition_number": 223.93499849934372,
        "diagonal_sensitivities": [
          3.975467054575672,
          1051.149389453065,
          36.89930152753625,
          66.32655089083663,
          101.63646483181965,
          236.3475825461992,
          199357.2834542009,
          3605.727294278829,
          533.0079481514518,
          16222.575912888431
        ],
        "off_diagonal_couplings": [
          {
            "i": 0,
            "j": 1,
            "coupling": -7.182634895329488
          },
          {
            "i": 0,
            "j": 2,
            "coupling": -1.3457383927506632
          },
          {
            "i": 0,
            "j": 3,
            "coupling": -1.8042440293400877
          },
          {
            "i": 0,
            "j": 4,
            "coupling": -2.2334505703956085
          },
          {
            "i": 0,
            "j": 5,
            "coupling": -3.405862824349241
          },
          {
            "i": 0,
            "j": 6,
            "coupling": -98.9162454333993
          },
          {
            "i": 0,
            "j": 7,
            "coupling": -13.30295152722418
          },
          {
            "i": 0,
            "j": 8,
            "coupling": -5.114679355532906
          },
          {
            "i": 0,
            "j": 9,
            "coupling": -28.217041537191935
          },
          {
            "i": 1,
            "j": 2,
            "coupling": -21.882593079892896
          },
          {
            "i": 1,
            "j": 3,
            "coupling": -29.338196876568244
          },
          {
            "i": 1,
            "j": 4,
            "coupling": -36.317378072364356
          },
          {
            "i": 1,
            "j": 5,
            "coupling": -55.381573917076935
          },
          {
            "i": 1,
            "j": 6,
            "coupling": -1608.4433345069428
          },
          {
            "i": 1,
            "j": 7,
            "coupling": -216.3147582025786
          },
          {
            "i": 1,
            "j": 8,
            "coupling": -83.16805678887418
          },
          {
            "i": 1,
            "j": 9,
            "coupling": -458.82768984150493
          },
          {
            "i": 2,
            "j": 3,
            "coupling": -5.496804234967916
          },
          {
            "i": 2,
            "j": 4,
            "coupling": -6.804423544875142
          },
          {
            "i": 2,
            "j": 5,
            "coupling": -10.376291062717353
          },
          {
            "i": 2,
            "j": 6,
            "coupling": -301.35792496112896
          },
          {
            "i": 2,
            "j": 7,
            "coupling": -40.52873065023482
          },
          {
            "i": 2,
            "j": 8,
            "coupling": -15.582366179301838
          },
          {
            "i": 2,
            "j": 9,
            "coupling": -85.9659507791927
          },
          {
            "i": 3,
            "j": 4,
            "coupling": -9.12275418467364
          },
          {
            "i": 3,
            "j": 5,
            "coupling": -13.911590319078734
          },
          {
            "i": 3,
            "j": 6,
            "coupling": -404.03338400272247
          },
          {
            "i": 3,
            "j": 7,
            "coupling": -54.337247630243596
          },
          {
            "i": 3,
            "j": 8,
            "coupling": -20.891423840952466
          },
          {
            "i": 3,
            "j": 9,
            "coupling": -115.25535293889745
          },
          {
            "i": 4,
            "j": 5,
            "coupling": -17.220979439583214
          },
          {
            "i": 4,
            "j": 6,
            "coupling": -500.147750129899
          },
          {
            "i": 4,
            "j": 7,
            "coupling": -67.2633827464475
          },
          {
            "i": 4,
            "j": 8,
            "coupling": -25.861225940161678
          },
          {
            "i": 4,
            "j": 9,
            "coupling": -142.67312490798676
          },
          {
            "i": 5,
            "j": 6,
            "coupling": -762.6918864596178
          },
          {
            "i": 5,
            "j": 7,
            "coupling": -102.57216245243397
          },
          {
            "i": 5,
            "j": 8,
            "coupling": -39.43664085930114
          },
          {
            "i": 5,
            "j": 9,
            "coupling": -217.56697846766158
          },
          {
            "i": 6,
            "j": 7,
            "coupling": -2978.9964302857893
          },
          {
            "i": 6,
            "j": 8,
            "coupling": -1145.3557138058857
          },
          {
            "i": 6,
            "j": 9,
            "coupling": -6318.783154286997
          },
          {
            "i": 7,
            "j": 8,
            "coupling": -154.035481992165
          },
          {
            "i": 7,
            "j": 9,
            "coupling": -849.7943451474563
          },
          {
            "i": 8,
            "j": 9,
            "coupling": -326.72640990079844
          }
        ],
        "asymmetry_ratio": 50146.88355290108,
        "precision_digits_available": 12
      },
      "helmsman": {
        "helmsman_index": 7,
        "helmsman_carrier": "K2O",
        "helmsman_delta_clr": 0.8308833005685452,
        "all_deltas": [
          {
            "carrier": "K2O",
            "index": 7,
            "delta_clr": 0.8308833005685452,
            "abs_delta": 0.8308833005685452
          },
          {
            "carrier": "P2O5",
            "index": 9,
            "delta_clr": 0.5592609562491244,
            "abs_delta": 0.5592609562491244
          },
          {
            "carrier": "CaO",
            "index": 4,
            "delta_clr": -0.3392736604477147,
            "abs_delta": 0.3392736604477147
          },
          {
            "carrier": "MgO",
            "index": 5,
            "delta_clr": -0.3060399400774396,
            "abs_delta": 0.3060399400774396
          },
          {
            "carrier": "SiO2",
            "index": 0,
            "delta_clr": -0.27097212076591726,
            "abs_delta": 0.27097212076591726
          },
          {
            "carrier": "FeO",
            "index": 3,
            "delta_clr": -0.2563900042145417,
            "abs_delta": 0.2563900042145417
          },
          {
            "carrier": "Al2O3",
            "index": 2,
            "delta_clr": -0.20961818262666876,
            "abs_delta": 0.20961818262666876
          },
          {
            "carrier": "MnO",
            "index": 6,
            "delta_clr": -0.17869227441543778,
            "abs_delta": 0.17869227441543778
          },
          {
            "carrier": "Na2O",
            "index": 8,
            "delta_clr": 0.14788329383238707,
            "abs_delta": 0.14788329383238707
          },
          {
            "carrier": "TiO2",
            "index": 1,
            "delta_clr": 0.02295863189765912,
            "abs_delta": 0.02295863189765912
          }
        ]
      },
      "higgins_scale": 0.28875315913048494,
      "ring": "Hs-2",
      "shannon_entropy": 1.6377063732252537,
      "metric_energy": 22.43788329562136,
      "clr_norm": 4.736864289339664,
      "ilr_norm": 4.736864289339664
    },
    {
      "index": 2,
      "label": "Austral_Cook",
      "raw_values": [
        0.4609125239,
        0.0297440385,
        0.1297491152,
        0.1254806442,
        0.1157792572,
        0.0944484465,
        0.0018892395,
        0.0091301831,
        0.0279417029,
        0.004924849
      ],
      "composition": [
        0.4609125239,
        0.0297440385,
        0.1297491152,
        0.1254806442,
        0.1157792572,
        0.0944484465,
        0.0018892395,
        0.0091301831,
        0.0279417029,
        0.004924849
      ],
      "clr": [
        2.503657790328745,
        -0.2369217563771735,
        1.2360522210208016,
        1.202601035461055,
        1.1221349412803332,
        0.9185036642221203,
        -2.993376114591891,
        -1.417964732563827,
        -0.2994301813016005,
        -2.035256867478571
      ],
      "ilr": [
        1.9378823818569093,
        -0.08384130151804037,
        -0.030315176365464325,
        0.04848902794864074,
        0.22548019862985302,
        3.8122624763488657,
        1.827853741719028,
        0.5574509896105156,
        2.1453491082439196
      ],
      "bearing_tensor": [
        {
          "pair": "SiO2/TiO2",
          "i": 0,
          "j": 1,
          "theta_deg": -5.4058159982169185
        },
        {
          "pair": "SiO2/Al2O3",
          "i": 0,
          "j": 2,
          "theta_deg": 26.27548657799445
        },
        {
          "pair": "SiO2/FeO",
          "i": 0,
          "j": 3,
          "theta_deg": 25.656725840892317
        },
        {
          "pair": "SiO2/CaO",
          "i": 0,
