Region,Sample_Idx,SiO2,TiO2,Al2O3,FeO,CaO,MgO,MnO,K2O,Na2O,P2O5
Afar,0,0.4762603024,0.0336329311,0.1410558383,0.1543398787,0.0974117671,0.0536552112,0.0022496944,0.0078739304,0.0300334201,0.0034870263
Afar,1,0.4497723642,0.0281299523,0.0948235119,0.1409624028,0.1313413045,0.1319550489,0.0016366518,0.0062397349,0.0130932141,0.0020458147
Afar,2,0.5152879774,0.0345733597,0.1416058564,0.1302833295,0.0836385467,0.0466843869,0.0020702611,0.0056932179,0.0341593075,0.0060037571
Afar,3,0.5238241642,0.0317531672,0.1375283281,0.1223548297,0.0839190848,0.0469080879,0.0021649887,0.0077321024,0.0382481332,0.0055671137
Afar,4,0.4692270049,0.0216790798,0.1542549905,0.1173070847,0.1097503412,0.1005784229,0.0016676215,0.0018760742,0.0215748534,0.0020845269
Afar,5,0.4705463427,0.0345298879,0.1482333355,0.1387959902,0.0786627625,0.0552682526,0.0026561452,0.0091943489,0.0459717443,0.0161411902
Afar,6,0.4840070109,0.0212795304,0.1603126159,0.1142395476,0.1172420280,0.0664985325,0.0016368870,0.0045014391,0.0261901913,0.0040922174
Afar,7,0.4704562707,0.0274288907,0.1539065537,0.1246120310,0.0996583031,0.0817787298,0.0019301812,0.0055873666,0.0308828992,0.0037587739
Afar,8,0.5050961258,0.0196053655,0.1566365514,0.1080590579,0.1124728860,0.0586097241,0.0019605366,0.0054688651,0.0288921175,0.0031987702
Afar,9,0.4598810581,0.0237905652,0.1628658077,0.1206923252,0.1132933965,0.0801752528,0.0019912808,0.0055546254,0.0289259736,0.0028297148
Afar,10,0.5241387515,0.0402095650,0.1323480656,0.1215523430,0.0834500017,0.0431394077,0.0022226393,0.0129317194,0.0326323857,0.0073751212
Afar,11,0.4971753197,0.0390739506,0.1285166657,0.1413906370,0.0922918573,0.0553547634,0.0026456321,0.0058000396,0.0270668512,0.0106842834
Afar,12,0.4807011349,0.0248692794,0.1617027830,0.1192917212,0.1032547297,0.0737683689,0.0019937397,0.0097588312,0.0206719327,0.0039874794
Afar,13,0.4358229164,0.0377733612,0.1343506577,0.2012465454,0.0980065588,0.0562516812,0.0028585246,0.0015313525,0.0277685250,0.0043898771
Afar,14,0.5075843006,0.0318310456,0.1458587155,0.1159833653,0.0906580414,0.0410983121,0.0026190101,0.0108789650,0.0461348699,0.0073533745
Afar,15,0.4717789826,0.0243059230,0.1576325551,0.1224443110,0.1140039318,0.0777992933,0.0023390637,0.0033560480,0.0231872404,0.0031526511
Afar,16,0.4466779885,0.0295745700,0.1459352058,0.1426434134,0.1213577183,0.0796473765,0.0021416068,0.0035693447,0.0251893752,0.0032634008
Afar,17,0.4499323698,0.0271413790,0.1497384759,0.1461219742,0.1090776175,0.0907443842,0.0021508263,0.0030726090,0.0184356537,0.0035847104
Afar,18,0.4867226228,0.0058240314,0.1572488474,0.1306593153,0.1088885868,0.0847604568,0.0021840118,0.0014560078,0.0187201009,0.0035360191
Afar,19,0.4626749432,0.0104450920,0.1513472517,0.1021484169,0.1071154845,0.1502814260,0.0018119037,0.0026645643,0.0106582572,0.0008526606
Afar,20,0.5356114975,0.0216120361,0.1590319635,0.0885225735,0.0907297740,0.0591272685,0.0018349842,0.0166168013,0.0238547945,0.0030583070
Afar,21,0.4267415631,0.0243119592,0.1519240997,0.1460039633,0.1145842130,0.1018640318,0.0020516421,0.0054368516,0.0242093771,0.0028722990
Afar,22,0.4620899298,0.0238628498,0.1591530743,0.1232424986,0.1076861653,0.0851377945,0.0018200479,0.0056623711,0.0273007179,0.0040445508
Afar,23,0.4706842563,0.0258774461,0.1543477594,0.1243438998,0.1082981308,0.0778360978,0.0019357145,0.0062146623,0.0262849650,0.0041770681
Afar,24,0.4568637210,0.0252563427,0.1548101328,0.1183798115,0.1190217930,0.0858920156,0.0018405432,0.0066464060,0.0284261671,0.0028630672
Afar,25,0.5011060499,0.0310437811,0.1253021262,0.1592565435,0.0799146839,0.0488709028,0.0027662775,0.0040981889,0.0421088911,0.0055325550
Afar,26,0.4926904065,0.0158637159,0.2104993068,0.0655661207,0.1343331325,0.0543027197,0.0012202858,0.0005084524,0.0231854309,0.0018304288
Afar,27,0.5062493842,0.0302238438,0.1418505737,0.1319712051,0.0932909313,0.0480559117,0.0022164152,0.0045335766,0.0362686126,0.0053395457
Afar,28,0.5138329588,0.0329315148,0.1392243118,0.1360797068,0.0868378714,0.0464081040,0.0023305380,0.0045597482,0.0324248761,0.0053703701
Afar,29,0.4820681930,0.0273363633,0.1569571267,0.1183770649,0.1086393479,0.0727288485,0.0022191882,0.0037322710,0.0201744379,0.0077671586
Afar,30,0.4578234392,0.0223502749,0.1413476289,0.1191542346,0.1137924955,0.1127719350,0.0017349528,0.0046945783,0.0234728914,0.0028575694
Afar,31,0.4738538834,0.0221455400,0.1423786316,0.1149873694,0.1124467602,0.1018290355,0.0019213026,0.0030336356,0.0245724485,0.0028313932
Afar,32,0.4567052165,0.0243876692,0.1431494699,0.1242982320,0.1183519239,0.0960136387,0.0019469148,0.0068654363,0.0246950768,0.0035864219
Afar,33,0.4594416694,0.0249181721,0.1463170355,0.1295114582,0.1161475130,0.0870076671,0.0019563854,0.0065899298,0.0243003662,0.0038098032
Afar,34,0.4676648263,0.0391495604,0.1427031903,0.1437808580,0.0957440026,0.0533488828,0.0026370170,0.0077082036,0.0343826450,0.0128808139
Afar,35,0.4758959699,0.0279049923,0.1433530832,0.1213453325,0.1140377303,0.0788794548,0.0019140608,0.0071525432,0.0274012921,0.0021155409
Afar,36,0.4771494527,0.0359232042,0.1422721252,0.1441347332,0.0865607153,0.0511449009,0.0026384274,0.0102492758,0.0366335501,0.0132936151
Afar,37,0.4466652978,0.0418111352,0.1466449083,0.1608199233,0.1002447461,0.0588415244,0.0026514378,0.0068325514,0.0290638379,0.0064246378
Afar,38,0.4563008562,0.0359172514,0.1498407024,0.1440564871,0.1002647779,0.0604016876,0.0020235071,0.0117363413,0.0351078486,0.0043505403
Afar,39,0.4881190789,0.0241692963,0.1458214207,0.1114762465,0.1087618331,0.0867073503,0.0020141080,0.0060423241,0.0233636530,0.0035246890
Afar,40,0.4716302332,0.0360468880,0.1478123788,0.1395064106,0.0993806661,0.0652468811,0.0021144823,0.0064441364,0.0287972346,0.0030206889
Afar,41,0.4630650602,0.0407200378,0.1403136277,0.1538055202,0.0964844245,0.0591744392,0.0023068002,0.0090266094,0.0312922458,0.0038112351
Afar,42,0.4807391387,0.0222034169,0.1495967769,0.1117628579,0.1157390779,0.0843930776,0.0018084231,0.0067313526,0.0256193271,0.0014065513
Afar,43,0.4907163706,0.0205060271,0.1453785505,0.1207913343,0.1207917220,0.0697817043,0.0020404007,0.0024484809,0.0251989488,0.0023464608
Afar,44,0.5128103517,0.0315777376,0.1447733336,0.1354963794,0.0807098724,0.0442895425,0.0022195215,0.0134180163,0.0294591034,0.0052461417
Afar,45,0.4958353620,0.0326168102,0.1453293346,0.1311161058,0.0970524657,0.0554585518,0.0023938943,0.0063837182,0.0295246967,0.0042890607
Afar,46,0.5023985710,0.0278204483,0.1432804038,0.1330822224,0.1000720886,0.0533989556,0.0021400345,0.0077448867,0.0269032906,0.0031590985
Afar,47,0.4929592995,0.0365864293,0.1375770689,0.1449056028,0.0932298818,0.0494874292,0.0022173593,0.0065512890,0.0321517106,0.0043339296
Afar,48,0.4763112385,0.0293519463,0.1634599767,0.1421134600,0.0941286553,0.0515177264,0.0023279130,0.0065788845,0.0294531599,0.0047570396
Afar,49,0.4946886143,0.0262675360,0.1464190407,0.1276781026,0.1099640954,0.0628223579,0.0024969141,0.0035955563,0.0232712391,0.0027965438
Afar,50,0.5093105708,0.0330118051,0.1395177817,0.1384625548,0.0863152702,0.0441166936,0.0025238383,0.0094896320,0.0320022698,0.0052495837
Afar,51,0.5282512200,0.0294036188,0.1390081425,0.1294501008,0.0782744610,0.0438012528,0.0021292276,0.0069960334,0.0363996522,0.0062862909
Afar,52,0.4996491577,0.0421198451,0.1453234466,0.1254642590,0.0929231654,0.0546959126,0.0019962012,0.0050903130,0.0272481462,0.0054895533
Afar,53,0.5413890582,0.0144290254,0.1737495145,0.0899693824,0.0819648806,0.0458923170,0.0015030235,0.0148298317,0.0333671213,0.0029058454
Afar,54,0.4623270652,0.0209778360,0.1625273119,0.1351225187,0.1155817663,0.0667013718,0.0022403514,0.0037678638,0.0283098952,0.0024440197
Afar,55,0.4701473681,0.0216005276,0.1612288183,0.1429034681,0.0994244379,0.0708993393,0.0021703879,0.0036173132,0.0256312480,0.0023770915
Afar,56,0.4821550938,0.0321237203,0.1452550831,0.1259754238,0.1091408385,0.0660431765,0.0018954990,0.0061853126,0.0271355650,0.0040902874
Afar,57,0.5116513703,0.0245360316,0.1602353088,0.1251152142,0.0808186838,0.0465683866,0.0021030884,0.0110161775,0.0340500031,0.0039057356
Afar,58,0.5434600131,0.0176069170,0.1715650748,0.0930390439,0.0782074684,0.0424818055,0.0015354869,0.0142288457,0.0348043708,0.0030709739
Afar,59,0.5054045718,0.0345877430,0.1441996284,0.1369198463,0.0816795098,0.0417473050,0.0025209725,0.0102855679,0.0338818707,0.0087729844
Afar,60,0.4886945626,0.0194022655,0.1550160172,0.1003209903,0.1216683733,0.0791248641,0.0017179089,0.0063663684,0.0244549388,0.0032337109
Afar,61,0.4779706155,0.0235151319,0.1424199075,0.1120481721,0.1030576215,0.0996837112,0.0019425544,0.0081791763,0.0276047200,0.0035783896
Afar,62,0.4706139591,0.0288234558,0.1713168779,0.1261621333,0.0977358729,0.0580528757,0.0014208746,0.0111640146,0.0294324020,0.0052775342
Afar,63,0.4697598644,0.0255137880,0.1510416249,0.1395730139,0.1057291374,0.0616413118,0.0012246618,0.0112260667,0.0306165456,0.0036739855
Afar,64,0.4790715260,0.0315983347,0.1351593284,0.1555090229,0.0878637565,0.0493341742,0.0019366721,0.0157991673,0.0377141414,0.0060138766
Afar,65,0.4689732648,0.0314223383,0.1109023705,0.1811708312,0.0960127004,0.0570941833,0.0019510602,0.0138627963,0.0338868354,0.0047236195
Afar,66,0.4810172006,0.0341465983,0.1210466239,0.1605457526,0.1041777954,0.0502997795,0.0010223532,0.0102235324,0.0322041271,0.0053162369
Afar,67,0.4979674283,0.0324229407,0.1318329002,0.1511918836,0.0922728343,0.0426188340,0.0029568091,0.0082586736,0.0300778852,0.0103998112
Afar,68,0.5022578329,0.0387212129,0.1255136430,0.1518936431,0.0870973215,0.0442092589,0.0026423925,0.0080288079,0.0320136013,0.0076222860
Afar,69,0.4704200139,0.0352713364,0.1251268447,0.1752402781,0.0974789960,0.0544825254,0.0028461021,0.0058954971,0.0281560812,0.0050823251
Afar,70,0.4756196550,0.0182303894,0.1568424558,0.1053869273,0.1312791724,0.0836153612,0.0017313778,0.0023424523,0.0226097566,0.0023424523
Afar,71,0.4727097326,0.0455819975,0.1200597254,0.1640587252,0.1037804406,0.0506692740,0.0026453838,0.0070204416,0.0268608199,0.0066134595
Afar,72,0.4762276333,0.0203733747,0.1462808303,0.1219075509,0.1094050221,0.0948380592,0.0020373375,0.0030560062,0.0230219134,0.0028522725
Afar,73,0.4800056376,0.0255719996,0.1488836185,0.1210509530,0.1159331367,0.0744923468,0.0020215019,0.0037397786,0.0242580234,0.0040430039
Afar,74,0.4786617450,0.0270343910,0.1456796615,0.1242897657,0.1167069557,0.0731458805,0.0020403314,0.0039786462,0.0242799436,0.0041826794
Afar,75,0.4784789085,0.0311314385,0.1531913362,0.1264703286,0.1169226965,0.0559954918,0.0020548804,0.0038015288,0.0271244217,0.0048289690
Afar,76,0.4918299467,0.0100227355,0.1583183110,0.1059208614,0.1187387332,0.0880568900,0.0017386378,0.0007159097,0.0239318377,0.0007261370
Afar,77,0.4958216649,0.0113376943,0.1553871490,0.1130380062,0.1121621896,0.0848302481,0.0019233588,0.0009110647,0.0236876826,0.0009009418
Afar,78,0.4920264886,0.0099306220,0.1599137277,0.1074111229,0.1153794949,0.0881470676,0.0018427958,0.0006142653,0.0240587234,0.0006756918
Afar,79,0.4936549560,0.0103500114,0.1584972335,0.1088335764,0.1162854223,0.0858442123,0.0018264726,0.0008117656,0.0231353196,0.0007610303
Afar,80,0.4952056613,0.0112800797,0.1566000254,0.1115565331,0.1138170204,0.0840416749,0.0019308245,0.0010162234,0.0235763828,0.0009755745
Afar,81,0.4795032297,0.0162681333,0.1425495183,0.1011856338,0.1206892141,0.1114367133,0.0017284892,0.0028469233,0.0215552767,0.0022368683
Afar,82,0.4822223318,0.0197824344,0.1375592991,0.1010209184,0.1156354672,0.1105369016,0.0018354836,0.0064241926,0.0221277746,0.0028551967
Afar,83,0.4865050568,0.0145270877,0.1442549970,0.1006412053,0.1228199235,0.1047372549,0.0018285845,0.0023365246,0.0206223693,0.0017269964
Afar,84,0.4679932480,0.0233637969,0.1490979146,0.0978295258,0.1142571648,0.1034975215,0.0017420375,0.0091200786,0.0286923822,0.0044063301
Afar,85,0.4891160053,0.0170258712,0.1517216692,0.1039757465,0.1253265315,0.0841219082,0.0018134064,0.0026193648,0.0223653457,0.0019141512
Afar,86,0.4870132408,0.0220262345,0.1587512940,0.0967213777,0.1252551770,0.0722704100,0.0017255575,0.0056841896,0.0272029071,0.0033496117
Afar,87,0.4802340951,0.0299640160,0.1440499826,0.1295250878,0.1022420818,0.0716706870,0.0021258255,0.0063774764,0.0293566373,0.0044541105
Afar,88,0.4871419102,0.0189596977,0.1695160068,0.0995162933,0.1229322335,0.0681937514,0.0017328756,0.0045870236,0.0249737953,0.0024464126
Afar,89,0.5024434338,0.0229822672,0.1427964872,0.1117609066,0.1162392006,0.0645546351,0.0019407248,0.0061286046,0.0276808641,0.0034728759
Afar,90,0.4951598885,0.0264791384,0.1487923894,0.1142728198,0.1112123814,0.0640591464,0.0019350140,0.0068234703,0.0272938811,0.0039718708
Afar,91,0.4912888129,0.0293200019,0.1385293471,0.1196848200,0.1160540843,0.0641566593,0.0020432057,0.0073555406,0.0271746359,0.0043928923
Afar,92,0.4847971367,0.0284317118,0.1399715041,0.1150759891,0.1277864848,0.0640494606,0.0019787638,0.0072901825,0.0264529480,0.0041658186
Afar,93,0.4894948874,0.0251953308,0.1671962154,0.1027438784,0.1141852393,0.0578484796,0.0019148451,0.0068531300,0.0294281464,0.0051398475
Afar,94,0.4978491125,0.0186403736,0.1721967483,0.0934732918,0.1238325358,0.0577347787,0.0017128992,0.0049371800,0.0267010756,0.0029220045
Afar,95,0.5011109087,0.0275080055,0.1431023080,0.1225755309,0.1049754033,0.0574431879,0.0021237798,0.0063713395,0.0306431090,0.0041464273
Afar,96,0.4950210418,0.0222150836,0.1635192458,0.1064261562,0.1186833236,0.0573128870,0.0018258973,0.0052748144,0.0266783881,0.0030431621
Afar,97,0.5102470031,0.0262389677,0.1409839920,0.1242239926,0.0995062391,0.0544963176,0.0022202204,0.0058533082,0.0322941141,0.0039358452
Afar,98,0.4916784236,0.0201325116,0.1911071075,0.0867528539,0.1223125955,0.0508877052,0.0015175260,0.0056654304,0.0268096260,0.0031362204
Afar,99,0.5148946069,0.0275927306,0.1394909257,0.1248726229,0.0970327388,0.0507054606,0.0022400003,0.0065163644,0.0322763675,0.0043781823
Afar,100,0.4925939569,0.0222529190,0.1690386049,0.1043461309,0.1277714548,0.0476400518,0.0017760546,0.0053281637,0.0260139757,0.0032386877
Afar,101,0.5049934664,0.0177155372,0.1844026371,0.0987220454,0.1149496788,0.0416717750,0.0017111598,0.0031203503,0.0300962819,0.0026170680
Afar,102,0.5181760480,0.0306426307,0.1372301204,0.1298918109,0.0884665984,0.0450986227,0.0023414635,0.0072279960,0.0352237549,0.0057009546
Afar,103,0.4664885279,0.0274646146,0.1537198576,0.1334299227,0.1118055764,0.0673292976,0.0020495981,0.0055339149,0.0275670945,0.0046115957
Afar,104,0.4819420324,0.0231872866,0.1543046334,0.1220024765,0.1110494262,0.0572923538,0.0021835561,0.0079023936,0.0344170038,0.0057188375
Afar,105,0.5215664427,0.0249572739,0.1312793186,0.1310607700,0.0828865559,0.0473782394,0.0018261420,0.0147105882,0.0380446248,0.0062900446
Afar,106,0.4778157972,0.0234673571,0.1490687336,0.1296671472,0.0982568039,0.0690756555,0.0012243838,0.0127539984,0.0321400760,0.0065300472
Afar,107,0.4921478553,0.0147868709,0.1408321982,0.1084026731,0.1113604348,0.0941260817,0.0013257195,0.0066285973,0.0275341734,0.0028553958
Afar,108,0.4733879073,0.0255388383,0.1572170888,0.1200337865,0.1017467319,0.0766165150,0.0016344856,0.0091939818,0.0280927222,0.0065379426
Afar,109,0.4947172103,0.0268133862,0.1287451904,0.1473957222,0.1031598982,0.0528080431,0.0017397999,0.0071638818,0.0327491740,0.0047076938
Afar,110,0.5395054558,0.0291541629,0.1062848253,0.1340702155,0.0893038041,0.0502269964,0.0016367249,0.0102295308,0.0352918813,0.0042964029
Afar,111,0.4992981753,0.0177461400,0.1614196912,0.1101864849,0.1113896130,0.0590535392,0.0019049529,0.0086224183,0.0269701223,0.0034088630
Afar,112,0.5093242430,0.0171445759,0.1512933627,0.1081812713,0.1007619812,0.0689793463,0.0019049529,0.0104271105,0.0282735111,0.0037096451
Afar,113,0.5120753583,0.0126265157,0.1642449143,0.0946988676,0.1060226476,0.0668403648,0.0018037880,0.0097204129,0.0290610282,0.0029061028
Afar,114,0.4932645524,0.0174938023,0.1471299557,0.1034679127,0.1242767804,0.0859522078,0.0020224049,0.0025280061,0.0221453335,0.0017190442
Afar,115,0.4851997099,0.0228543423,0.1464295915,0.1155571773,0.1047659232,0.0834284620,0.0021236336,0.0061686499,0.0299331209,0.0035393893
Afar,116,0.5215664427,0.0249572739,0.1312793186,0.1310607700,0.0828865559,0.0473782394,0.0018261420,0.0147105882,0.0380446248,0.0062900446
Afar,117,0.5150793255,0.0343991481,0.1171185070,0.1458721799,0.0880658541,0.0438816112,0.0024210544,0.0121052721,0.0348026571,0.0062543906
Afar,118,0.5120775135,0.0126265688,0.1642456056,0.0946950573,0.1060230938,0.0668406461,0.0018037955,0.0097204538,0.0290611505,0.0029061150
Afar,119,0.5193541468,0.0153370362,0.1584827072,0.1085473022,0.0990391617,0.0577394303,0.0018043572,0.0075181550,0.0287694731,0.0034082303
Afar,120,0.5026525444,0.0085178362,0.1502145463,0.0895936273,0.1208530639,0.0997087882,0.0016033574,0.0041086033,0.0210440658,0.0017035672
Afar,121,0.5101631596,0.0105219273,0.1791733902,0.0893021421,0.1159416177,0.0584217486,0.0016033413,0.0068142005,0.0259540873,0.0021043855
Afar,122,0.5093266942,0.0171446584,0.1512940908,0.1081769794,0.1007624661,0.0689796783,0.0019049620,0.0104271607,0.0282736472,0.0037096629
Afar,123,0.5125637282,0.0233667284,0.1467189854,0.1284110033,0.0887534532,0.0445271562,0.0021060142,0.0138395215,0.0354010949,0.0043123147
Afar,124,0.5032843261,0.0144310918,0.1512258160,0.1014641044,0.1129433364,0.0779679820,0.0018038865,0.0073157618,0.0262565698,0.0033071252
Afar,125,0.5021219715,0.0173387427,0.1828084782,0.1004900811,0.1101461171,0.0436976406,0.0018040310,0.0088197073,0.0289647205,0.0038085100
Afar,126,0.4979272512,0.0160395330,0.1530772927,0.1065980143,0.1088683300,0.0758870403,0.0018044475,0.0086212490,0.0274677002,0.0037091420
Afar,127,0.5116200218,0.0231642934,0.1469077483,0.1248710446,0.0870415874,0.0468299785,0.0023064015,0.0144400790,0.0353982493,0.0074205962
Afar,128,0.4993206432,0.0177469385,0.1614269549,0.1101464441,0.1113946254,0.0590561966,0.0019050386,0.0086228063,0.0269713360,0.0034090164
Afar,129,0.5302389807,0.0193488605,0.1490764538,0.1181731756,0.0853154420,0.0422065818,0.0021053164,0.0163412656,0.0328830376,0.0043108860
Afar,130,0.4872103868,0.0083138286,0.1236055957,0.0746608649,0.1277124266,0.1549577443,0.0014023325,0.0054089969,0.0149248248,0.0018029990
Afar,131,0.5281548863,0.0210540103,0.1498845017,0.1200426278,0.0840155267,0.0457172794,0.0019048866,0.0098252048,0.0337866736,0.0056144027
Afar,132,0.5278912362,0.0224591903,0.1479900218,0.1231892002,0.0818156218,0.0432138885,0.0020052849,0.0110290667,0.0344908994,0.0059155903
Afar,133,0.5101078277,0.0227672979,0.1457307656,0.1330373451,0.0886620762,0.0477411180,0.0022065223,0.0121358724,0.0327969445,0.0048142304
Afar,134,0.5165110531,0.0160376031,0.1681943620,0.1054024550,0.1017385443,0.0476116341,0.0018042303,0.0096225618,0.0295693306,0.0035082257
Afar,135,0.5079182408,0.0195507416,0.1574085350,0.1212192300,0.0976534478,0.0488267239,0.0020052043,0.0114296643,0.0298775436,0.0041106687
Afar,136,0.4846476396,0.0224242968,0.1705054639,0.0883816284,0.0985860976,0.0782830181,0.0017171759,0.0134343760,0.0348485693,0.0071717346
Afar,137,0.4804219244,0.0243354288,0.1679144590,0.0932010827,0.1001808487,0.0789887461,0.0018251572,0.0131816906,0.0331570218,0.0067936406
Afar,138,0.4772201510,0.0252341936,0.1672145358,0.0961294274,0.0998220108,0.0765133179,0.0018241586,0.0132758207,0.0356724343,0.0070939500
Afar,139,0.4823191886,0.0277042179,0.1528332316,0.1085580067,0.1026385047,0.0752409756,0.0020445917,0.0124720095,0.0308733351,0.0053159385
Afar,140,0.4829165937,0.0288384461,0.1454150621,0.1153832138,0.1072015734,0.0703128191,0.0022418580,0.0120245111,0.0301631804,0.0055027424
Afar,141,0.4903708878,0.0264790095,0.1551058904,0.1045002665,0.0981760199,0.0734283302,0.0020368469,0.0133413471,0.0311637574,0.0053976443
Afar,142,0.4877926191,0.0282185627,0.1480452133,0.1110130323,0.0997873813,0.0731024361,0.0021470646,0.0133935932,0.0308768331,0.0056232643
Afar,143,0.4897274254,0.0276762642,0.1526264571,0.1098825020,0.0999194539,0.0679696489,0.0021367704,0.0136346302,0.0310340463,0.0053928015
Afar,144,0.4847931478,0.0261388049,0.1691874991,0.0994364862,0.0951615867,0.0652449076,0.0016336753,0.0158262296,0.0363492756,0.0062283871
Afar,145,0.4784856461,0.0223449039,0.1598676304,0.1034615161,0.1005520674,0.0893796155,0.0014219484,0.0084301228,0.0325016784,0.0035548711
Afar,146,0.4688311463,0.0272422015,0.1745745574,0.1068231002,0.1015205638,0.0724418093,0.0015304608,0.0112233789,0.0316295224,0.0041832594
Afar,147,0.5003231771,0.0196185236,0.1818525323,0.0983611173,0.0810153539,0.0531631494,0.0017280565,0.0176871664,0.0406601525,0.0055907710
Afar,148,0.4750663971,0.0228494954,0.1597433610,0.1166892856,0.1117086440,0.0746416849,0.0019295129,0.0058900921,0.0272162878,0.0042652391
Afar,149,0.4673772218,0.0222801709,0.1595057691,0.1134517443,0.1174772649,0.0818289914,0.0018229231,0.0077980598,0.0244069145,0.0040509402
Afar,150,0.4798576593,0.0319498102,0.1533387389,0.1307413097,0.0986984583,0.0551490355,0.0023402727,0.0066138142,0.0350023399,0.0063085613
Afar,151,0.4644490899,0.0396370233,0.1313165505,0.1485604307,0.0999498476,0.0515382160,0.0031265845,0.0067574569,0.0371155842,0.0175492164
Afar,152,0.4771140830,0.0347895685,0.1449396311,0.1473005749,0.1003116131,0.0438165995,0.0025356828,0.0070999119,0.0339781500,0.0081141851
Afar,153,0.4812688240,0.0340856355,0.1423456839,0.1432804443,0.0952362832,0.0471094008,0.0025437041,0.0085468459,0.0375450732,0.0080381051
Afar,154,0.4844691508,0.0277449293,0.1659614272,0.1208007922,0.1048819307,0.0470545871,0.0019309658,0.0079271227,0.0342492351,0.0049798591
Afar,155,0.4740373608,0.0093500476,0.1661895562,0.1024959661,0.1296942090,0.0950085485,0.0017091485,0.0008043052,0.0200070912,0.0007037670
Afar,156,0.4731811972,0.0095643008,0.1666201875,0.1041773846,0.1333968269,0.0898037506,0.0017115065,0.0007047379,0.0201353701,0.0007047379
Afar,157,0.4736135807,0.0096139509,0.1659671522,0.1031701811,0.1366193021,0.0885495477,0.0017203912,0.0008095959,0.0192279018,0.0007083964
Afar,158,0.4718425049,0.0090115843,0.1721313859,0.1016766731,0.1265671955,0.0957860536,0.0017213139,0.0005062688,0.0200482438,0.0007087763
Afar,159,0.4726997893,0.0089893763,0.1676670193,0.1019714046,0.1297904336,0.0956510044,0.0016160677,0.0009090381,0.0199988372,0.0007070296
Afar,160,0.4712261127,0.0092218444,0.1672092658,0.1029476237,0.1327540232,0.0942452225,0.0016214232,0.0006080337,0.0194570782,0.0007093726
Afar,161,0.4725826093,0.0092113559,0.1654039133,0.1027939064,0.1291592301,0.0981209655,0.0017020984,0.0007008640,0.0196241931,0.0007008640
Afar,162,0.4727655492,0.0086234059,0.1684100454,0.0939336652,0.1400035317,0.0931327842,0.0015217775,0.0010145184,0.0198845596,0.0007101628
Afar,163,0.4755682506,0.0095912924,0.1703453503,0.0995175120,0.1288829923,0.0924160991,0.0015985487,0.0005994558,0.0207811336,0.0006993651
Afar,164,0.4873818262,0.0322642950,0.1390078502,0.1454283846,0.0961898139,0.0545779195,0.0024725908,0.0072167488,0.0302540585,0.0052065124
Afar,165,0.4875894760,0.0322773340,0.1374812693,0.1462140836,0.0959242019,0.0546697344,0.0024813201,0.0076053468,0.0306634673,0.0050937668
Afar,166,0.4881258395,0.0322861241,0.1381240749,0.1458907644,0.0965556900,0.0534738931,0.0024618170,0.0073249144,0.0305709238,0.0051859587
Afar,167,0.4870803701,0.0301265982,0.1430507936,0.1403607715,0.0999839116,0.0544907263,0.0023858648,0.0068947450,0.0308342700,0.0047919488
Afar,168,0.4872986306,0.0303991660,0.1430787412,0.1405041142,0.1001145866,0.0537051932,0.0023914011,0.0069715421,0.0307031576,0.0048334674
Afar,169,0.4897327060,0.0305013381,0.1421382489,0.1402145909,0.0985505281,0.0549628073,0.0023857482,0.0067545868,0.0298973512,0.0048620945
Afar,170,0.4895892622,0.0305678027,0.1416409075,0.1404293531,0.0991688120,0.0543763883,0.0024010353,0.0067894822,0.0301642673,0.0048726893
Afar,171,0.4872986306,0.0303991660,0.1430787412,0.1405041142,0.1001145866,0.0537051932,0.0023914011,0.0069715421,0.0307031576,0.0048334674
Afar,172,0.4873818262,0.0322642950,0.1390078502,0.1454283846,0.0961898139,0.0545779195,0.0024725908,0.0072167488,0.0302540585,0.0052065124
Afar,173,0.5025833025,0.0252865715,0.1435952293,0.1261915484,0.0986074736,0.0602206301,0.0022239997,0.0090280169,0.0287393564,0.0035238716
Afar,174,0.4761748021,0.0245029915,0.1467116618,0.1275097291,0.1056691510,0.0843311292,0.0021338022,0.0041144607,0.0251155663,0.0037367062
Afar,175,0.4767387698,0.0227468726,0.1483640985,0.1257754622,0.1015648194,0.0904196105,0.0021148441,0.0038568982,0.0249303568,0.0034882678
Afar,176,0.4765610994,0.0237165668,0.1492927477,0.1273114227,0.1033799067,0.0859472166,0.0021385451,0.0034764027,0.0248314482,0.0033446440
Afar,177,0.5028376979,0.0252672465,0.1425586629,0.1244977920,0.1004000870,0.0610694211,0.0021906206,0.0085109949,0.0291881440,0.0034793331
Afar,178,0.4778616152,0.0232101279,0.1461416459,0.1253992476,0.1059860707,0.0892460227,0.0021156134,0.0028139713,0.0233128276,0.0039128578
Afar,179,0.4763623220,0.0222127408,0.1495321320,0.1245555003,0.1009670034,0.0920819071,0.0020597269,0.0038367461,0.0250398168,0.0033521045
Afar,180,0.4756522724,0.0221514606,0.1485154746,0.1245742766,0.1015946534,0.0948485268,0.0020741822,0.0033025814,0.0242659182,0.0030206537
Afar,181,0.4868037095,0.0197076875,0.1504259846,0.1093991327,0.1248119354,0.0777579472,0.0019423290,0.0035652580,0.0227429543,0.0028430617
Afar,182,0.5073664431,0.0261328007,0.1435414537,0.1146111440,0.0969726369,0.0672699317,0.0022099944,0.0088789141,0.0293421568,0.0036745245
Afar,183,0.5039299667,0.0265604113,0.1517737791,0.1130360858,0.0886030711,0.0669650525,0.0020612520,0.0105318697,0.0323032030,0.0042353088
Afar,184,0.4900600841,0.0276795087,0.1521862287,0.1212215607,0.0908010452,0.0673092112,0.0021142651,0.0095907966,0.0346249205,0.0044123793
Afar,185,0.4928531221,0.0191902019,0.1603244911,0.1023249996,0.1223502291,0.0680287581,0.0017870241,0.0056555251,0.0244700458,0.0030156032
Afar,186,0.5092051157,0.0209960476,0.1571645894,0.1052829888,0.0940745240,0.0686958062,0.0018651829,0.0086430332,0.0305767684,0.0034959438
Afar,187,0.5043453240,0.0212859800,0.1563348288,0.1056629323,0.0960415268,0.0711909090,0.0019147197,0.0093902744,0.0302484978,0.0035850072
Afar,188,0.5051379409,0.0194244503,0.1600983638,0.0981534443,0.1031540543,0.0717682320,0.0017379771,0.0097122251,0.0272964643,0.0035168478
Afar,189,0.5021346091,0.0228979866,0.1569423950,0.1078498614,0.0915919464,0.0717335156,0.0019047883,0.0079737679,0.0332324761,0.0037386536
Afar,190,0.4981287880,0.0231306978,0.1554669466,0.1079329123,0.0952861930,0.0730766293,0.0019241465,0.0084232585,0.0327514305,0.0038789975
Afar,191,0.4961126120,0.0209424586,0.1613382613,0.1022699958,0.1043056434,0.0727902931,0.0017994248,0.0086006408,0.0283638153,0.0034768548
Afar,192,0.4971854345,0.0200215721,0.1658639880,0.0973015067,0.1022421396,0.0744965093,0.0017480763,0.0085879332,0.0295750126,0.0029778277
Afar,193,0.4892494291,0.0201283102,0.1581943575,0.1034810183,0.1135884037,0.0777822640,0.0018206512,0.0066251473,0.0259948529,0.0031355659
Afar,194,0.4766311216,0.0242980374,0.1615768225,0.1041508409,0.1125706542,0.0797631776,0.0018249159,0.0088990280,0.0263485047,0.0039368972
Afar,195,0.4754184070,0.0237964530,0.1621835511,0.1032924568,0.1110160706,0.0865047026,0.0017975003,0.0076393763,0.0246134986,0.0037379836
Afar,196,0.4848486464,0.0181704677,0.1544489754,0.0980078888,0.1196222457,0.0903476033,0.0017060050,0.0051987727,0.0246310784,0.0030183166
Afar,197,0.5026131302,0.0229062091,0.1576965239,0.1080016764,0.0947808029,0.0731980637,0.0019139410,0.0085414709,0.0266730079,0.0036751740
Afar,198,0.5147160376,0.0169843071,0.1607915541,0.0887664979,0.1008888183,0.0734291601,0.0016068985,0.0107194369,0.0292903021,0.0028069873
Afar,199,0.4894272709,0.0147693973,0.1557407486,0.0927515709,0.1168310260,0.0952371484,0.0015278687,0.0056021852,0.0261774836,0.0019353003
Afar,200,0.5087273834,0.0195494850,0.1634551727,0.0907688402,0.1110420989,0.0670761949,0.0017919670,0.0062828999,0.0275334352,0.0037725229
Afar,201,0.5131785102,0.0197571713,0.1639043864,0.0888148701,0.1012861031,0.0659108281,0.0017568171,0.0114956481,0.0302424551,0.0036532104
Afar,202,0.5107839707,0.0298736781,0.1554046887,0.1131318318,0.0805100796,0.0563028069,0.0022257367,0.0108310108,0.0362435002,0.0046926965
Afar,203,0.6020698253,0.0131419588,0.1602948714,0.0789012931,0.0400365228,0.0162118141,0.0022681978,0.0309334650,0.0510637899,0.0050782618
Afar,204,0.6053559914,0.0119906705,0.1598892180,0.0833050540,0.0365133467,0.0148636192,0.0021250498,0.0317891470,0.0498070300,0.0043608736
Afar,205,0.4661769887,0.0313481272,0.1567406361,0.1146479888,0.1003140071,0.0783703181,0.0019213368,0.0110224060,0.0332694641,0.0061887271
Afar,206,0.4662216345,0.0321287518,0.1591234709,0.1130842872,0.1012511767,0.0772306273,0.0019256981,0.0108447206,0.0320273992,0.0061622338
Afar,207,0.4669089191,0.0305870919,0.1549610946,0.1157393275,0.1010791977,0.0818356631,0.0018230717,0.0100268944,0.0315999095,0.0054388306
Afar,208,0.4706473916,0.0302702703,0.1578881207,0.1131112508,0.0967441860,0.0811565053,0.0018101823,0.0105593966,0.0324827153,0.0053299811
Afar,209,0.4980235579,0.0205307671,0.1575380642,0.0951115227,0.0981817871,0.0700282105,0.0018294743,0.0169734560,0.0356747487,0.0061084114
Afar,210,0.4870323100,0.0258672762,0.1576287145,0.1027389606,0.0970022858,0.0755809477,0.0019198369,0.0139440786,0.0330414036,0.0052441861
Afar,211,0.4885822782,0.0258482326,0.1571167077,0.1012417491,0.0984260150,0.0751119228,0.0019259467,0.0138870896,0.0325383633,0.0053216949
Afar,212,0.4816672327,0.0256205975,0.1537235849,0.1042014295,0.1021749428,0.0834206654,0.0019471654,0.0124003692,0.0297198931,0.0051241195
Afar,213,0.4928327589,0.0197738425,0.1671696789,0.0977679912,0.1252007070,0.0609357188,0.0017150782,0.0050443476,0.0268359292,0.0027239477
Afar,214,0.5021773714,0.0215750484,0.1693431077,0.1086015868,0.0983234312,0.0549282460,0.0017169962,0.0104247768,0.0302546800,0.0026547555
Afar,215,0.4829510819,0.0189209157,0.1520590590,0.1084437723,0.1158937164,0.0863423009,0.0018050150,0.0059320298,0.0254665698,0.0021855391
Afar,216,0.4857308679,0.0337903053,0.1491438786,0.1435358426,0.0903342459,0.0473152176,0.0022783808,0.0095415694,0.0342718335,0.0040578583
Afar,217,0.4559287865,0.0405290811,0.1349626366,0.1678166979,0.1054459941,0.0522825264,0.0025242317,0.0074361567,0.0285306924,0.0045431966
Afar,218,0.4942992679,0.0361488909,0.1345606329,0.1492017164,0.0779773850,0.0450804208,0.0026750576,0.0129041264,0.0389202129,0.0082322892
Afar,219,0.4987031577,0.0351362496,0.1341610430,0.1477432893,0.0753710435,0.0433101581,0.0028897703,0.0139945032,0.0400455583,0.0086452271
Afar,220,0.5014334033,0.0386112963,0.1261028506,0.1465465872,0.0948852068,0.0510367400,0.0019511027,0.0094474448,0.0247481979,0.0052371705
Afar,221,0.5329288234,0.0265494336,0.1391803001,0.1136573697,0.0938420366,0.0514650560,0.0019401509,0.0136831696,0.0234860374,0.0032676226
Afar,222,0.4954047189,0.0391567562,0.1210579294,0.1567971824,0.0970718537,0.0497147297,0.0024601103,0.0092254138,0.0241910850,0.0049202207
Afar,223,0.5040007576,0.0351700817,0.1300981783,0.1519756705,0.0790548739,0.0459597233,0.0022824242,0.0139020382,0.0330951506,0.0044611018
Afar,224,0.5209457121,0.0317700305,0.1292533163,0.1420022053,0.0759583140,0.0490520992,0.0021731943,0.0150053890,0.0293898654,0.0044498740
Afar,225,0.5116845307,0.0347896221,0.1302301784,0.1453452122,0.0870253674,0.0447441748,0.0022577336,0.0083125646,0.0305820277,0.0050285885
Afar,226,0.4800122209,0.0368684085,0.1380758045,0.1455204140,0.0994517575,0.0555607949,0.0021687299,0.0091912839,0.0273673061,0.0057832798
Afar,227,0.4827025382,0.0433901613,0.1301704840,0.1527992960,0.0921910862,0.0534833164,0.0021851160,0.0082201984,0.0250768079,0.0097809956
Afar,228,0.5250363334,0.0317248845,0.1403458466,0.1223132122,0.0816232955,0.0463267353,0.0019959364,0.0130261115,0.0317248845,0.0058827600
Afar,229,0.4848390848,0.0268958854,0.1551607326,0.1247630641,0.1037121640,0.0547086759,0.0020375671,0.0118178890,0.0317860463,0.0042788908
Afar,230,0.5026223298,0.0232922543,0.1658040734,0.1094799087,0.1109446850,0.0491384839,0.0021453392,0.0039842014,0.0291153179,0.0034734063
Afar,231,0.4948393486,0.0260495953,0.1557827579,0.1190500485,0.1094494856,0.0480836404,0.0026770335,0.0114288738,0.0286236660,0.0040155503
Afar,232,0.4749316097,0.0210922212,0.1550838683,0.1170816566,0.1185036392,0.0686770875,0.0019360010,0.0101894789,0.0285305408,0.0039738968
Afar,233,0.5063746581,0.0272097586,0.1640990075,0.1210932801,0.0616684490,0.0534740043,0.0021011397,0.0027314816,0.0573611127,0.0038871084
Afar,234,0.4941381569,0.0281934664,0.1473886198,0.1136616288,0.1118708721,0.0613032312,0.0019063198,0.0064212877,0.0313037777,0.0038126396
Afar,235,0.4924362652,0.0252685683,0.1573269192,0.1063750773,0.1168169923,0.0613665230,0.0018048977,0.0064174142,0.0286778196,0.0035095234
Afar,236,0.4924745128,0.0253427766,0.1571855551,0.1077733557,0.1167577924,0.0601388112,0.0019107649,0.0068385270,0.0280580741,0.0035198301
Afar,237,0.5107780799,0.0256944760,0.1434273681,0.1214697321,0.0987631422,0.0559055591,0.0022081190,0.0060221428,0.0319173569,0.0038140238
Afar,238,0.5104683278,0.0261496042,0.1425704476,0.1214334119,0.0984868236,0.0570081410,0.0022041812,0.0056106430,0.0323613876,0.0037070320
Afar,239,0.4976179030,0.0264956287,0.1450760654,0.1125464121,0.1115815913,0.0632895585,0.0019996701,0.0063989443,0.0316947710,0.0032994557
Afar,240,0.4873494347,0.0265588275,0.1424886142,0.1155809472,0.1049225161,0.0826050223,0.0018177144,0.0053521591,0.0294873674,0.0038373971
Afar,241,0.4903570183,0.0264107917,0.1397863955,0.1126777363,0.1039360053,0.0862618633,0.0018075827,0.0054227481,0.0294234295,0.0039164292
Afar,242,0.5039970163,0.0280448320,0.1411353637,0.1172458849,0.1018523500,0.0641892544,0.0022273874,0.0057709582,0.0315884028,0.0039485504
Afar,243,0.4878487148,0.0259848953,0.1409453074,0.1086270944,0.1113205047,0.0860433692,0.0018199538,0.0055609698,0.0295236942,0.0023254965
Afar,244,0.4957642750,0.0277864997,0.1407713107,0.1257468235,0.1078769986,0.0600678743,0.0022474375,0.0050056562,0.0308511871,0.0038819375
Afar,245,0.4937055467,0.0265205390,0.1507536341,0.1169568071,0.1115274376,0.0591922296,0.0022184481,0.0063528287,0.0289406642,0.0038318649
Afar,246,0.4923160041,0.0264479789,0.1484922785,0.1185352988,0.1116468117,0.0625868203,0.0022208227,0.0060567891,0.0278612297,0.0038359664
Afar,247,0.4919723599,0.0242874972,0.1621842786,0.1018644127,0.1160179617,0.0641310359,0.0018065080,0.0065235013,0.0276997902,0.0035126545
Afar,248,0.4974183692,0.0263990153,0.1499667139,0.1131961550,0.1078298241,0.0659975383,0.0019291588,0.0067012885,0.0266020847,0.0039598523
Afar,249,0.4888261749,0.0222792124,0.1720562816,0.1021477384,0.1176747494,0.0602551428,0.0017215755,0.0053672648,0.0266337858,0.0030380744
Afar,250,0.4921452901,0.0255976498,0.1517574950,0.1125132303,0.1166115156,0.0617594089,0.0019299815,0.0062978345,0.0279339432,0.0034536512
Afar,251,0.4904138696,0.0228893270,0.1653452698,0.1018950917,0.1204701420,0.0603354628,0.0018070521,0.0057223317,0.0280093080,0.0031121453
Afar,252,0.4954247236,0.0253421866,0.1537559545,0.1112204665,0.1141900900,0.0606008811,0.0019031682,0.0062103382,0.0279465220,0.0034056693
Afar,253,0.4925069075,0.0236897017,0.1577654504,0.1076547239,0.1156614848,0.0646987651,0.0017916581,0.0059721937,0.0271734814,0.0030856334
Afar,254,0.4949862889,0.0213994072,0.1633954739,0.1003249210,0.1197966816,0.0633982439,0.0016999529,0.0051998560,0.0268992549,0.0028999197
Afar,255,0.4841114266,0.0273777539,0.1533558317,0.1147186078,0.1126427881,0.0649590249,0.0020204984,0.0082840436,0.0288931277,0.0036368972
Afar,256,0.4828872004,0.0343341835,0.1355296716,0.1271889146,0.1071186368,0.0620424719,0.0022086317,0.0097380579,0.0340330064,0.0049192251
Afar,257,0.4852166559,0.0306410186,0.1456456311,0.1173572380,0.1137950986,0.0605764874,0.0020158565,0.0086681829,0.0317497396,0.0043340914
Afar,258,0.4892271181,0.0348656195,0.1360363768,0.1286618146,0.1063099093,0.0609644503,0.0022168891,0.0086660210,0.0281141845,0.0049376166
Afar,259,0.4834117928,0.0344931814,0.1368567699,0.1275254107,0.1094651258,0.0639138362,0.0022319117,0.0089276470,0.0283046989,0.0048696256
Afar,260,0.4800576705,0.0279269218,0.1460557626,0.1278442704,0.1122173026,0.0646192278,0.0021403845,0.0068288458,0.0283346141,0.0039749998
Afar,261,0.4879731245,0.0344463432,0.1426058524,0.1284974738,0.1024351898,0.0573436209,0.0022093865,0.0098418124,0.0298267170,0.0048204795
Afar,262,0.4858541226,0.0299269038,0.1464789613,0.1207190633,0.1071871760,0.0668774688,0.0018322594,0.0076344143,0.0297233195,0.0037663110
Afar,263,0.4909640748,0.0296407341,0.1441044201,0.1255983434,0.0900784012,0.0621194109,0.0021021797,0.0121926424,0.0378392351,0.0053605583
Afar,264,0.4826247803,0.0386018983,0.1381382066,0.1425730190,0.1009510376,0.0542649722,0.0023241981,0.0074778546,0.0286987935,0.0043452399
Afar,265,0.4744685766,0.0421012989,0.1364524200,0.1414952311,0.1036958007,0.0580776868,0.0023110498,0.0062297865,0.0309479715,0.0042201779
Afar,266,0.4792161420,0.0395553117,0.1375836929,0.1400007551,0.1013668090,0.0552358061,0.0023267830,0.0098129546,0.0306528375,0.0042489082
Afar,267,0.4767638990,0.0366119074,0.1411884605,0.1394179006,0.1057902075,0.0559292397,0.0023261709,0.0056637205,0.0321618413,0.0041466525
Afar,268,0.5828606371,0.0157394427,0.1551889003,0.0720746376,0.0739854059,0.0417045107,0.0013032660,0.0207520041,0.0344864223,0.0019047733
Afar,269,0.5780400643,0.0160538813,0.1536155769,0.0734903743,0.0764566098,0.0433454796,0.0013043779,0.0206693722,0.0351178654,0.0019063984
Afar,270,0.5648342645,0.0164739142,0.1558994804,0.0756526940,0.0846799369,0.0470109258,0.0013058591,0.0187842802,0.0334500818,0.0019085632
Afar,271,0.5531001064,0.0175843995,0.1709931263,0.0752020695,0.0771086024,0.0503277641,0.0013137770,0.0168769811,0.0356740978,0.0018190758
Afar,272,0.5495068957,0.0184793524,0.1711878467,0.0776569400,0.0857969932,0.0436600084,0.0014214886,0.0150271657,0.0350295416,0.0022337679
Afar,273,0.4680697572,0.0333613434,0.1496205703,0.1419058102,0.1051387791,0.0636898374,0.0022240896,0.0039427042,0.0272956446,0.0047514641
Afar,274,0.4759162145,0.0272818212,0.1515656734,0.1363787929,0.1030646579,0.0596158315,0.0023240070,0.0068709772,0.0323340103,0.0046480140
Afar,275,0.4761560808,0.0252201314,0.1543472041,0.1288966616,0.1089509676,0.0645635364,0.0021184910,0.0057501900,0.0302641577,0.0037325795
Afar,276,0.4784065764,0.0271365075,0.1497533191,0.1374610842,0.1035207508,0.0592982941,0.0022111228,0.0061308406,0.0321617867,0.0039197178
Afar,277,0.4918847103,0.0343410270,0.1444343195,0.1390502524,0.0868625977,0.0454513593,0.0027270816,0.0098982960,0.0383811478,0.0069692084
Afar,278,0.4785117920,0.0323045935,0.1504182637,0.1308045298,0.1039804105,0.0545140016,0.0023218927,0.0064609187,0.0343236306,0.0063599669
Afar,279,0.4783014991,0.0327744068,0.1485090308,0.1308636998,0.1054926219,0.0553068115,0.0023556605,0.0062476213,0.0337986070,0.0063500413
Afar,280,0.4825355813,0.0278249706,0.1469158448,0.1324680071,0.1017888016,0.0629350244,0.0024283611,0.0063744478,0.0298486048,0.0068803564
Afar,281,0.4760919336,0.0279148536,0.1485029161,0.1309449248,0.1089910829,0.0629110488,0.0024630753,0.0060550602,0.0288385069,0.0072865978
Afar,282,0.4855228020,0.0236151186,0.1467366772,0.1333049629,0.1053597600,0.0642856007,0.0023211441,0.0052478041,0.0293675193,0.0042386110
Afar,283,0.5265915236,0.0238558303,0.1414754458,0.1171268370,0.0941786692,0.0507195696,0.0019706990,0.0097497741,0.0308051374,0.0035265140
Afar,284,0.5283241076,0.0238672274,0.1395395354,0.1185874805,0.0911769958,0.0540153040,0.0018842548,0.0106774438,0.0284731835,0.0034544671
Afar,285,0.4852489865,0.0220193560,0.1513573492,0.1286920235,0.1123604523,0.0616336181,0.0020578837,0.0039099791,0.0286045840,0.0041157675
Afar,286,0.4604361197,0.0279083868,0.1476949460,0.1332721216,0.1329568091,0.0530991030,0.0056443928,0.0044946091,0.0270721805,0.0074213313
Afar,287,0.4772179689,0.0220399766,0.1494520316,0.1223891234,0.1129286419,0.0878450495,0.0018891408,0.0019940931,0.0214102630,0.0028337113
