{
  "metadata": {
    "engine": "CNT Tensor Engine v1.0",
    "handbook": "CNT Mathematics Handbook v2.0",
    "generated": "2026-05-05T06:59:59.243401Z",
    "input_file": "ball_top10_barycenters.csv",
    "carriers": [
      "SiO2",
      "TiO2",
      "Al2O3",
      "FeO",
      "CaO",
      "MgO",
      "MnO",
      "K2O",
      "Na2O",
      "P2O5"
    ],
    "D": 10,
    "T": 10,
    "labels": [
      "Cape_Verde",
      "Ethiopia",
      "Harrat Ash Shaam",
      "Hawaii",
      "Iceland",
      "Lake Baikal",
      "Mascarene",
      "New_South_Wales",
      "Tibet",
      "Victoria_Tasmania"
    ],
    "lineage": {
      "Aitchison_1986": "CLR transform, Aitchison distance, simplex geometry",
      "Shannon_1948": "Entropy H = -sum(x_j ln x_j)",
      "Egozcue_2003": "ILR, Helmert basis, orthonormal coordinates",
      "Higgins_2025": "Hs = 1 - H/ln(D), ring classification",
      "Higgins_2026": "CNT tensor decomposition, HCI instrument"
    }
  },
  "helmert_basis": [
    {
      "index": 0,
      "coefficients": [
        0.7071067811865475,
        -0.7071067811865475,
        0.0,
        0.0,
        0.0,
        0.0,
        0.0,
        0.0,
        0.0,
        0.0
      ]
    },
    {
      "index": 1,
      "coefficients": [
        0.4082482904638631,
        0.4082482904638631,
        -0.8164965809277261,
        0.0,
        0.0,
        0.0,
        0.0,
        0.0,
        0.0,
        0.0
      ]
    },
    {
      "index": 2,
      "coefficients": [
        0.2886751345948129,
        0.2886751345948129,
        0.2886751345948129,
        -0.8660254037844387,
        0.0,
        0.0,
        0.0,
        0.0,
        0.0,
        0.0
      ]
    },
    {
      "index": 3,
      "coefficients": [
        0.22360679774997896,
        0.22360679774997896,
        0.22360679774997896,
        0.22360679774997896,
        -0.8944271909999159,
        0.0,
        0.0,
        0.0,
        0.0,
        0.0
      ]
    },
    {
      "index": 4,
      "coefficients": [
        0.18257418583505536,
        0.18257418583505536,
        0.18257418583505536,
        0.18257418583505536,
        0.18257418583505536,
        -0.9128709291752769,
        0.0,
        0.0,
        0.0,
        0.0
      ]
    },
    {
      "index": 5,
      "coefficients": [
        0.1543033499620919,
        0.1543033499620919,
        0.1543033499620919,
        0.1543033499620919,
        0.1543033499620919,
        0.1543033499620919,
        -0.9258200997725514,
        0.0,
        0.0,
        0.0
      ]
    },
    {
      "index": 6,
      "coefficients": [
        0.1336306209562122,
        0.1336306209562122,
        0.1336306209562122,
        0.1336306209562122,
        0.1336306209562122,
        0.1336306209562122,
        0.1336306209562122,
        -0.9354143466934853,
        0.0,
        0.0
      ]
    },
    {
      "index": 7,
      "coefficients": [
        0.11785113019775793,
        0.11785113019775793,
        0.11785113019775793,
        0.11785113019775793,
        0.11785113019775793,
        0.11785113019775793,
        0.11785113019775793,
        0.11785113019775793,
        -0.9428090415820635,
        0.0
      ]
    },
    {
      "index": 8,
      "coefficients": [
        0.10540925533894598,
        0.10540925533894598,
        0.10540925533894598,
        0.10540925533894598,
        0.10540925533894598,
        0.10540925533894598,
        0.10540925533894598,
        0.10540925533894598,
        0.10540925533894598,
        -0.9486832980505138
      ]
    }
  ],
  "timesteps": [
    {
      "index": 0,
      "label": "Cape_Verde",
      "raw_values": [
        0.4323993317,
        0.036891947,
        0.1237289974,
        0.1229364489,
        0.1258921031,
        0.1148743796,
        0.0019161874,
        0.009945805,
        0.0250688272,
        0.0063459726
      ],
      "composition": [
        0.4323993317432399,
        0.036891947003689196,
        0.12372899741237289,
        0.12293644891229365,
        0.12589210311258922,
        0.11487437961148744,
        0.001916187400191619,
        0.009945805000994581,
        0.025068827202506885,
        0.006345972600634598
      ],
      "clr": [
        2.3790193119823035,
        -0.0823369394752742,
        1.1277634408433874,
        1.1213373180179365,
        1.1450949872710559,
        1.0535089517864957,
        -3.039992745522909,
        -1.393179373993246,
        -0.468705098159115,
        -1.8425098527506343
      ],
      "ilr": [
        1.740441696321554,
        0.01680165877057005,
        0.01744575246653224,
        -0.007736083621785461,
        0.07728974348531148,
        3.855167905375588,
        1.798220487854187,
        0.7142786984746918,
        1.9421759153311537
      ],
      "bearing_tensor": [
        {
          "pair": "SiO2/TiO2",
          "i": 0,
          "j": 1,
          "theta_deg": -1.982193610111922
        },
        {
          "pair": "SiO2/Al2O3",
          "i": 0,
          "j": 2,
          "theta_deg": 25.363081253158864
        },
        {
          "pair": "SiO2/FeO",
          "i": 0,
          "j": 3,
          "theta_deg": 25.236581180401263
        },
        {
          "pair": "SiO2/CaO",
          "i": 0,
          "j": 4,
          "theta_deg": 25.702939226789358
        },
        {
          "pair": "SiO2/MgO",
          "i": 0,
          "j": 5,
          "theta_deg": 23.885357387638305
        },
        {
          "pair": "SiO2/MnO",
          "i": 0,
          "j": 6,
          "theta_deg": -51.95418998145492
        },
        {
          "pair": "SiO2/K2O",
          "i": 0,
          "j": 7,
          "theta_deg": -30.35369998693596
        },
        {
          "pair": "SiO2/Na2O",
          "i": 0,
          "j": 8,
          "theta_deg": -11.145449039041406
        },
        {
          "pair": "SiO2/P2O5",
          "i": 0,
          "j": 9,
          "theta_deg": -37.75717077868775
        },
        {
          "pair": "TiO2/Al2O3",
          "i": 1,
          "j": 2,
          "theta_deg": 94.17570177333616
        },
        {
          "pair": "TiO2/FeO",
          "i": 1,
          "j": 3,
          "theta_deg": 94.19954637571364
        },
        {
          "pair": "TiO2/CaO",
          "i": 1,
          "j": 4,
          "theta_deg": 94.1127191075259
        },
        {
          "pair": "TiO2/MgO",
          "i": 1,
          "j": 5,
          "theta_deg": 94.46886465716092
        },
        {
          "pair": "TiO2/MnO",
          "i": 1,
          "j": 6,
          "theta_deg": -91.55145306964792
        },
        {
          "pair": "TiO2/K2O",
          "i": 1,
          "j": 7,
          "theta_deg": -93.3822479590074
        },
        {
          "pair": "TiO2/Na2O",
          "i": 1,
          "j": 8,
          "theta_deg": -99.9634312060341
        },
        {
          "pair": "TiO2/P2O5",
          "i": 1,
          "j": 9,
          "theta_deg": -92.55869601893161
        },
        {
          "pair": "Al2O3/FeO",
          "i": 2,
          "j": 3,
          "theta_deg": 44.83629514455016
        },
        {
          "pair": "Al2O3/CaO",
          "i": 2,
          "j": 4,
          "theta_deg": 45.43689708249524
        },
        {
          "pair": "Al2O3/MgO",
          "i": 2,
          "j": 5,
          "theta_deg": 43.05030010711573
        },
        {
          "pair": "Al2O3/MnO",
          "i": 2,
          "j": 6,
          "theta_deg": -69.6463699796153
        },
        {
          "pair": "Al2O3/K2O",
          "i": 2,
          "j": 7,
          "theta_deg": -51.01020928305845
        },
        {
          "pair": "Al2O3/Na2O",
          "i": 2,
          "j": 8,
          "theta_deg": -22.568056941421748
        },
        {
          "pair": "Al2O3/P2O5",
          "i": 2,
          "j": 9,
          "theta_deg": -58.53003294706863
        },
        {
          "pair": "FeO/CaO",
          "i": 3,
          "j": 4,
          "theta_deg": 45.60057576934502
        },
        {
          "pair": "FeO/MgO",
          "i": 3,
          "j": 5,
          "theta_deg": 43.21365772718919
        },
        {
          "pair": "FeO/MnO",
          "i": 3,
          "j": 6,
          "theta_deg": -69.75290679901393
        },
        {
          "pair": "FeO/K2O",
          "i": 3,
          "j": 7,
          "theta_deg": -51.17022945588315
        },
        {
          "pair": "FeO/Na2O",
          "i": 3,
          "j": 8,
          "theta_deg": -22.684322918848867
        },
        {
          "pair": "FeO/P2O5",
          "i": 3,
          "j": 9,
          "theta_deg": -58.675627884930144
        },
        {
          "pair": "CaO/MgO",
          "i": 4,
          "j": 5,
          "theta_deg": 42.61464031611192
        },
        {
          "pair": "CaO/MnO",
          "i": 4,
          "j": 6,
          "theta_deg": -69.35976828048665
        },
        {
          "pair": "CaO/K2O",
          "i": 4,
          "j": 7,
          "theta_deg": -50.58221182195173
        },
        {
          "pair": "CaO/Na2O",
          "i": 4,
          "j": 8,
          "theta_deg": -22.260044844644575
        },
        {
          "pair": "CaO/P2O5",
          "i": 4,
          "j": 9,
          "theta_deg": -58.13960704103228
        },
        {
          "pair": "MgO/MnO",
          "i": 5,
          "j": 6,
          "theta_deg": -70.88625023697605
        },
        {
          "pair": "MgO/K2O",
          "i": 5,
          "j": 7,
          "theta_deg": -52.90377621429998
        },
        {
          "pair": "MgO/Na2O",
          "i": 5,
          "j": 8,
          "theta_deg": -23.984234347043543
        },
        {
          "pair": "MgO/P2O5",
          "i": 5,
          "j": 9,
          "theta_deg": -60.23997323785189
        },
        {
          "pair": "MnO/K2O",
          "i": 6,
          "j": 7,
          "theta_deg": -155.3787814516008
        },
        {
          "pair": "MnO/Na2O",
          "i": 6,
          "j": 8,
          "theta_deg": -171.23517106840927
        },
        {
          "pair": "MnO/P2O5",
          "i": 6,
          "j": 9,
          "theta_deg": -148.78035657287307
        },
        {
          "pair": "K2O/Na2O",
          "i": 7,
          "j": 8,
          "theta_deg": -161.40559916492649
        },
        {
          "pair": "K2O/P2O5",
          "i": 7,
          "j": 9,
          "theta_deg": -127.0940673090212
        },
        {
          "pair": "Na2O/P2O5",
          "i": 8,
          "j": 9,
          "theta_deg": -104.27240974211138
        }
      ],
      "angular_velocity_deg": 0.0,
      "metric_tensor": [
        [
          4.81362751834227,
          -6.2687855006041975,
          -1.869147146606221,
          -1.8811971918171988,
          -1.8370310507796936,
          -2.0132226458845532,
          -120.69158916432626,
          -23.25278873280328,
          -9.22531000742861,
          -36.44322423369091
        ],
        [
          -6.2687855006041975,
          661.2708174303498,
          -21.907707311882774,
          -22.048942240366802,
          -21.531284284597074,
          -23.59637258081788,
          -1414.5895443378372,
          -272.5388906209105,
          -108.12706312132164,
          -427.139988129149
        ],
        [
          -1.869147146606221,
          -21.907707311882774,
          58.789466868931626,
          -6.57427462947884,
          -6.419925929742386,
          -7.035667829987496,
          -421.78441265269345,
          -81.26219818722485,
          -32.23995963566624,
          -127.35919739733698
        ],
        [
          -1.8811971918171988,
          -22.048942240366802,
          -6.57427462947884,
          59.549919835361855,
          -6.461314002289261,
          -7.081025476438554,
          -424.5035785840535,
          -81.7860805171299,
          -32.447804679816585,
          -128.1802585371505
        ],
        [
          -1.8370310507796936,
          -21.531284284597074,
          -6.419925929742386,
          -6.461314002289261,
          56.78655620158269,
          -6.914779443729751,
          -414.5372204562498,
          -79.86593329240702,
          -31.686005585027452,
          -125.17088376166139
        ],
        [
          -2.0132226458845532,
          -23.59637258081788,
          -7.035667829987496,
          -7.081025476438554,
          -6.914779443729751,
          68.20184942086144,
          -454.2959246281373,
          -87.52595960244409,
          -34.72504396391493,
          -137.17615588882094
        ],
        [
          -120.69158916432626,
          -1414.5895443378372,
          -421.78441265269345,
          -424.5035785840535,
          -414.5372204562498,
          -454.2959246281373,
          245113.11496369855,
          -5247.133087413802,
          -2081.7472664403554,
          -8223.635017974333
        ],
        [
          -23.25278873280328,
          -272.5388906209105,
          -81.26219818722485,
          -81.7860805171299,
          -79.86593329240702,
          -87.52595960244409,
          -5247.133087413802,
          9098.349784057584,
          -401.0754164129955,
          -1584.3891775116438
        ],
        [
          -9.22531000742861,
          -108.12706312132164,
          -32.23995963566624,
          -32.447804679816585,
          -31.686005585027452,
          -34.72504396391493,
          -2081.7472664403554,
          -401.0754164129955,
          1432.103729903929,
          -628.5904672732833
        ],
        [
          -36.44322423369091,
          -427.139988129149,
          -127.35919739733698,
          -128.1802585371505,
          -125.17088376166139,
          -137.17615588882094,
          -8223.635017974333,
          -1584.3891775116438,
          -628.5904672732833,
          22348.383955009627
        ]
      ],
      "metric_tensor_properties": {
        "trace": 278901.3646699451,
        "condition_number": 225.65607711437823,
        "diagonal_sensitivities": [
          4.81362751834227,
          661.2708174303498,
          58.789466868931626,
          59.549919835361855,
          56.78655620158269,
          68.20184942086144,
          245113.11496369855,
          9098.349784057584,
          1432.103729903929,
          22348.383955009627
        ],
        "off_diagonal_couplings": [
          {
            "i": 0,
            "j": 1,
            "coupling": -6.2687855006041975
          },
          {
            "i": 0,
            "j": 2,
            "coupling": -1.869147146606221
          },
          {
            "i": 0,
            "j": 3,
            "coupling": -1.8811971918171988
          },
          {
            "i": 0,
            "j": 4,
            "coupling": -1.8370310507796936
          },
          {
            "i": 0,
            "j": 5,
            "coupling": -2.0132226458845532
          },
          {
            "i": 0,
            "j": 6,
            "coupling": -120.69158916432626
          },
          {
            "i": 0,
            "j": 7,
            "coupling": -23.25278873280328
          },
          {
            "i": 0,
            "j": 8,
            "coupling": -9.22531000742861
          },
          {
            "i": 0,
            "j": 9,
            "coupling": -36.44322423369091
          },
          {
            "i": 1,
            "j": 2,
            "coupling": -21.907707311882774
          },
          {
            "i": 1,
            "j": 3,
            "coupling": -22.048942240366802
          },
          {
            "i": 1,
            "j": 4,
            "coupling": -21.531284284597074
          },
          {
            "i": 1,
            "j": 5,
            "coupling": -23.59637258081788
          },
          {
            "i": 1,
            "j": 6,
            "coupling": -1414.5895443378372
          },
          {
            "i": 1,
            "j": 7,
            "coupling": -272.5388906209105
          },
          {
            "i": 1,
            "j": 8,
            "coupling": -108.12706312132164
          },
          {
            "i": 1,
            "j": 9,
            "coupling": -427.139988129149
          },
          {
            "i": 2,
            "j": 3,
            "coupling": -6.57427462947884
          },
          {
            "i": 2,
            "j": 4,
            "coupling": -6.419925929742386
          },
          {
            "i": 2,
            "j": 5,
            "coupling": -7.035667829987496
          },
          {
            "i": 2,
            "j": 6,
            "coupling": -421.78441265269345
          },
          {
            "i": 2,
            "j": 7,
            "coupling": -81.26219818722485
          },
          {
            "i": 2,
            "j": 8,
            "coupling": -32.23995963566624
          },
          {
            "i": 2,
            "j": 9,
            "coupling": -127.35919739733698
          },
          {
            "i": 3,
            "j": 4,
            "coupling": -6.461314002289261
          },
          {
            "i": 3,
            "j": 5,
            "coupling": -7.081025476438554
          },
          {
            "i": 3,
            "j": 6,
            "coupling": -424.5035785840535
          },
          {
            "i": 3,
            "j": 7,
            "coupling": -81.7860805171299
          },
          {
            "i": 3,
            "j": 8,
            "coupling": -32.447804679816585
          },
          {
            "i": 3,
            "j": 9,
            "coupling": -128.1802585371505
          },
          {
            "i": 4,
            "j": 5,
            "coupling": -6.914779443729751
          },
          {
            "i": 4,
            "j": 6,
            "coupling": -414.5372204562498
          },
          {
            "i": 4,
            "j": 7,
            "coupling": -79.86593329240702
          },
          {
            "i": 4,
            "j": 8,
            "coupling": -31.686005585027452
          },
          {
            "i": 4,
            "j": 9,
            "coupling": -125.17088376166139
          },
          {
            "i": 5,
            "j": 6,
            "coupling": -454.2959246281373
          },
          {
            "i": 5,
            "j": 7,
            "coupling": -87.52595960244409
          },
          {
            "i": 5,
            "j": 8,
            "coupling": -34.72504396391493
          },
          {
            "i": 5,
            "j": 9,
            "coupling": -137.17615588882094
          },
          {
            "i": 6,
            "j": 7,
            "coupling": -5247.133087413802
          },
          {
            "i": 6,
            "j": 8,
            "coupling": -2081.7472664403554
          },
          {
            "i": 6,
            "j": 9,
            "coupling": -8223.635017974333
          },
          {
            "i": 7,
            "j": 8,
            "coupling": -401.0754164129955
          },
          {
            "i": 7,
            "j": 9,
            "coupling": -1584.3891775116438
          },
          {
            "i": 8,
            "j": 9,
            "coupling": -628.5904672732833
          }
        ],
        "asymmetry_ratio": 50920.66513865021,
        "precision_digits_available": 12
      },
      "helmsman": {
        "helmsman_index": null,
        "helmsman_carrier": null,
        "helmsman_delta_clr": 0.0,
        "all_deltas": []
      },
      "higgins_scale": 0.26503029824074686,
      "ring": "Hs-2",
      "shannon_entropy": 1.692330279073136,
      "metric_energy": 25.413915346512695,
      "clr_norm": 5.041221612517416,
      "ilr_norm": 5.0412216125174165
    },
    {
      "index": 1,
      "label": "Ethiopia",
      "raw_values": [
        0.4989108454,
        0.0241516385,
        0.1549612808,
        0.1162174126,
        0.0955892767,
        0.0632540814,
        0.001934909,
        0.0094061334,
        0.0313791897,
        0.0041952325
      ],
      "composition": [
        0.4989108454000001,
        0.024151638500000003,
        0.15496128080000002,
        0.11621741260000001,
        0.09558927670000002,
        0.06325408140000001,
        0.0019349090000000003,
        0.009406133400000002,
        0.031379189700000004,
        0.004195232500000001
      ],
      "clr": [
        2.6440120278786234,
        -0.3840631607890801,
        1.474759899046322,
        1.1870472980724953,
        0.9916452599789047,
        0.5787442682119619,
        -2.908355088424961,
        -1.327053419518034,
        -0.12227046058530666,
        -2.1344666238709324
      ],
      "ilr": [
        2.141172499849667,
        -0.28151615373559014,
        0.050104440112239024,
        0.21358362847285828,
        0.5513156144019089,
        3.694373411488436,
        1.720248957868875,
        0.38123671172059054,
        2.24992537368069
      ],
      "bearing_tensor": [
        {
          "pair": "SiO2/TiO2",
          "i": 0,
          "j": 1,
          "theta_deg": -8.264848941573868
        },
        {
          "pair": "SiO2/Al2O3",
          "i": 0,
          "j": 2,
          "theta_deg": 29.15162101464268
        },
        {
          "pair": "SiO2/FeO",
          "i": 0,
          "j": 3,
          "theta_deg": 24.178022484648302
        },
        {
          "pair": "SiO2/CaO",
          "i": 0,
          "j": 4,
          "theta_deg": 20.55871918419244
        },
        {
          "pair": "SiO2/MgO",
          "i": 0,
          "j": 5,
          "theta_deg": 12.346669269793358
        },
        {
          "pair": "SiO2/MnO",
          "i": 0,
          "j": 6,
          "theta_deg": -47.72574087760799
        },
        {
          "pair": "SiO2/K2O",
          "i": 0,
          "j": 7,
          "theta_deg": -26.652486226400768
        },
        {
          "pair": "SiO2/Na2O",
          "i": 0,
          "j": 8,
          "theta_deg": -2.6477163426526498
        },
        {
          "pair": "SiO2/P2O5",
          "i": 0,
          "j": 9,
          "theta_deg": -38.91335670385872
        },
        {
          "pair": "TiO2/Al2O3",
          "i": 1,
          "j": 2,
          "theta_deg": 104.5969795179534
        },
        {
          "pair": "TiO2/FeO",
          "i": 1,
          "j": 3,
          "theta_deg": 107.92872576826528
        },
        {
          "pair": "TiO2/CaO",
          "i": 1,
          "j": 4,
          "theta_deg": 111.17133302538086
        },
        {
          "pair": "TiO2/MgO",
          "i": 1,
          "j": 5,
          "theta_deg": 123.56883372345791
        },
        {
          "pair": "TiO2/MnO",
          "i": 1,
          "j": 6,
          "theta_deg": -97.52267398530722
        },
        {
          "pair": "TiO2/K2O",
          "i": 1,
          "j": 7,
          "theta_deg": -106.1409971249861
        },
        {
          "pair": "TiO2/Na2O",
          "i": 1,
          "j": 8,
          "theta_deg": -162.34059046781547
        },
        {
          "pair": "TiO2/P2O5",
          "i": 1,
          "j": 9,
          "theta_deg": -100.20031195990929
        },
        {
          "pair": "Al2O3/FeO",
          "i": 2,
          "j": 3,
          "theta_deg": 38.83089594912586
        },
        {
          "pair": "Al2O3/CaO",
          "i": 2,
          "j": 4,
          "theta_deg": 33.91733321412049
        },
        {
          "pair": "Al2O3/MgO",
          "i": 2,
          "j": 5,
          "theta_deg": 21.426674687354296
        },
        {
          "pair": "Al2O3/MnO",
          "i": 2,
          "j": 6,
          "theta_deg": -63.111483315037866
        },
        {
          "pair": "Al2O3/K2O",
          "i": 2,
          "j": 7,
          "theta_deg": -41.982264744455556
        },
        {
          "pair": "Al2O3/Na2O",
          "i": 2,
          "j": 8,
          "theta_deg": -4.739480269083258
        },
        {
          "pair": "Al2O3/P2O5",
          "i": 2,
          "j": 9,
          "theta_deg": -55.35837104966355
        },
        {
          "pair": "FeO/CaO",
          "i": 3,
          "j": 4,
          "theta_deg": 39.874982673358126
        },
        {
          "pair": "FeO/MgO",
          "i": 3,
          "j": 5,
          "theta_deg": 25.991523191969232
        },
        {
          "pair": "FeO/MnO",
          "i": 3,
          "j": 6,
          "theta_deg": -67.79713635392459
        },
        {
          "pair": "FeO/K2O",
          "i": 3,
          "j": 7,
          "theta_deg": -48.187415231304364
        },
        {
          "pair": "FeO/Na2O",
          "i": 3,
          "j": 8,
          "theta_deg": -5.8809467546239675
        },
        {
          "pair": "FeO/P2O5",
          "i": 3,
          "j": 9,
          "theta_deg": -60.92012065745285
        },
        {
          "pair": "CaO/MgO",
          "i": 4,
          "j": 5,
          "theta_deg": 30.268701674096583
        },
        {
          "pair": "CaO/MnO",
          "i": 4,
          "j": 6,
          "theta_deg": -71.17245607939972
        },
        {
          "pair": "CaO/K2O",
          "i": 4,
          "j": 7,
          "theta_deg": -53.230948878562245
        },
        {
          "pair": "CaO/Na2O",
          "i": 4,
          "j": 8,
          "theta_deg": -7.029126197675652
        },
        {
          "pair": "CaO/P2O5",
          "i": 4,
          "j": 9,
          "theta_deg": -65.08103574278407
        },
        {
          "pair": "MgO/MnO",
          "i": 5,
          "j": 6,
          "theta_deg": -78.74551877479712
        },
        {
          "pair": "MgO/K2O",
          "i": 5,
          "j": 7,
          "theta_deg": -66.43739382588258
        },
        {
          "pair": "MgO/Na2O",
          "i": 5,
          "j": 8,
          "theta_deg": -11.929373804796757
        },
        {
          "pair": "MgO/P2O5",
          "i": 5,
          "j": 9,
          "theta_deg": -74.82943853925926
        },
        {
          "pair": "MnO/K2O",
          "i": 6,
          "j": 7,
          "theta_deg": -155.47325894623293
        },
        {
          "pair": "MnO/Na2O",
          "i": 6,
          "j": 8,
          "theta_deg": -177.5926397704205
        },
        {
          "pair": "MnO/P2O5",
          "i": 6,
          "j": 9,
          "theta_deg": -143.72473678611343
        },
        {
          "pair": "K2O/Na2O",
          "i": 7,
          "j": 8,
          "theta_deg": -174.73581265996006
        },
        {
          "pair": "K2O/P2O5",
          "i": 7,
          "j": 9,
          "theta_deg": -121.87029154873647
        },
        {
          "pair": "Na2O/P2O5",
          "i": 8,
          "j": 9,
          "theta_deg": -93.27853971935623
        }
      ],
      "angular_velocity_deg": 9.67403038404733,
      "metric_tensor": [
        [
          3.6157352218213057,
          -8.299089642217693,
          -1.2934625467934053,
          -1.7246693798613792,
          -2.0968524905465262,
          -3.16875383345518,
          -103.58968453706919,
          -21.309139940321916,
          -6.387564970102972,
          -47.77723592624151
        ],
        [
          -8.299089642217693,
          1542.9409671332614,
          -26.719615429567437,
          -35.62724153651664,
          -43.31558907432566,
          -65.45831885955128,
          -2139.896930268665,
          -440.19212288114176,
          -131.95069308782095,
          -986.9550327542544
        ],
        [
          -1.2934625467934053,
          -26.719615429567437,
          37.47970076422738,
          -5.552717775046515,
          -6.750992527532484,
          -10.202068837789414,
          -333.51568095137026,
          -68.60656395899454,
          -20.565301363213177,
          -153.822819763609
        ],
        [
          -1.7246693798613792,
          -35.62724153651664,
          -5.552717775046515,
          66.63464752681311,
          -9.001598171336873,
          -13.603173728836008,
          -444.70115046347627,
          -91.47821126395402,
          -27.42123893473688,
          -205.10335442484637
        ],
        [
          -2.0968524905465262,
          -43.31558907432566,
          -6.750992527532484,
          -9.001598171336873,
          98.497262074575,
          -16.538734348573797,
          -540.6675191120942,
          -111.2191805335934,
          -33.33873368749426,
          -249.36459391408292
        ],
        [
          -3.16875383345518,
          -65.45831885955128,
          -10.202068837789414,
          -13.603173728836008,
          -16.538734348573797,
          224.93933308819712,
          -817.054266590116,
          -168.0739137628661,
          -50.38134091504647,
          -376.8386266824579
        ],
        [
          -103.58968453706919,
          -2139.896930268665,
          -333.51568095137026,
          -444.70115046347627,
          -540.6675191120942,
          -817.054266590116,
          240392.78011729568,
          -5494.501820174961,
          -1647.0156680657851,
          -12319.225951626875
        ],
        [
          -21.309139940321916,
          -440.19212288114176,
          -68.60656395899454,
          -91.47821126395402,
          -111.2191805335934,
          -168.0739137628661,
          -5494.501820174961,
          10172.3253469227,
          -338.80291760283774,
          -2534.152999237328
        ],
        [
          -6.387564970102972,
          -131.95069308782095,
          -20.565301363213177,
          -27.42123893473688,
          -33.33873368749426,
          -50.38134091504647,
          -1647.0156680657851,
          -338.80291760283774,
          914.0270742406552,
          -759.6302324797255
        ],
        [
          -47.77723592624151,
          -986.9550327542544,
          -153.822819763609,
          -205.10335442484637,
          -249.36459391408292,
          -376.8386266824579,
          -12319.225951626875,
          -2534.152999237328,
          -759.6302324797255,
          51136.434155086194
        ]
      ],
      "metric_tensor_properties": {
        "trace": 304589.6743393541,
        "condition_number": 257.8471883690654,
        "diagonal_sensitivities": [
          3.6157352218213057,
          1542.9409671332614,
          37.47970076422738,
          66.63464752681311,
          98.497262074575,
          224.93933308819712,
          240392.78011729568,
          10172.3253469227,
          914.0270742406552,
          51136.434155086194
        ],
        "off_diagonal_couplings": [
          {
            "i": 0,
            "j": 1,
            "coupling": -8.299089642217693
          },
          {
            "i": 0,
            "j": 2,
            "coupling": -1.2934625467934053
          },
          {
            "i": 0,
            "j": 3,
            "coupling": -1.7246693798613792
          },
          {
            "i": 0,
            "j": 4,
            "coupling": -2.0968524905465262
          },
          {
            "i": 0,
            "j": 5,
            "coupling": -3.16875383345518
          },
          {
            "i": 0,
            "j": 6,
            "coupling": -103.58968453706919
          },
          {
            "i": 0,
            "j": 7,
            "coupling": -21.309139940321916
          },
          {
            "i": 0,
            "j": 8,
            "coupling": -6.387564970102972
          },
          {
            "i": 0,
            "j": 9,
            "coupling": -47.77723592624151
          },
          {
            "i": 1,
            "j": 2,
            "coupling": -26.719615429567437
          },
          {
            "i": 1,
            "j": 3,
            "coupling": -35.62724153651664
          },
          {
            "i": 1,
            "j": 4,
            "coupling": -43.31558907432566
          },
          {
            "i": 1,
            "j": 5,
            "coupling": -65.45831885955128
          },
          {
            "i": 1,
            "j": 6,
            "coupling": -2139.896930268665
          },
          {
            "i": 1,
            "j": 7,
            "coupling": -440.19212288114176
          },
          {
            "i": 1,
            "j": 8,
            "coupling": -131.95069308782095
          },
          {
            "i": 1,
            "j": 9,
            "coupling": -986.9550327542544
          },
          {
            "i": 2,
            "j": 3,
            "coupling": -5.552717775046515
          },
          {
            "i": 2,
            "j": 4,
            "coupling": -6.750992527532484
          },
          {
            "i": 2,
            "j": 5,
            "coupling": -10.202068837789414
          },
          {
            "i": 2,
            "j": 6,
            "coupling": -333.51568095137026
          },
          {
            "i": 2,
            "j": 7,
            "coupling": -68.60656395899454
          },
          {
            "i": 2,
            "j": 8,
            "coupling": -20.565301363213177
          },
          {
            "i": 2,
            "j": 9,
            "coupling": -153.822819763609
          },
          {
            "i": 3,
            "j": 4,
            "coupling": -9.001598171336873
          },
          {
            "i": 3,
            "j": 5,
            "coupling": -13.603173728836008
          },
          {
            "i": 3,
            "j": 6,
            "coupling": -444.70115046347627
          },
          {
            "i": 3,
            "j": 7,
            "coupling": -91.47821126395402
          },
          {
            "i": 3,
            "j": 8,
            "coupling": -27.42123893473688
          },
          {
            "i": 3,
            "j": 9,
            "coupling": -205.10335442484637
          },
          {
            "i": 4,
            "j": 5,
            "coupling": -16.538734348573797
          },
          {
            "i": 4,
            "j": 6,
            "coupling": -540.6675191120942
          },
          {
            "i": 4,
            "j": 7,
            "coupling": -111.2191805335934
          },
          {
            "i": 4,
            "j": 8,
            "coupling": -33.33873368749426
          },
          {
            "i": 4,
            "j": 9,
            "coupling": -249.36459391408292
          },
          {
            "i": 5,
            "j": 6,
            "coupling": -817.054266590116
          },
          {
            "i": 5,
            "j": 7,
            "coupling": -168.0739137628661
          },
          {
            "i": 5,
            "j": 8,
            "coupling": -50.38134091504647
          },
          {
            "i": 5,
            "j": 9,
            "coupling": -376.8386266824579
          },
          {
            "i": 6,
            "j": 7,
            "coupling": -5494.501820174961
          },
          {
            "i": 6,
            "j": 8,
            "coupling": -1647.0156680657851
          },
          {
            "i": 6,
            "j": 9,
            "coupling": -12319.225951626875
          },
          {
            "i": 7,
            "j": 8,
            "coupling": -338.80291760283774
          },
          {
            "i": 7,
            "j": 9,
            "coupling": -2534.152999237328
          },
          {
            "i": 8,
            "j": 9,
            "coupling": -759.6302324797255
          }
        ],
        "asymmetry_ratio": 66485.1725498323,
        "precision_digits_available": 12
      },
      "helmsman": {
        "helmsman_index": 5,
        "helmsman_carrier": "MgO",
        "helmsman_delta_clr": -0.47476468357453383,
        "all_deltas": [
          {
            "carrier": "MgO",
            "index": 5,
            "delta_clr": -0.47476468357453383,
            "abs_delta": 0.47476468357453383
          },
          {
            "carrier": "Al2O3",
            "index": 2,
            "delta_clr": 0.34699645820293457,
            "abs_delta": 0.34699645820293457
          },
          {
            "carrier": "Na2O",
            "index": 8,
            "delta_clr": 0.3464346375738083,
            "abs_delta": 0.3464346375738083
          },
          {
            "carrier": "TiO2",
            "index": 1,
            "delta_clr": -0.3017262213138059,
            "abs_delta": 0.3017262213138059
          },
          {
            "carrier": "P2O5",
            "index": 9,
            "delta_clr": -0.29195677112029816,
            "abs_delta": 0.29195677112029816
          },
          {
            "carrier": "SiO2",
            "index": 0,
            "delta_clr": 0.2649927158963199,
            "abs_delta": 0.2649927158963199
          },
          {
            "carrier": "CaO",
            "index": 4,
            "delta_clr": -0.15344972729215112,
            "abs_delta": 0.15344972729215112
          },
          {
            "carrier": "MnO",
            "index": 6,
            "delta_clr": 0.13163765709794806,
            "abs_delta": 0.13163765709794806
          },
          {
            "carrier": "K2O",
            "index": 7,
            "delta_clr": 0.06612595447521219,
            "abs_delta": 0.06612595447521219
          },
          {
            "carrier": "FeO",
            "index": 3,
            "delta_clr": 0.06570998005455886,
            "abs_delta": 0.06570998005455886
          }
        ]
      },
      "higgins_scale": 0.32141239256707976,
      "ring": "Hs-3",
      "shannon_entropy": 1.5625057091655377,
      "metric_energy": 26.831105344937875,
      "clr_norm": 5.179875031787724,
      "ilr_norm": 5.1798750317877245
    },
    {
      "index": 2,
      "label": "Harrat Ash Shaam",
      "raw_values": [
        0.471694697,
        0.0260543987,
        0.1524612435,
        0.1178033348,
        0.0991924073,
        0.0759403604,
        0.00166966,
        0.0123224065,
        0.0361190719,
        0.0067424198
      ],
      "composition": [
        0.47169469704716943,
        0.026054398702605435,
        0.15246124351524612,
        0.11780333481178033,
        0.09919240730991923,
        0.07594036040759403,
        0.0016696600001669657,
        0.01232240650123224,
        0.0361190719036119,
        0.006742419800674241
      ],
      "clr": [
        2.4904584946660906,
        -0.4056868432550358,
        1.3610369695186681,
        1.103143126569197,
        0.9311880188011288,
        0.6640748473984837,
        -3.153253440359437,
        -1.1544541814232838,
        -0.07905241993310375,
        -1.7574545719827066
      ],
      "ilr": [
        2.0478840077458336,
        -0.26017756943213866,
        0.03936929581573734,
        0.1842966494283339,
        0.39431743310795786,
        3.8674183125414388,
        1.4795770027528479,
        0.2909657608852354,
        1.8525197772472315
      ],
      "bearing_tensor": [
        {
          "pair": "SiO2/TiO2",
          "i": 0,
          "j": 1,
          "theta_deg": -9.252015282646358
        },
        {
          "pair": "SiO2/Al2O3",
          "i": 0,
          "j": 2,
          "theta_deg": 28.656629286565618
        },
        {
          "pair": "SiO2/FeO",
          "i": 0,
          "j": 3,
          "theta_deg": 23.89084266329917
        },
        {
          "pair": "SiO2/CaO",
          "i": 0,
          "j": 4,
          "theta_deg": 20.50088292168353
        },
        {
          "pair": "SiO2/MgO",
          "i": 0,
          "j": 5,
          "theta_deg": 14.93039869773134
        },
        {
          "pair": "SiO2/MnO",
          "i": 0,
          "j": 6,
          "theta_deg": -51.69810901460582
        },
        {
          "pair": "SiO2/K2O",
          "i": 0,
          "j": 7,
          "theta_deg": -24.87012163254599
        },
        {
          "pair": "SiO2/Na2O",
          "i": 0,
          "j": 8,
