{
  "metadata": {
    "engine": "CNT Tensor Engine v1.0",
    "handbook": "CNT Mathematics Handbook v2.0",
    "generated": "2026-05-05T06:48:50.581202Z",
    "input_file": "ball_oxides_by_tas_barycenters.csv",
    "carriers": [
      "SiO2",
      "TiO2",
      "Al2O3",
      "FeO",
      "CaO",
      "MgO",
      "MnO",
      "K2O",
      "Na2O",
      "P2O5"
    ],
    "D": 10,
    "T": 15,
    "labels": [
      "Foidite",
      "Picrobasalt",
      "Basanite",
      "Basalt",
      "Trachybasalt",
      "Phonotephrite",
      "Basaltic_Trachyandesite",
      "Basaltic_Andesite",
      "Tephriphonolite",
      "Trachyandesite",
      "Andesite",
      "Phonolite",
      "Trachyte",
      "Dacite",
      "Rhyolite"
    ],
    "lineage": {
      "Aitchison_1986": "CLR transform, Aitchison distance, simplex geometry",
      "Shannon_1948": "Entropy H = -sum(x_j ln x_j)",
      "Egozcue_2003": "ILR, Helmert basis, orthonormal coordinates",
      "Higgins_2025": "Hs = 1 - H/ln(D), ring classification",
      "Higgins_2026": "CNT tensor decomposition, HCI instrument"
    }
  },
  "helmert_basis": [
    {
      "index": 0,
      "coefficients": [
        0.7071067811865475,
        -0.7071067811865475,
        0.0,
        0.0,
        0.0,
        0.0,
        0.0,
        0.0,
        0.0,
        0.0
      ]
    },
    {
      "index": 1,
      "coefficients": [
        0.4082482904638631,
        0.4082482904638631,
        -0.8164965809277261,
        0.0,
        0.0,
        0.0,
        0.0,
        0.0,
        0.0,
        0.0
      ]
    },
    {
      "index": 2,
      "coefficients": [
        0.2886751345948129,
        0.2886751345948129,
        0.2886751345948129,
        -0.8660254037844387,
        0.0,
        0.0,
        0.0,
        0.0,
        0.0,
        0.0
      ]
    },
    {
      "index": 3,
      "coefficients": [
        0.22360679774997896,
        0.22360679774997896,
        0.22360679774997896,
        0.22360679774997896,
        -0.8944271909999159,
        0.0,
        0.0,
        0.0,
        0.0,
        0.0
      ]
    },
    {
      "index": 4,
      "coefficients": [
        0.18257418583505536,
        0.18257418583505536,
        0.18257418583505536,
        0.18257418583505536,
        0.18257418583505536,
        -0.9128709291752769,
        0.0,
        0.0,
        0.0,
        0.0
      ]
    },
    {
      "index": 5,
      "coefficients": [
        0.1543033499620919,
        0.1543033499620919,
        0.1543033499620919,
        0.1543033499620919,
        0.1543033499620919,
        0.1543033499620919,
        -0.9258200997725514,
        0.0,
        0.0,
        0.0
      ]
    },
    {
      "index": 6,
      "coefficients": [
        0.1336306209562122,
        0.1336306209562122,
        0.1336306209562122,
        0.1336306209562122,
        0.1336306209562122,
        0.1336306209562122,
        0.1336306209562122,
        -0.9354143466934853,
        0.0,
        0.0
      ]
    },
    {
      "index": 7,
      "coefficients": [
        0.11785113019775793,
        0.11785113019775793,
        0.11785113019775793,
        0.11785113019775793,
        0.11785113019775793,
        0.11785113019775793,
        0.11785113019775793,
        0.11785113019775793,
        -0.9428090415820635,
        0.0
      ]
    },
    {
      "index": 8,
      "coefficients": [
        0.10540925533894598,
        0.10540925533894598,
        0.10540925533894598,
        0.10540925533894598,
        0.10540925533894598,
        0.10540925533894598,
        0.10540925533894598,
        0.10540925533894598,
        0.10540925533894598,
        -0.9486832980505138
      ]
    }
  ],
  "timesteps": [
    {
      "index": 0,
      "label": "Foidite",
      "raw_values": [
        0.4127584731,
        0.0360309118,
        0.1169504591,
        0.133821194,
        0.1321135613,
        0.1077067994,
        0.0024433858,
        0.0155165351,
        0.0318870242,
        0.0107716563
      ],
      "composition": [
        0.41275847305872415,
        0.03603091179639691,
        0.11695045908830495,
        0.13382119398661788,
        0.13211356128678864,
        0.10770679938922932,
        0.0024433857997556616,
        0.015516535098448346,
        0.0318870241968113,
        0.010771656298922834
      ],
      "clr": [
        2.192564836675143,
        -0.24592054319275203,
        0.9314526443103022,
        1.06620676142657,
        1.0533640912867317,
        0.8491149406243679,
        -2.9369130739245164,
        -1.0883915383571767,
        -0.36809861217217765,
        -1.4533795066764914
      ],
      "ilr": [
        1.7242695479288428,
        0.03418630557996938,
        -0.09252712018791931,
        -0.0601843657339548,
        0.13731278310133532,
        3.6212313170380304,
        1.4069447489931535,
        0.5617099546865403,
        1.531996515236536
      ],
      "bearing_tensor": [
        {
          "pair": "SiO2/TiO2",
          "i": 0,
          "j": 1,
          "theta_deg": -6.399612681224319
        },
        {
          "pair": "SiO2/Al2O3",
          "i": 0,
          "j": 2,
          "theta_deg": 23.016916535378293
        },
        {
          "pair": "SiO2/FeO",
          "i": 0,
          "j": 3,
          "theta_deg": 25.932861879347698
        },
        {
          "pair": "SiO2/CaO",
          "i": 0,
          "j": 4,
          "theta_deg": 25.660817412492406
        },
        {
          "pair": "SiO2/MgO",
          "i": 0,
          "j": 5,
          "theta_deg": 21.169899110399076
        },
        {
          "pair": "SiO2/MnO",
          "i": 0,
          "j": 6,
          "theta_deg": -53.25666597388587
        },
        {
          "pair": "SiO2/K2O",
          "i": 0,
          "j": 7,
          "theta_deg": -26.399851171752093
        },
        {
          "pair": "SiO2/Na2O",
          "i": 0,
          "j": 8,
          "theta_deg": -9.530224044987278
        },
        {
          "pair": "SiO2/P2O5",
          "i": 0,
          "j": 9,
          "theta_deg": -33.53909580229958
        },
        {
          "pair": "TiO2/Al2O3",
          "i": 1,
          "j": 2,
          "theta_deg": 104.78965777860199
        },
        {
          "pair": "TiO2/FeO",
          "i": 1,
          "j": 3,
          "theta_deg": 102.98812824757117
        },
        {
          "pair": "TiO2/CaO",
          "i": 1,
          "j": 4,
          "theta_deg": 103.14101639441515
        },
        {
          "pair": "TiO2/MgO",
          "i": 1,
          "j": 5,
          "theta_deg": 106.1520657526523
        },
        {
          "pair": "TiO2/MnO",
          "i": 1,
          "j": 6,
          "theta_deg": -94.7864597320188
        },
        {
          "pair": "TiO2/K2O",
          "i": 1,
          "j": 7,
          "theta_deg": -102.73210476437589
        },
        {
          "pair": "TiO2/Na2O",
          "i": 1,
          "j": 8,
          "theta_deg": -123.74622422993346
        },
        {
          "pair": "TiO2/P2O5",
          "i": 1,
          "j": 9,
          "theta_deg": -99.60382488721594
        },
        {
          "pair": "Al2O3/FeO",
          "i": 2,
          "j": 3,
          "theta_deg": 48.85909794337321
        },
        {
          "pair": "Al2O3/CaO",
          "i": 2,
          "j": 4,
          "theta_deg": 48.51480671088861
        },
        {
          "pair": "Al2O3/MgO",
          "i": 2,
          "j": 5,
          "theta_deg": 42.35239222533291
        },
        {
          "pair": "Al2O3/MnO",
          "i": 2,
          "j": 6,
          "theta_deg": -72.40338665196613
        },
        {
          "pair": "Al2O3/K2O",
          "i": 2,
          "j": 7,
          "theta_deg": -49.442870722132994
        },
        {
          "pair": "Al2O3/Na2O",
          "i": 2,
          "j": 8,
          "theta_deg": -21.563321401389473
        },
        {
          "pair": "Al2O3/P2O5",
          "i": 2,
          "j": 9,
          "theta_deg": -57.34470059053633
        },
        {
          "pair": "FeO/CaO",
          "i": 3,
          "j": 4,
          "theta_deg": 44.65284397490111
        },
        {
          "pair": "FeO/MgO",
          "i": 3,
          "j": 5,
          "theta_deg": 38.53341730601609
        },
        {
          "pair": "FeO/MnO",
          "i": 3,
          "j": 6,
          "theta_deg": -70.0472529664603
        },
        {
          "pair": "FeO/K2O",
          "i": 3,
          "j": 7,
          "theta_deg": -45.58992396454933
        },
        {
          "pair": "FeO/Na2O",
          "i": 3,
          "j": 8,
          "theta_deg": -19.046788543959224
        },
        {
          "pair": "FeO/P2O5",
          "i": 3,
          "j": 9,
          "theta_deg": -53.73603420312326
        },
        {
          "pair": "CaO/MgO",
          "i": 4,
          "j": 5,
          "theta_deg": 38.872226268188285
        },
        {
          "pair": "CaO/MnO",
          "i": 4,
          "j": 6,
          "theta_deg": -70.26893286474979
        },
        {
          "pair": "CaO/K2O",
          "i": 4,
          "j": 7,
          "theta_deg": -45.93696309401868
        },
        {
          "pair": "CaO/Na2O",
          "i": 4,
          "j": 8,
          "theta_deg": -19.261993464277094
        },
        {
          "pair": "CaO/P2O5",
          "i": 4,
          "j": 9,
          "theta_deg": -54.06657270790224
        },
        {
          "pair": "MgO/MnO",
          "i": 5,
          "j": 6,
          "theta_deg": -73.87445744583431
        },
        {
          "pair": "MgO/K2O",
          "i": 5,
          "j": 7,
          "theta_deg": -52.04022050988392
        },
        {
          "pair": "MgO/Na2O",
          "i": 5,
          "j": 8,
          "theta_deg": -23.43714578111728
        },
        {
          "pair": "MgO/P2O5",
          "i": 5,
          "j": 9,
          "theta_deg": -59.705039370211544
        },
        {
          "pair": "MnO/K2O",
          "i": 6,
          "j": 7,
          "theta_deg": -159.66578224646972
        },
        {
          "pair": "MnO/Na2O",
          "i": 6,
          "j": 8,
          "theta_deg": -172.8560738827048
        },
        {
          "pair": "MnO/P2O5",
          "i": 6,
          "j": 9,
          "theta_deg": -153.6707400281857
        },
        {
          "pair": "K2O/Na2O",
          "i": 7,
          "j": 8,
          "theta_deg": -161.31424610865182
        },
        {
          "pair": "K2O/P2O5",
          "i": 7,
          "j": 9,
          "theta_deg": -126.828419338701
        },
        {
          "pair": "Na2O/P2O5",
          "i": 8,
          "j": 9,
          "theta_deg": -104.21248741063935
        }
      ],
      "angular_velocity_deg": 0.0,
      "metric_tensor": [
        [
          5.282633913100106,
          -6.7240161880403235,
          -2.071581728515447,
          -1.810419014891267,
          -1.83381957029307,
          -2.2493699150162763,
          -99.15439232439391,
          -15.613823102366013,
          -7.597837687627592,
          -22.491660285619503
        ],
        [
          -6.7240161880403235,
          693.2533939892371,
          -23.731370327516792,
          -20.739574740868076,
          -21.007643935757006,
          -25.768054294956666,
          -1135.8806517068267,
          -178.86690791394568,
          -87.03837139105649,
          -257.6571863767327
        ],
        [
          -2.071581728515447,
          -23.731370327516792,
          65.80193237116632,
          -6.389592601930415,
          -6.472181226136509,
          -7.938801597737336,
          -349.9500206491725,
          -55.10656249305908,
          -26.815387531957107,
          -79.38082012177595
        ],
        [
          -1.810419014891267,
          -20.739574740868076,
          -6.389592601930415,
          50.25655423698828,
          -5.656238321824161,
          -6.937962992313422,
          -305.83209096890283,
          -48.15932058554268,
          -23.434792270698168,
          -69.37334124351197
        ],
        [
          -1.83381957029307,
          -21.007643935757006,
          -6.472181226136509,
          -5.656238321824161,
          51.56413183432661,
          -7.027639573282738,
          -309.78512102962435,
          -48.78180346945276,
          -23.73769847658175,
          -70.27002576893078
        ],
        [
          -2.2493699150162763,
          -25.768054294956666,
          -7.938801597737336,
          -6.937962992313422,
          -7.027639573282738,
          77.5811598764558,
          -379.98358325533155,
          -59.8359418243571,
          -29.11674936287077,
          -86.19347533017694
        ],
        [
          -99.15439232439391,
          -1135.8806517068267,
          -349.9500206491725,
          -305.83209096890283,
          -309.78512102962435,
          -379.98358325533155,
          150750.38096430647,
          -2637.625946334836,
          -1283.4943555810137,
          -3799.491409410751
        ],
        [
          -15.613823102366013,
          -178.86690791394568,
          -55.10656249305908,
          -48.15932058554268,
          -48.78180346945276,
          -59.8359418243571,
          -2637.625946334836,
          3738.1180574827495,
          -202.11160949243109,
          -598.3051819975077
        ],
        [
          -7.597837687627592,
          -87.03837139105649,
          -26.815387531957107,
          -23.434792270698168,
          -23.73769847658175,
          -29.11674936287077,
          -1283.4943555810137,
          -202.11160949243109,
          885.1452166947956,
          -291.1411017455876
        ],
        [
          -22.491660285619503,
          -257.6571863767327,
          -79.38082012177595,
          -69.37334124351197,
          -70.27002576893078,
          -86.19347533017694,
          -3799.491409410751,
          -598.3051819975077,
          -291.1411017455876,
          7756.709635526149
        ]
      ],
      "metric_tensor_properties": {
        "trace": 164074.09368023145,
        "condition_number": 168.92889903018997,
        "diagonal_sensitivities": [
          5.282633913100106,
          693.2533939892371,
          65.80193237116632,
          50.25655423698828,
          51.56413183432661,
          77.5811598764558,
          150750.38096430647,
          3738.1180574827495,
          885.1452166947956,
          7756.709635526149
        ],
        "off_diagonal_couplings": [
          {
            "i": 0,
            "j": 1,
            "coupling": -6.7240161880403235
          },
          {
            "i": 0,
            "j": 2,
            "coupling": -2.071581728515447
          },
          {
            "i": 0,
            "j": 3,
            "coupling": -1.810419014891267
          },
          {
            "i": 0,
            "j": 4,
            "coupling": -1.83381957029307
          },
          {
            "i": 0,
            "j": 5,
            "coupling": -2.2493699150162763
          },
          {
            "i": 0,
            "j": 6,
            "coupling": -99.15439232439391
          },
          {
            "i": 0,
            "j": 7,
            "coupling": -15.613823102366013
          },
          {
            "i": 0,
            "j": 8,
            "coupling": -7.597837687627592
          },
          {
            "i": 0,
            "j": 9,
            "coupling": -22.491660285619503
          },
          {
            "i": 1,
            "j": 2,
            "coupling": -23.731370327516792
          },
          {
            "i": 1,
            "j": 3,
            "coupling": -20.739574740868076
          },
          {
            "i": 1,
            "j": 4,
            "coupling": -21.007643935757006
          },
          {
            "i": 1,
            "j": 5,
            "coupling": -25.768054294956666
          },
          {
            "i": 1,
            "j": 6,
            "coupling": -1135.8806517068267
          },
          {
            "i": 1,
            "j": 7,
            "coupling": -178.86690791394568
          },
          {
            "i": 1,
            "j": 8,
            "coupling": -87.03837139105649
          },
          {
            "i": 1,
            "j": 9,
            "coupling": -257.6571863767327
          },
          {
            "i": 2,
            "j": 3,
            "coupling": -6.389592601930415
          },
          {
            "i": 2,
            "j": 4,
            "coupling": -6.472181226136509
          },
          {
            "i": 2,
            "j": 5,
            "coupling": -7.938801597737336
          },
          {
            "i": 2,
            "j": 6,
            "coupling": -349.9500206491725
          },
          {
            "i": 2,
            "j": 7,
            "coupling": -55.10656249305908
          },
          {
            "i": 2,
            "j": 8,
            "coupling": -26.815387531957107
          },
          {
            "i": 2,
            "j": 9,
            "coupling": -79.38082012177595
          },
          {
            "i": 3,
            "j": 4,
            "coupling": -5.656238321824161
          },
          {
            "i": 3,
            "j": 5,
            "coupling": -6.937962992313422
          },
          {
            "i": 3,
            "j": 6,
            "coupling": -305.83209096890283
          },
          {
            "i": 3,
            "j": 7,
            "coupling": -48.15932058554268
          },
          {
            "i": 3,
            "j": 8,
            "coupling": -23.434792270698168
          },
          {
            "i": 3,
            "j": 9,
            "coupling": -69.37334124351197
          },
          {
            "i": 4,
            "j": 5,
            "coupling": -7.027639573282738
          },
          {
            "i": 4,
            "j": 6,
            "coupling": -309.78512102962435
          },
          {
            "i": 4,
            "j": 7,
            "coupling": -48.78180346945276
          },
          {
            "i": 4,
            "j": 8,
            "coupling": -23.73769847658175
          },
          {
            "i": 4,
            "j": 9,
            "coupling": -70.27002576893078
          },
          {
            "i": 5,
            "j": 6,
            "coupling": -379.98358325533155
          },
          {
            "i": 5,
            "j": 7,
            "coupling": -59.8359418243571
          },
          {
            "i": 5,
            "j": 8,
            "coupling": -29.11674936287077
          },
          {
            "i": 5,
            "j": 9,
            "coupling": -86.19347533017694
          },
          {
            "i": 6,
            "j": 7,
            "coupling": -2637.625946334836
          },
          {
            "i": 6,
            "j": 8,
            "coupling": -1283.4943555810137
          },
          {
            "i": 6,
            "j": 9,
            "coupling": -3799.491409410751
          },
          {
            "i": 7,
            "j": 8,
            "coupling": -202.11160949243109
          },
          {
            "i": 7,
            "j": 9,
            "coupling": -598.3051819975077
          },
          {
            "i": 8,
            "j": 9,
            "coupling": -291.1411017455876
          }
        ],
        "asymmetry_ratio": 28536.972927552124,
        "precision_digits_available": 12
      },
      "helmsman": {
        "helmsman_index": null,
        "helmsman_carrier": null,
        "helmsman_delta_clr": 0.0,
        "all_deltas": []
      },
      "higgins_scale": 0.23974949795577694,
      "ring": "Hs-2",
      "shannon_entropy": 1.7505414729482676,
      "metric_energy": 20.760653577763286,
      "clr_norm": 4.556386021592473,
      "ilr_norm": 4.556386021592473
    },
    {
      "index": 1,
      "label": "Picrobasalt",
      "raw_values": [
        0.4541339342,
        0.0243976965,
        0.1076779345,
        0.1332173671,
        0.1043389112,
        0.1498240078,
        0.0019205709,
        0.0051851918,
        0.0157855579,
        0.0035188279
      ],
      "composition": [
        0.4541339342908268,
        0.02439769650487954,
        0.10767793452153561,
        0.1332173671266435,
        0.10433891122086779,
        0.1498240078299648,
        0.0019205709003841144,
        0.005185191801037039,
        0.015785557903157114,
        0.003518827900703766
      ],
      "clr": [
        2.6327155514314926,
        -0.291187890249335,
        1.193468071523093,
        1.406305520886431,
        1.1619677500695493,
        1.523784711575245,
        -2.833054126762486,
        -1.8398697800358366,
        -0.7265811472881931,
        -2.227548661149958
      ],
      "ilr": [
        2.067511951147198,
        -0.018537935093548952,
        -0.19743093763917918,
        0.06561299930639342,
        -0.27671939624299635,
        3.7997783929020903,
        2.3616657301649138,
        1.0331748117817,
        2.3480424560308317
      ],
      "bearing_tensor": [
        {
          "pair": "SiO2/TiO2",
          "i": 0,
          "j": 1,
          "theta_deg": -6.311468074695897
        },
        {
          "pair": "SiO2/Al2O3",
          "i": 0,
          "j": 2,
          "theta_deg": 24.385835918427187
        },
        {
          "pair": "SiO2/FeO",
          "i": 0,
          "j": 3,
          "theta_deg": 28.109589888112115
        },
        {
          "pair": "SiO2/CaO",
          "i": 0,
          "j": 4,
          "theta_deg": 23.81460697453351
        },
        {
          "pair": "SiO2/MgO",
          "i": 0,
          "j": 5,
          "theta_deg": 30.061752319804505
        },
        {
          "pair": "SiO2/MnO",
          "i": 0,
          "j": 6,
          "theta_deg": -47.09914052509527
        },
        {
          "pair": "SiO2/K2O",
          "i": 0,
          "j": 7,
          "theta_deg": -34.94772379907906
        },
        {
          "pair": "SiO2/Na2O",
          "i": 0,
          "j": 8,
          "theta_deg": -15.428527387733686
        },
        {
          "pair": "SiO2/P2O5",
          "i": 0,
          "j": 9,
          "theta_deg": -40.23466224492425
        },
        {
          "pair": "TiO2/Al2O3",
          "i": 1,
          "j": 2,
          "theta_deg": 103.71140680862776
        },
        {
          "pair": "TiO2/FeO",
          "i": 1,
          "j": 3,
          "theta_deg": 101.6982817391341
        },
        {
          "pair": "TiO2/CaO",
          "i": 1,
          "j": 4,
          "theta_deg": 104.06853719103648
        },
        {
          "pair": "TiO2/MgO",
          "i": 1,
          "j": 5,
          "theta_deg": 100.8185169251814
        },
        {
          "pair": "TiO2/MnO",
          "i": 1,
          "j": 6,
          "theta_deg": -95.86838638358127
        },
        {
          "pair": "TiO2/K2O",
          "i": 1,
          "j": 7,
          "theta_deg": -98.99335124829464
        },
        {
          "pair": "TiO2/Na2O",
          "i": 1,
          "j": 8,
          "theta_deg": -111.83915769666527
        },
        {
          "pair": "TiO2/P2O5",
          "i": 1,
          "j": 9,
          "theta_deg": -97.4475447819064
        },
        {
          "pair": "Al2O3/FeO",
          "i": 2,
          "j": 3,
          "theta_deg": 49.680235394050584
        },
        {
          "pair": "Al2O3/CaO",
          "i": 2,
          "j": 4,
          "theta_deg": 44.233802988942884
        },
        {
          "pair": "Al2O3/MgO",
          "i": 2,
          "j": 5,
          "theta_deg": 51.93102327232888
        },
        {
          "pair": "Al2O3/MnO",
          "i": 2,
          "j": 6,
          "theta_deg": -67.15598493253441
        },
        {
          "pair": "Al2O3/K2O",
          "i": 2,
          "j": 7,
          "theta_deg": -57.02974071820834
        },
        {
          "pair": "Al2O3/Na2O",
          "i": 2,
          "j": 8,
          "theta_deg": -31.3329774774015
        },
        {
          "pair": "Al2O3/P2O5",
          "i": 2,
          "j": 9,
          "theta_deg": -61.818643302609196
        },
        {
          "pair": "FeO/CaO",
          "i": 3,
          "j": 4,
          "theta_deg": 39.565409247016696
        },
        {
          "pair": "FeO/MgO",
          "i": 3,
          "j": 5,
          "theta_deg": 47.29599020740686
        },
        {
          "pair": "FeO/MnO",
          "i": 3,
          "j": 6,
          "theta_deg": -63.60056402380663
        },
        {
          "pair": "FeO/K2O",
          "i": 3,
          "j": 7,
          "theta_deg": -52.60749138004988
        },
        {
          "pair": "FeO/Na2O",
          "i": 3,
          "j": 8,
          "theta_deg": -27.32356848493751
        },
        {
          "pair": "FeO/P2O5",
          "i": 3,
          "j": 9,
          "theta_deg": -57.734788165204876
        },
        {
          "pair": "CaO/MgO",
          "i": 4,
          "j": 5,
          "theta_deg": 52.672532059570436
        },
        {
          "pair": "CaO/MnO",
          "i": 4,
          "j": 6,
          "theta_deg": -67.69917639817169
        },
        {
          "pair": "CaO/K2O",
          "i": 4,
          "j": 7,
          "theta_deg": -57.72558606208418
        },
        {
          "pair": "CaO/Na2O",
          "i": 4,
          "j": 8,
          "theta_deg": -32.01783815784675
        },
        {
          "pair": "CaO/P2O5",
          "i": 4,
          "j": 9,
          "theta_deg": -62.451870105858575
        },
        {
          "pair": "MgO/MnO",
          "i": 5,
          "j": 6,
          "theta_deg": -61.72599763720159
        },
        {
          "pair": "MgO/K2O",
          "i": 5,
          "j": 7,
          "theta_deg": -50.368361503990315
        },
        {
          "pair": "MgO/Na2O",
          "i": 5,
          "j": 8,
          "theta_deg": -25.493049891914975
        },
        {
          "pair": "MgO/P2O5",
          "i": 5,
          "j": 9,
          "theta_deg": -55.62539390265569
        },
        {
          "pair": "MnO/K2O",
          "i": 6,
          "j": 7,
          "theta_deg": -146.99910500153933
        },
        {
          "pair": "MnO/Na2O",
          "i": 6,
          "j": 8,
          "theta_deg": -165.61562592101666
        },
        {
          "pair": "MnO/P2O5",
          "i": 6,
          "j": 9,
          "theta_deg": -141.82305220990062
        },
        {
          "pair": "K2O/Na2O",
          "i": 7,
          "j": 8,
          "theta_deg": -158.4504900981113
        },
        {
          "pair": "K2O/P2O5",
          "i": 7,
          "j": 9,
          "theta_deg": -129.5554005098488
        },
        {
          "pair": "Na2O/P2O5",
          "i": 8,
          "j": 9,
          "theta_deg": -108.06527473306073
        }
      ],
      "angular_velocity_deg": 12.111005699910816,
      "metric_tensor": [
        [
          4.363898085922841,
          -9.025415831586075,
          -2.044981242144203,
          -1.6529328047749123,
          -2.110424133363318,
          -1.4697201034648346,
          -114.65307333633565,
          -42.46696452874359,
          -13.949418680053883,
          -62.57747252865994
        ],
        [
          -9.025415831586075,
          1511.9758701196379,
          -38.064879479919334,
          -30.767366812710026,
          -39.283020612823385,
          -27.35708154904363,
          -2134.129804522785,
          -790.4717428946694,
          -259.65174150665587,
          -1164.8047917856823
        ],
        [
          -2.044981242144203,
          -38.064879479919334,
          77.62275930117649,
          -6.971278573333623,
          -8.900757791884548,
          -6.198575184958774,
          -483.5517276972955,
          -179.10530847868532,
          -58.831964175314305,
          -263.9217953399056
        ],
        [
          -1.6529328047749123,
          -30.767366812710026,
          -6.971278573333623,
          50.71317685880043,
          -7.194371389996559,
          -5.010230927761042,
          -390.84882396201647,
          -144.7685845682066,
          -47.55314207809351,
          -213.32469189546651
        ],
        [
          -2.110424133363318,
          -39.283020612823385,
          -8.900757791884548,
          -7.194371389996559,
          82.67037514029744,
          -6.396940173929248,
          -499.02620856897755,
          -184.8369841429798,
          -60.71468747486644,
          -272.36774339401734
        ],
        [
          -1.4697201034648346,
          -27.35708154904363,
          -6.198575184958774,
          -5.010230927761042,
          -6.396940173929248,
          40.09402794011927,
          -347.5267550702327,
          -128.72229196214423,
          -42.28230493895412,
          -189.67957278027617
        ],
        [
          -114.65307333633565,
          -2134.129804522785,
          -483.5517276972955,
          -390.84882396201647,
          -499.02620856897755,
          -347.5267550702327,
          243995.5022546478,
          -10041.644218898753,
          -3298.448594100765,
          -14796.930325109457
        ],
        [
          -42.46696452874359,
          -790.4717428946694,
          -179.10530847868532,
          -144.7685845682066,
          -184.8369841429798,
          -128.72229196214423,
          -10041.644218898753,
          33474.404374922364,
          -1221.7300013812103,
          -5480.714096580335
        ],
        [
          -13.949418680053883,
          -259.65174150665587,
          -58.831964175314305,
          -47.55314207809351,
          -60.71468747486644,
          -42.28230493895412,
          -3298.448594100765,
          -1221.7300013812103,
          3611.7912224554675,
          -1800.2882110193116
        ],
        [
          -62.57747252865994,
          -1164.8047917856823,
          -263.9217953399056,
          -213.32469189546651,
          -272.36774339401734,
          -189.67957278027617,
          -14796.930325109457,
          -5480.714096580335,
          -1800.2882110193116,
          72685.27799429886
        ]
      ],
      "metric_tensor_properties": {
        "trace": 355534.4159537704,
        "condition_number": 236.457781485703,
        "diagonal_sensitivities": [
          4.363898085922841,
          1511.9758701196379,
          77.62275930117649,
          50.71317685880043,
          82.67037514029744,
          40.09402794011927,
          243995.5022546478,
          33474.404374922364,
          3611.7912224554675,
          72685.27799429886
        ],
        "off_diagonal_couplings": [
          {
            "i": 0,
            "j": 1,
            "coupling": -9.025415831586075
          },
          {
            "i": 0,
            "j": 2,
            "coupling": -2.044981242144203
          },
          {
            "i": 0,
            "j": 3,
            "coupling": -1.6529328047749123
          },
          {
            "i": 0,
            "j": 4,
            "coupling": -2.110424133363318
          },
          {
            "i": 0,
            "j": 5,
            "coupling": -1.4697201034648346
          },
          {
            "i": 0,
            "j": 6,
            "coupling": -114.65307333633565
          },
          {
            "i": 0,
            "j": 7,
            "coupling": -42.46696452874359
          },
          {
            "i": 0,
            "j": 8,
            "coupling": -13.949418680053883
          },
          {
            "i": 0,
            "j": 9,
            "coupling": -62.57747252865994
          },
          {
            "i": 1,
            "j": 2,
            "coupling": -38.064879479919334
          },
          {
            "i": 1,
            "j": 3,
            "coupling": -30.767366812710026
          },
          {
            "i": 1,
            "j": 4,
            "coupling": -39.283020612823385
          },
          {
            "i": 1,
            "j": 5,
            "coupling": -27.35708154904363
          },
          {
            "i": 1,
            "j": 6,
            "coupling": -2134.129804522785
          },
          {
            "i": 1,
            "j": 7,
            "coupling": -790.4717428946694
          },
          {
            "i": 1,
            "j": 8,
            "coupling": -259.65174150665587
          },
          {
            "i": 1,
            "j": 9,
            "coupling": -1164.8047917856823
          },
          {
            "i": 2,
            "j": 3,
            "coupling": -6.971278573333623
          },
          {
            "i": 2,
            "j": 4,
            "coupling": -8.900757791884548
          },
          {
            "i": 2,
            "j": 5,
            "coupling": -6.198575184958774
          },
          {
            "i": 2,
            "j": 6,
            "coupling": -483.5517276972955
          },
          {
            "i": 2,
            "j": 7,
            "coupling": -179.10530847868532
          },
          {
            "i": 2,
            "j": 8,
            "coupling": -58.831964175314305
          },
          {
            "i": 2,
            "j": 9,
            "coupling": -263.9217953399056
          },
          {
            "i": 3,
            "j": 4,
            "coupling": -7.194371389996559
          },
          {
            "i": 3,
            "j": 5,
            "coupling": -5.010230927761042
          },
          {
            "i": 3,
            "j": 6,
            "coupling": -390.84882396201647
          },
          {
            "i": 3,
            "j": 7,
            "coupling": -144.7685845682066
          },
          {
            "i": 3,
            "j": 8,
            "coupling": -47.55314207809351
          },
          {
            "i": 3,
            "j": 9,
            "coupling": -213.32469189546651
          },
          {
            "i": 4,
            "j": 5,
            "coupling": -6.396940173929248
          },
          {
            "i": 4,
            "j": 6,
            "coupling": -499.02620856897755
          },
          {
            "i": 4,
            "j": 7,
            "coupling": -184.8369841429798
          },
          {
            "i": 4,
            "j": 8,
            "coupling": -60.71468747486644
          },
          {
            "i": 4,
            "j": 9,
            "coupling": -272.36774339401734
          },
          {
            "i": 5,
            "j": 6,
            "coupling": -347.5267550702327
          },
          {
            "i": 5,
            "j": 7,
            "coupling": -128.72229196214423
          },
          {
            "i": 5,
            "j": 8,
            "coupling": -42.28230493895412
          },
          {
            "i": 5,
            "j": 9,
            "coupling": -189.67957278027617
          },
          {
            "i": 6,
            "j": 7,
            "coupling": -10041.644218898753
          },
          {
            "i": 6,
            "j": 8,
            "coupling": -3298.448594100765
          },
          {
            "i": 6,
            "j": 9,
            "coupling": -14796.930325109457
          },
          {
            "i": 7,
            "j": 8,
            "coupling": -1221.7300013812103
          },
          {
            "i": 7,
            "j": 9,
            "coupling": -5480.714096580335
          },
          {
            "i": 8,
            "j": 9,
            "coupling": -1800.2882110193116
          }
        ],
        "asymmetry_ratio": 55912.282425140475,
        "precision_digits_available": 12
      },
      "helmsman": {
        "helmsman_index": 9,
        "helmsman_carrier": "P2O5",
        "helmsman_delta_clr": -0.7741691544734666,
        "all_deltas": [
          {
            "carrier": "P2O5",
            "index": 9,
            "delta_clr": -0.7741691544734666,
            "abs_delta": 0.7741691544734666
          },
          {
            "carrier": "K2O",
            "index": 7,
            "delta_clr": -0.7514782416786598,
            "abs_delta": 0.7514782416786598
          },
          {
            "carrier": "MgO",
            "index": 5,
            "delta_clr": 0.6746697709508771,
            "abs_delta": 0.6746697709508771
          },
          {
            "carrier": "SiO2",
            "index": 0,
            "delta_clr": 0.4401507147563497,
            "abs_delta": 0.4401507147563497
          },
          {
            "carrier": "Na2O",
            "index": 8,
            "delta_clr": -0.35848253511601547,
            "abs_delta": 0.35848253511601547
          },
          {
            "carrier": "FeO",
            "index": 3,
            "delta_clr": 0.340098759459861,
            "abs_delta": 0.340098759459861
          },
          {
            "carrier": "Al2O3",
            "index": 2,
            "delta_clr": 0.2620154272127908,
            "abs_delta": 0.2620154272127908
          },
          {
            "carrier": "CaO",
            "index": 4,
            "delta_clr": 0.10860365878281764,
            "abs_delta": 0.10860365878281764
          },
          {
            "carrier": "MnO",
            "index": 6,
            "delta_clr": 0.10385894716203037,
            "abs_delta": 0.10385894716203037
          },
          {
            "carrier": "TiO2",
            "index": 1,
            "delta_clr": -0.045267347056582974,
            "abs_delta": 0.045267347056582974
          }
        ]
      },
      "higgins_scale": 0.3040543675026125,
      "ring": "Hs-3",
      "shannon_entropy": 1.6024740389227972,
      "metric_energy": 30.9913414114706,
      "clr_norm": 5.566986744323234,
      "ilr_norm": 5.566986744323234
    },
    {
      "index": 2,
      "label": "Basanite",
      "raw_values": [
        0.4610564125,
        0.0305361138,
        0.1387964684,
        0.1244346933,
        0.0860375527,
        0.0973627172,
        0.0025138534,
        0.0170758371,
        0.0338722367,
        0.0083141149
      ],
      "composition": [
        0.4610564125,
        0.0305361138,
        0.1387964684,
        0.1244346933,
        0.0860375527,
        0.0973627172,
        0.0025138534,
        0.0170758371,
        0.0338722367,
        0.0083141149
      ],
      "clr": [
        2.3592725170885624,
        -0.35533784608492347,
        1.1587607156753073,
        1.0495331382024409,
        0.6805359719782405,
        0.804195468812277,
        -2.8524310932466124,
        -0.9365834591243001,
        -0.2516521858288261,
        -1.656293227472169
      ],
      "ilr": [
        1.9195193960792483,
        -0.12802125882375393,
        0.004069156635020721,
        0.3331930540489496,
        0.15916582964359993,
        3.5198980466470053,
        1.2562097640907477,
        0.4621134794464571,
        1.7458863573078074
      ],
      "bearing_tensor": [
        {
          "pair": "SiO2/TiO2",
          "i": 0,
          "j": 1,
          "theta_deg": -8.565129408585882
        },
        {
          "pair": "SiO2/Al2O3",
          "i": 0,
          "j": 2,
          "theta_deg": 26.158041423490896
        },
        {
          "pair": "SiO2/FeO",
          "i": 0,
          "j": 3,
          "theta_deg": 23.98210795145305
        },
        {
          "pair": "SiO2/CaO",
          "i": 0,
          "j": 4,
          "theta_deg": 16.09029154575514
        },
        {
          "pair": "SiO2/MgO",
          "i": 0,
          "j": 5,
          "theta_deg": 18.822491225777444
        },
        {
          "pair": "SiO2/MnO",
          "i": 0,
          "j": 6,
          "theta_deg": -50.40553023218658
        },
        {
          "pair": "SiO2/K2O",
          "i": 0,
          "j": 7,
          "theta_deg": -21.652076297525454
        },
        {
          "pair": "SiO2/Na2O",
