{
  "metadata": {
    "engine": "CNT Tensor Engine v1.0",
    "handbook": "CNT Mathematics Handbook v2.0",
    "generated": "2026-05-05T06:58:14.201132Z",
    "input_file": "qin_cpx_by_location_barycenters.csv",
    "carriers": [
      "SiO2",
      "TiO2",
      "Al2O3",
      "Cr2O3",
      "FeO",
      "CaO",
      "MgO",
      "MnO",
      "Na2O"
    ],
    "D": 9,
    "T": 30,
    "labels": [
      "FUERTEVENTURA",
      "MEGATA_-_ICHINOMEGATA_MAAR",
      "UDACHNAYA_KIMBERLITE",
      "NOGRAD-G\u8af1\u8af6_VOLCANIC_FIELD",
      "BUSHVELD_UPPER_ZONE_-_UG2_LAYE",
      "PITON_DE_LA_FOURNAISE",
      "ELEKCITEPE_STAGE",
      "DALNAYA_KIMBERLITE_PIPE",
      "DARBY_KIMBERLITE",
      "AZROU-TIMHADITE_VOLCANIC_FIELD",
      "SOUTHERN_ALPS",
      "HANNUOBA_BASALT",
      "MAIN_(HIGH)_PLATEAU_-_MALAITA",
      "HAOTI_CINDER_CONE",
      "NUSHAN",
      "ARGENTINA",
      "QINGSHAN_FORMATION",
      "MAKO_ASSOCIATION",
      "ZHEJIANG_PROVINCE",
      "BULTFONTEIN_KIMBERLITE",
      "HONOLULU_SERIES",
      "SAILIPU",
      "LORABOUE_ASSOCIATION",
      "MARSABIT",
      "KEVITSA_INTRUSION",
      "LA_PALMA",
      "OBNAZHENNAYA_KIMBERLITE_PIPE",
      "JAGERSFONTEIN_KIMBERLITE",
      "MOUNT_MELBOURNE",
      "MAIN_ETHIOPIAN_RIFT"
    ],
    "lineage": {
      "Aitchison_1986": "CLR transform, Aitchison distance, simplex geometry",
      "Shannon_1948": "Entropy H = -sum(x_j ln x_j)",
      "Egozcue_2003": "ILR, Helmert basis, orthonormal coordinates",
      "Higgins_2025": "Hs = 1 - H/ln(D), ring classification",
      "Higgins_2026": "CNT tensor decomposition, HCI instrument"
    }
  },
  "helmert_basis": [
    {
      "index": 0,
      "coefficients": [
        0.7071067811865475,
        -0.7071067811865475,
        0.0,
        0.0,
        0.0,
        0.0,
        0.0,
        0.0,
        0.0
      ]
    },
    {
      "index": 1,
      "coefficients": [
        0.4082482904638631,
        0.4082482904638631,
        -0.8164965809277261,
        0.0,
        0.0,
        0.0,
        0.0,
        0.0,
        0.0
      ]
    },
    {
      "index": 2,
      "coefficients": [
        0.2886751345948129,
        0.2886751345948129,
        0.2886751345948129,
        -0.8660254037844387,
        0.0,
        0.0,
        0.0,
        0.0,
        0.0
      ]
    },
    {
      "index": 3,
      "coefficients": [
        0.22360679774997896,
        0.22360679774997896,
        0.22360679774997896,
        0.22360679774997896,
        -0.8944271909999159,
        0.0,
        0.0,
        0.0,
        0.0
      ]
    },
    {
      "index": 4,
      "coefficients": [
        0.18257418583505536,
        0.18257418583505536,
        0.18257418583505536,
        0.18257418583505536,
        0.18257418583505536,
        -0.9128709291752769,
        0.0,
        0.0,
        0.0
      ]
    },
    {
      "index": 5,
      "coefficients": [
        0.1543033499620919,
        0.1543033499620919,
        0.1543033499620919,
        0.1543033499620919,
        0.1543033499620919,
        0.1543033499620919,
        -0.9258200997725514,
        0.0,
        0.0
      ]
    },
    {
      "index": 6,
      "coefficients": [
        0.1336306209562122,
        0.1336306209562122,
        0.1336306209562122,
        0.1336306209562122,
        0.1336306209562122,
        0.1336306209562122,
        0.1336306209562122,
        -0.9354143466934853,
        0.0
      ]
    },
    {
      "index": 7,
      "coefficients": [
        0.11785113019775793,
        0.11785113019775793,
        0.11785113019775793,
        0.11785113019775793,
        0.11785113019775793,
        0.11785113019775793,
        0.11785113019775793,
        0.11785113019775793,
        -0.9428090415820635
      ]
    }
  ],
  "timesteps": [
    {
      "index": 0,
      "label": "FUERTEVENTURA",
      "raw_values": [
        0.5055074589,
        0.0151320102,
        0.0364488432,
        0.0015368144,
        0.0627527283,
        0.2252152099,
        0.1481900813,
        0.0011469077,
        0.004069946
      ],
      "composition": [
        0.5055074589505508,
        0.015132010201513202,
        0.03644884320364488,
        0.0015368144001536815,
        0.06275272830627528,
        0.2252152099225215,
        0.148190081314819,
        0.0011469077001146908,
        0.004069946000406994
      ],
      "clr": [
        2.996290575341153,
        -0.5124598376613707,
        0.3666375028254092,
        -2.7995605159520864,
        0.9099298374510498,
        2.187784215005145,
        1.7692235643218253,
        -3.092202854384215,
        -1.8256424869469083
      ],
      "ilr": [
        2.481061210525184,
        0.7146613849625408,
        3.2473498292324527,
        -0.8024826752502949,
        -1.8217404735841025,
        -1.1521398488842516,
        3.5496656396062343,
        1.9363862738136484
      ],
      "bearing_tensor": [
        {
          "pair": "SiO2/TiO2",
          "i": 0,
          "j": 1,
          "theta_deg": -9.705471728108717
        },
        {
          "pair": "SiO2/Al2O3",
          "i": 0,
          "j": 2,
          "theta_deg": 6.97624906130675
        },
        {
          "pair": "SiO2/Cr2O3",
          "i": 0,
          "j": 3,
          "theta_deg": -43.05594105103312
        },
        {
          "pair": "SiO2/FeO",
          "i": 0,
          "j": 4,
          "theta_deg": 16.892772384284527
        },
        {
          "pair": "SiO2/CaO",
          "i": 0,
          "j": 5,
          "theta_deg": 36.135582326780565
        },
        {
          "pair": "SiO2/MgO",
          "i": 0,
          "j": 6,
          "theta_deg": 30.560631121683134
        },
        {
          "pair": "SiO2/MnO",
          "i": 0,
          "j": 7,
          "theta_deg": -45.90250804242818
        },
        {
          "pair": "SiO2/Na2O",
          "i": 0,
          "j": 8,
          "theta_deg": -31.35398835613293
        },
        {
          "pair": "TiO2/Al2O3",
          "i": 1,
          "j": 2,
          "theta_deg": 144.4183142022657
        },
        {
          "pair": "TiO2/Cr2O3",
          "i": 1,
          "j": 3,
          "theta_deg": -100.37315676343093
        },
        {
          "pair": "TiO2/FeO",
          "i": 1,
          "j": 4,
          "theta_deg": 119.38760693118846
        },
        {
          "pair": "TiO2/CaO",
          "i": 1,
          "j": 5,
          "theta_deg": 103.18311107531818
        },
        {
          "pair": "TiO2/MgO",
          "i": 1,
          "j": 6,
          "theta_deg": 106.15378588236747
        },
        {
          "pair": "TiO2/MnO",
          "i": 1,
          "j": 7,
          "theta_deg": -99.4099003889739
        },
        {
          "pair": "TiO2/Na2O",
          "i": 1,
          "j": 8,
          "theta_deg": -105.67948888349875
        },
        {
          "pair": "Al2O3/Cr2O3",
          "i": 2,
          "j": 3,
          "theta_deg": -82.53886268837753
        },
        {
          "pair": "Al2O3/FeO",
          "i": 2,
          "j": 4,
          "theta_deg": 68.05404418103431
        },
        {
          "pair": "Al2O3/CaO",
          "i": 2,
          "j": 5,
          "theta_deg": 80.48654984236191
        },
        {
          "pair": "Al2O3/MgO",
          "i": 2,
          "j": 6,
          "theta_deg": 78.29227062925445
        },
        {
          "pair": "Al2O3/MnO",
          "i": 2,
          "j": 7,
          "theta_deg": -83.23810124943331
        },
        {
          "pair": "Al2O3/Na2O",
          "i": 2,
          "j": 8,
          "theta_deg": -78.644537778213
        },
        {
          "pair": "Cr2O3/FeO",
          "i": 3,
          "j": 4,
          "theta_deg": 161.99449322965904
        },
        {
          "pair": "Cr2O3/CaO",
          "i": 3,
          "j": 5,
          "theta_deg": 141.99329272766823
        },
        {
          "pair": "Cr2O3/MgO",
          "i": 3,
          "j": 6,
          "theta_deg": 147.70855670375676
        },
        {
          "pair": "Cr2O3/MnO",
          "i": 3,
          "j": 7,
          "theta_deg": -132.15647055823243
        },
        {
          "pair": "Cr2O3/Na2O",
          "i": 3,
          "j": 8,
          "theta_deg": -146.89092462266157
        },
        {
          "pair": "FeO/CaO",
          "i": 4,
          "j": 5,
          "theta_deg": 67.4168956144239
        },
        {
          "pair": "FeO/MgO",
          "i": 4,
          "j": 6,
          "theta_deg": 62.78277609769299
        },
        {
          "pair": "FeO/MnO",
          "i": 4,
          "j": 7,
          "theta_deg": -73.60264232221
        },
        {
          "pair": "FeO/Na2O",
          "i": 4,
          "j": 8,
          "theta_deg": -63.50758967849777
        },
        {
          "pair": "CaO/MgO",
          "i": 5,
          "j": 6,
          "theta_deg": 38.96187383999528
        },
        {
          "pair": "CaO/MnO",
          "i": 5,
          "j": 7,
          "theta_deg": -54.71996725709971
        },
        {
          "pair": "CaO/Na2O",
          "i": 5,
          "j": 8,
          "theta_deg": -39.844018606087594
        },
        {
          "pair": "MgO/MnO",
          "i": 6,
          "j": 7,
          "theta_deg": -60.22369328103033
        },
        {
          "pair": "MgO/Na2O",
          "i": 6,
          "j": 8,
          "theta_deg": -45.89914359491197
        },
        {
          "pair": "MnO/Na2O",
          "i": 7,
          "j": 8,
          "theta_deg": -149.4423163094188
        }
      ],
      "angular_velocity_deg": 0.0,
      "metric_tensor": [
        [
          3.4785026716412903,
          -14.525573792554093,
          -6.030400734083689,
          -143.02386208105625,
          -3.5026545736622774,
          -0.9759604197575168,
          -1.4832378041875145,
          -191.64674785057352,
          -54.005908380548846
        ],
        [
          -14.525573792554093,
          3881.9883412124354,
          -201.4545662436403,
          -4777.926271993844,
          -117.01142079169898,
          -32.60341919268596,
          -49.54977979986071,
          -6402.2465774172215,
          -1804.148236103982
        ],
        [
          -6.030400734083689,
          -201.4545662436403,
          669.082974075916,
          -1983.5918711038498,
          -48.57816757642616,
          -13.535553627079167,
          -20.57096213520561,
          -2657.940609549784,
          -749.0056505013434
        ],
        [
          -143.02386208105625,
          -4777.926271993844,
          -1983.5918711038498,
          376361.0183905555,
          -1152.1352304718648,
          -321.0246284643089,
          -487.8844012258385,
          -63038.75114157733,
          -17764.27232269392
        ],
        [
          -3.5026545736622774,
          -117.01142079169898,
          -48.57816757642616,
          -1152.1352304718648,
          225.72634668207482,
          -7.861893580467635,
          -11.948289638575703,
          -1543.8190997727897,
          -435.04705294283536
        ],
        [
          -0.9759604197575168,
          -32.60341919268596,
          -13.535553627079167,
          -321.0246284643089,
          -7.861893580467635,
          17.524758545309947,
          -3.3292057568943365,
          -430.1612691052643,
          -121.21911980615953
        ],
        [
          -1.4832378041875145,
          -49.54977979986071,
          -20.57096213520561,
          -487.8844012258385,
          -11.948289638575703,
          -3.3292057568943365,
          40.47708277162522,
          -653.7472660958213,
          -184.2254844018192
        ],
        [
          -191.64674785057352,
          -6402.2465774172215,
          -2657.940609549784,
          -63038.75114157733,
          -1543.8190997727897,
          -430.1612691052643,
          -653.7472660958213,
          675756.9803560826,
          -23803.47565112473
        ],
        [
          -54.005908380548846,
          -1804.148236103982,
          -749.0056505013434,
          -17764.27232269392,
          -435.04705294283536,
          -121.21911980615953,
          -184.2254844018192,
          -23803.47565112473,
          53662.411267446725
        ]
      ],
      "metric_tensor_properties": {
        "trace": 1110618.688020044,
        "condition_number": 440.75687947687516,
        "diagonal_sensitivities": [
          3.4785026716412903,
          3881.9883412124354,
          669.082974075916,
          376361.0183905555,
          225.72634668207482,
          17.524758545309947,
          40.47708277162522,
          675756.9803560826,
          53662.411267446725
        ],
        "off_diagonal_couplings": [
          {
            "i": 0,
            "j": 1,
            "coupling": -14.525573792554093
          },
          {
            "i": 0,
            "j": 2,
            "coupling": -6.030400734083689
          },
          {
            "i": 0,
            "j": 3,
            "coupling": -143.02386208105625
          },
          {
            "i": 0,
            "j": 4,
            "coupling": -3.5026545736622774
          },
          {
            "i": 0,
            "j": 5,
            "coupling": -0.9759604197575168
          },
          {
            "i": 0,
            "j": 6,
            "coupling": -1.4832378041875145
          },
          {
            "i": 0,
            "j": 7,
            "coupling": -191.64674785057352
          },
          {
            "i": 0,
            "j": 8,
            "coupling": -54.005908380548846
          },
          {
            "i": 1,
            "j": 2,
            "coupling": -201.4545662436403
          },
          {
            "i": 1,
            "j": 3,
            "coupling": -4777.926271993844
          },
          {
            "i": 1,
            "j": 4,
            "coupling": -117.01142079169898
          },
          {
            "i": 1,
            "j": 5,
            "coupling": -32.60341919268596
          },
          {
            "i": 1,
            "j": 6,
            "coupling": -49.54977979986071
          },
          {
            "i": 1,
            "j": 7,
            "coupling": -6402.2465774172215
          },
          {
            "i": 1,
            "j": 8,
            "coupling": -1804.148236103982
          },
          {
            "i": 2,
            "j": 3,
            "coupling": -1983.5918711038498
          },
          {
            "i": 2,
            "j": 4,
            "coupling": -48.57816757642616
          },
          {
            "i": 2,
            "j": 5,
            "coupling": -13.535553627079167
          },
          {
            "i": 2,
            "j": 6,
            "coupling": -20.57096213520561
          },
          {
            "i": 2,
            "j": 7,
            "coupling": -2657.940609549784
          },
          {
            "i": 2,
            "j": 8,
            "coupling": -749.0056505013434
          },
          {
            "i": 3,
            "j": 4,
            "coupling": -1152.1352304718648
          },
          {
            "i": 3,
            "j": 5,
            "coupling": -321.0246284643089
          },
          {
            "i": 3,
            "j": 6,
            "coupling": -487.8844012258385
          },
          {
            "i": 3,
            "j": 7,
            "coupling": -63038.75114157733
          },
          {
            "i": 3,
            "j": 8,
            "coupling": -17764.27232269392
          },
          {
            "i": 4,
            "j": 5,
            "coupling": -7.861893580467635
          },
          {
            "i": 4,
            "j": 6,
            "coupling": -11.948289638575703
          },
          {
            "i": 4,
            "j": 7,
            "coupling": -1543.8190997727897
          },
          {
            "i": 4,
            "j": 8,
            "coupling": -435.04705294283536
          },
          {
            "i": 5,
            "j": 6,
            "coupling": -3.3292057568943365
          },
          {
            "i": 5,
            "j": 7,
            "coupling": -430.1612691052643
          },
          {
            "i": 5,
            "j": 8,
            "coupling": -121.21911980615953
          },
          {
            "i": 6,
            "j": 7,
            "coupling": -653.7472660958213
          },
          {
            "i": 6,
            "j": 8,
            "coupling": -184.2254844018192
          },
          {
            "i": 7,
            "j": 8,
            "coupling": -23803.47565112473
          }
        ],
        "asymmetry_ratio": 194266.62680619262,
        "precision_digits_available": 12
      },
      "helmsman": {
        "helmsman_index": null,
        "helmsman_carrier": null,
        "helmsman_delta_clr": 0.0,
        "all_deltas": []
      },
      "higgins_scale": 0.38035384658138904,
      "ring": "Hs-3",
      "shannon_entropy": 1.3615017575432218,
      "metric_energy": 38.85154752191867,
      "clr_norm": 6.233100955537193,
      "ilr_norm": 6.233100955537195
    },
    {
      "index": 1,
      "label": "MEGATA_-_ICHINOMEGATA_MAAR",
      "raw_values": [
        0.5264709998,
        0.0023554753,
        0.0392275011,
        0.0066933403,
        0.0287652196,
        0.2260416321,
        0.1660537007,
        0.0007882324,
        0.0036038986
      ],
      "composition": [
        0.526470999852647,
        0.0023554753002355475,
        0.03922750110392274,
        0.006693340300669334,
        0.028765219602876518,
        0.22604163212260414,
        0.16605370071660536,
        0.0007882324000788231,
        0.00360389860036039
      ],
      "clr": [
        3.1962316692241233,
        -2.2132220467246633,
        0.5994134797613655,
        -1.1688515327397422,
        0.28920242483261127,
        2.350754615407771,
        2.042346654503783,
        -3.3079268884791553,
        -1.7879483757860948
      ],
      "ilr": [
        3.8250614050621548,
        -0.08810705889221382,
        1.4690613226360805,
        -0.1661930981723545,
        -2.017627160185187,
        -1.4196758897515454,
        3.7752472451757098,
        1.8964056313947317
      ],
      "bearing_tensor": [
        {
          "pair": "SiO2/TiO2",
          "i": 0,
          "j": 1,
          "theta_deg": -34.70056114869119
        },
        {
          "pair": "SiO2/Al2O3",
          "i": 0,
          "j": 2,
          "theta_deg": 10.621734053389984
        },
        {
          "pair": "SiO2/Cr2O3",
          "i": 0,
          "j": 3,
          "theta_deg": -20.087301855863124
        },
        {
          "pair": "SiO2/FeO",
          "i": 0,
          "j": 4,
          "theta_deg": 5.170175665265579
        },
        {
          "pair": "SiO2/CaO",
          "i": 0,
          "j": 5,
          "theta_deg": 36.33362353145007
        },
        {
          "pair": "SiO2/MgO",
          "i": 0,
          "j": 6,
          "theta_deg": 32.578000121654725
        },
        {
          "pair": "SiO2/MnO",
          "i": 0,
          "j": 7,
          "theta_deg": -45.98383758713415
        },
        {
          "pair": "SiO2/Na2O",
          "i": 0,
          "j": 8,
          "theta_deg": -29.222326723689022
        },
        {
          "pair": "TiO2/Al2O3",
          "i": 1,
          "j": 2,
          "theta_deg": 164.84595183709857
        },
        {
          "pair": "TiO2/Cr2O3",
          "i": 1,
          "j": 3,
          "theta_deg": -152.16047449078425
        },
        {
          "pair": "TiO2/FeO",
          "i": 1,
          "j": 4,
          "theta_deg": 172.55532309908077
        },
        {
          "pair": "TiO2/CaO",
          "i": 1,
          "j": 5,
          "theta_deg": 133.27395002694908
        },
        {
          "pair": "TiO2/MgO",
          "i": 1,
          "j": 6,
          "theta_deg": 137.29938296954924
        },
        {
          "pair": "TiO2/MnO",
          "i": 1,
          "j": 7,
          "theta_deg": -123.78514245917184
        },
        {
          "pair": "TiO2/Na2O",
          "i": 1,
          "j": 8,
          "theta_deg": -141.06703670246844
        },
        {
          "pair": "Al2O3/Cr2O3",
          "i": 2,
          "j": 3,
          "theta_deg": -62.850223704810944
        },
        {
          "pair": "Al2O3/FeO",
          "i": 2,
          "j": 4,
          "theta_deg": 25.756178797345537
        },
        {
          "pair": "Al2O3/CaO",
          "i": 2,
          "j": 5,
          "theta_deg": 75.69511061830292
        },
        {
          "pair": "Al2O3/MgO",
          "i": 2,
          "j": 6,
          "theta_deg": 73.6434303540393
        },
        {
          "pair": "Al2O3/MnO",
          "i": 2,
          "j": 7,
          "theta_deg": -79.72915582099755
        },
        {
          "pair": "Al2O3/Na2O",
          "i": 2,
          "j": 8,
          "theta_deg": -71.46616376429775
        },
        {
          "pair": "Cr2O3/FeO",
          "i": 3,
          "j": 4,
          "theta_deg": 166.10272919651788
        },
        {
          "pair": "Cr2O3/CaO",
          "i": 3,
          "j": 5,
          "theta_deg": 116.43766590639635
        },
        {
          "pair": "Cr2O3/MgO",
          "i": 3,
          "j": 6,
          "theta_deg": 119.78285566695695
        },
        {
          "pair": "Cr2O3/MnO",
          "i": 3,
          "j": 7,
          "theta_deg": -109.46079310969141
        },
        {
          "pair": "Cr2O3/Na2O",
          "i": 3,
          "j": 8,
          "theta_deg": -123.17420950931734
        },
        {
          "pair": "FeO/CaO",
          "i": 4,
          "j": 5,
          "theta_deg": 82.98640872777878
        },
        {
          "pair": "FeO/MgO",
          "i": 4,
          "j": 6,
          "theta_deg": 81.94032961095337
        },
        {
          "pair": "FeO/MnO",
          "i": 4,
          "j": 7,
          "theta_deg": -85.00350107123214
        },
        {
          "pair": "FeO/Na2O",
          "i": 4,
          "j": 8,
          "theta_deg": -80.81192959104087
        },
        {
          "pair": "CaO/MgO",
          "i": 5,
          "j": 6,
          "theta_deg": 40.9842649320348
        },
        {
          "pair": "CaO/MnO",
          "i": 5,
          "j": 7,
          "theta_deg": -54.60076718556518
        },
        {
          "pair": "CaO/Na2O",
          "i": 5,
          "j": 8,
          "theta_deg": -37.25606921788895
        },
        {
          "pair": "MgO/MnO",
          "i": 6,
          "j": 7,
          "theta_deg": -58.30840923277282
        },
        {
          "pair": "MgO/Na2O",
          "i": 6,
          "j": 8,
          "theta_deg": -41.20014351512101
        },
        {
          "pair": "MnO/Na2O",
          "i": 7,
          "j": 8,
          "theta_deg": -151.60859196195693
        }
      ],
      "angular_velocity_deg": 22.68588490528191,
      "metric_tensor": [
        [
          3.206997124881148,
          -89.59927231522569,
          -5.38012534365815,
          -31.53117328226804,
          -7.336946346013224,
          -0.933672575603775,
          -1.2709675963065599,
          -267.74955309688863,
          -58.561268298860554
        ],
        [
          -89.59927231522569,
          160210.27595457894,
          -1202.508881636341,
          -7047.515345536715,
          -1639.8768767664592,
          -208.68464821684202,
          -284.0732743582229,
          -59844.55660177041,
          -13088.99714246936
        ],
        [
          -5.38012534365815,
          -1202.508881636341,
          577.6518797879837,
          -423.17883773592456,
          -98.4689151729968,
          -12.53078887464388,
          -17.057614234339223,
          -3593.4579303325077,
          -785.9488523692162
        ],
        [
          -31.53117328226804,
          -7047.515345536715,
          -423.17883773592456,
          19840.913599187777,
          -577.0944409123406,
          -73.43889781966719,
          -99.96915607905329,
          -21060.093854024148,
          -4606.191839798906
        ],
        [
          -7.336946346013224,
          -1639.8768767664592,
          -98.4689151729968,
          -577.0944409123406,
          1074.2666406105348,
          -17.088398461729824,
          -23.26168861025895,
          -4900.444942715548,
          -1071.8085903594897
        ],
        [
          -0.933672575603775,
          -208.68464821684202,
          -12.53078887464388,
          -73.43889781966719,
          -17.088398461729824,
          17.39684959083997,
          -2.9601962033476106,
          -623.6124452178832,
          -136.39438533702378
        ],
        [
          -1.2709675963065599,
          -284.0732743582229,
          -17.057614234339223,
          -99.96915607905329,
          -23.26168861025895,
          -2.9601962033476106,
          32.23668383517899,
          -848.8963167980884,
          -185.66770472979385
        ],
        [
          -267.74955309688863,
          -59844.55660177041,
          -3593.4579303325077,
          -21060.093854024148,
          -4900.444942715548,
          -623.6124452178832,
          -848.8963167980884,
          1430668.1624852992,
          -39113.85711987627
        ],
        [
          -58.561268298860554,
          -13088.99714246936,
          -785.9488523692162,
          -4606.191839798906,
          -1071.8085903594897,
          -136.39438533702378,
          -185.66770472979385,
          -39113.85711987627,
          68438.79452292505
        ]
      ],
      "metric_tensor_properties": {
        "trace": 1680862.9056129404,
        "condition_number": 667.9134222343563,
        "diagonal_sensitivities": [
          3.206997124881148,
          160210.27595457894,
          577.6518797879837,
          19840.913599187777,
          1074.2666406105348,
          17.39684959083997,
          32.23668383517899,
          1430668.1624852992,
          68438.79452292505
        ],
        "off_diagonal_couplings": [
          {
            "i": 0,
            "j": 1,
            "coupling": -89.59927231522569
          },
          {
            "i": 0,
            "j": 2,
            "coupling": -5.38012534365815
          },
          {
            "i": 0,
            "j": 3,
            "coupling": -31.53117328226804
          },
          {
            "i": 0,
            "j": 4,
            "coupling": -7.336946346013224
          },
          {
            "i": 0,
            "j": 5,
            "coupling": -0.933672575603775
          },
          {
            "i": 0,
            "j": 6,
            "coupling": -1.2709675963065599
          },
          {
            "i": 0,
            "j": 7,
            "coupling": -267.74955309688863
          },
          {
            "i": 0,
            "j": 8,
            "coupling": -58.561268298860554
          },
          {
            "i": 1,
            "j": 2,
            "coupling": -1202.508881636341
          },
          {
            "i": 1,
            "j": 3,
            "coupling": -7047.515345536715
          },
          {
            "i": 1,
            "j": 4,
            "coupling": -1639.8768767664592
          },
          {
            "i": 1,
            "j": 5,
            "coupling": -208.68464821684202
          },
          {
            "i": 1,
            "j": 6,
            "coupling": -284.0732743582229
          },
          {
            "i": 1,
            "j": 7,
            "coupling": -59844.55660177041
          },
          {
            "i": 1,
            "j": 8,
            "coupling": -13088.99714246936
          },
          {
            "i": 2,
            "j": 3,
            "coupling": -423.17883773592456
          },
          {
            "i": 2,
            "j": 4,
            "coupling": -98.4689151729968
          },
          {
            "i": 2,
            "j": 5,
            "coupling": -12.53078887464388
          },
          {
            "i": 2,
            "j": 6,
            "coupling": -17.057614234339223
          },
          {
            "i": 2,
            "j": 7,
            "coupling": -3593.4579303325077
          },
          {
            "i": 2,
            "j": 8,
            "coupling": -785.9488523692162
          },
          {
            "i": 3,
            "j": 4,
            "coupling": -577.0944409123406
          },
          {
            "i": 3,
            "j": 5,
            "coupling": -73.43889781966719
          },
          {
            "i": 3,
            "j": 6,
            "coupling": -99.96915607905329
          },
          {
            "i": 3,
            "j": 7,
            "coupling": -21060.093854024148
          },
          {
            "i": 3,
            "j": 8,
            "coupling": -4606.191839798906
          },
          {
            "i": 4,
            "j": 5,
            "coupling": -17.088398461729824
          },
          {
            "i": 4,
            "j": 6,
            "coupling": -23.26168861025895
          },
          {
            "i": 4,
            "j": 7,
            "coupling": -4900.444942715548
          },
          {
            "i": 4,
            "j": 8,
            "coupling": -1071.8085903594897
          },
          {
            "i": 5,
            "j": 6,
            "coupling": -2.9601962033476106
          },
          {
            "i": 5,
            "j": 7,
            "coupling": -623.6124452178832
          },
          {
            "i": 5,
            "j": 8,
            "coupling": -136.39438533702378
          },
          {
            "i": 6,
            "j": 7,
            "coupling": -848.8963167980884
          },
          {
            "i": 6,
            "j": 8,
            "coupling": -185.66770472979385
          },
          {
            "i": 7,
            "j": 8,
            "coupling": -39113.85711987627
          }
        ],
        "asymmetry_ratio": 446108.3396008096,
        "precision_digits_available": 12
      },
      "helmsman": {
        "helmsman_index": 1,
        "helmsman_carrier": "TiO2",
        "helmsman_delta_clr": -1.7007622090632926,
        "all_deltas": [
          {
            "carrier": "TiO2",
            "index": 1,
            "delta_clr": -1.7007622090632926,
            "abs_delta": 1.7007622090632926
          },
          {
            "carrier": "Cr2O3",
            "index": 3,
            "delta_clr": 1.6307089832123443,
            "abs_delta": 1.6307089832123443
          },
          {
            "carrier": "FeO",
            "index": 4,
            "delta_clr": -0.6207274126184386,
            "abs_delta": 0.6207274126184386
          },
          {
            "carrier": "MgO",
            "index": 6,
            "delta_clr": 0.2731230901819577,
            "abs_delta": 0.2731230901819577
          },
          {
            "carrier": "Al2O3",
            "index": 2,
            "delta_clr": 0.2327759769359563,
            "abs_delta": 0.2327759769359563
          },
          {
            "carrier": "MnO",
            "index": 7,
            "delta_clr": -0.21572403409494045,
            "abs_delta": 0.21572403409494045
          },
          {
            "carrier": "SiO2",
            "index": 0,
            "delta_clr": 0.1999410938829702,
            "abs_delta": 0.1999410938829702
          },
          {
            "carrier": "CaO",
            "index": 5,
            "delta_clr": 0.16297040040262623,
            "abs_delta": 0.16297040040262623
          },
          {
            "carrier": "Na2O",
            "index": 8,
            "delta_clr": 0.03769411116081356,
            "abs_delta": 0.03769411116081356
          }
        ]
      },
      "higgins_scale": 0.4198066751732086,
      "ring": "Hs-3",
      "shannon_entropy": 1.2748150329158427,
      "metric_energy": 40.75976399231932,
      "clr_norm": 6.384337396497723,
      "ilr_norm": 6.384337396497723
    },
    {
      "index": 2,
      "label": "UDACHNAYA_KIMBERLITE",
      "raw_values": [
        0.5554570139,
        0.0012748615,
        0.015869434,
        0.0115478247,
        0.0277427942,
        0.1918294903,
        0.1814877576,
        0.0009452042,
        0.0138456195
      ],
      "composition": [
        0.5554570139555457,
        0.001274861500127486,
        0.015869434001586944,
        0.011547824701154783,
        0.02774279420277428,
        0.19182949031918295,
        0.18148775761814878,
        0.0009452042000945204,
        0.013845619501384562
      ],
      "clr": [
        3.194690492871522,
        -2.8822631852366736,
        -0.3607058613696865,
        -0.6786036489279934,
        0.19787540750858712,
        2.1315061756089353,
        2.0760874696946052,
        -3.18145502067093,
        -0.4971318294783642
      ],
      "ilr": [
        4.297055154746836,
        0.4220630167650936,
        0.5737511810750116,
        -0.3395209465847562,
        -2.042373007997468,
        -1.6748124856128674,
        3.467550514722414,
        0.5272879316517389
      ],
      "bearing_tensor": [
        {
          "pair": "SiO2/TiO2",
          "i": 0,
          "j": 1,
          "theta_deg": -42.056910350461756
        },
        {
          "pair": "SiO2/Al2O3",
          "i": 0,
          "j": 2,
          "theta_deg": -6.441865720545337
        },
        {
          "pair": "SiO2/Cr2O3",
          "i": 0,
          "j": 3,
          "theta_deg": -11.992299012180638
        },
        {
          "pair": "SiO2/FeO",
          "i": 0,
          "j": 4,
          "theta_deg": 3.544305983304482
        },
        {
          "pair": "SiO2/CaO",
          "i": 0,
          "j": 5,
          "theta_deg": 33.71132538873886
        },
        {
          "pair": "SiO2/MgO",
          "i": 0,
          "j": 6,
          "theta_deg": 33.01805052473266
        },
        {
          "pair": "SiO2/MnO",
          "i": 0,
          "j": 7,
          "theta_deg": -44.881066765781966
        },
        {
          "pair": "SiO2/Na2O",
          "i": 0,
          "j": 8,
          "theta_deg": -8.84496606998397
        },
        {
          "pair": "TiO2/Al2O3",
          "i": 1,
          "j": 2,
          "theta_deg": -172.86670517561427
        },
        {
          "pair": "TiO2/Cr2O3",
          "i": 1,
          "j": 3,
          "theta_deg": -166.75149248355623
        },
        {
          "pair": "TiO2/FeO",
          "i": 1,
          "j": 4,
          "theta_deg": 176.0726473186401
        },
        {
          "pair": "TiO2/CaO",
          "i": 1,
          "j": 5,
          "theta_deg": 143.51614214494532
        },
        {
          "pair": "TiO2/MgO",
          "i": 1,
          "j": 6,
          "theta_deg": 144.23488178755323
        },
        {
          "pair": "TiO2/MnO",
          "i": 1,
          "j": 7,
          "theta_deg": -132.17524171081854
        },
        {
          "pair": "TiO2/Na2O",
          "i": 1,
          "j": 8,
          "theta_deg": -170.21392699287009
        },
        {
          "pair": "Al2O3/Cr2O3",
          "i": 2,
          "j": 3,
          "theta_deg": -117.99248915364882
        },
        {
          "pair": "Al2O3/FeO",
          "i": 2,
          "j": 4,
          "theta_deg": 151.25178316536875
        },
        {
          "pair": "Al2O3/CaO",
          "i": 2,
          "j": 5,
          "theta_deg": 99.60492798245721
        },
        {
          "pair": "Al2O3/MgO",
          "i": 2,
          "j": 6,
          "theta_deg": 99.85635517843627
        },
        {
          "pair": "Al2O3/MnO",
          "i": 2,
          "j": 7,
          "theta_deg": -96.46843846692403
        },
        {
          "pair": "Al2O3/Na2O",
          "i": 2,
          "j": 8,
          "theta_deg": -125.96365772772265
        },
        {
          "pair": "Cr2O3/FeO",
          "i": 3,
          "j": 4,
          "theta_deg": 163.74373709589258
        },
        {
          "pair": "Cr2O3/CaO",
          "i": 3,
          "j": 5,
          "theta_deg": 107.65981754563333
        },
        {
          "pair": "Cr2O3/MgO",
          "i": 3,
          "j": 6,
          "theta_deg": 108.10083945986891
        },
        {
          "pair": "Cr2O3/MnO",
          "i": 3,
          "j": 7,
          "theta_deg": -102.04073622917544
        },
        {
          "pair": "Cr2O3/Na2O",
          "i": 3,
          "j": 8,
          "theta_deg": -143.7742204169533
        },
        {
          "pair": "FeO/CaO",
          "i": 4,
          "j": 5,
          "theta_deg": 84.69622735038944
        },
        {
          "pair": "FeO/MgO",
          "i": 4,
          "j": 6,
          "theta_deg": 84.55548917168507
        },
        {
          "pair": "FeO/MnO",
          "i": 4,
          "j": 7,
          "theta_deg": -86.44098683507363
        },
        {
          "pair": "FeO/Na2O",
          "i": 4,
          "j": 8,
          "theta_deg": -68.29575909372537
        },
        {
          "pair": "CaO/MgO",
          "i": 5,
          "j": 6,
          "theta_deg": 44.245394249316874
        },
        {
          "pair": "CaO/MnO",
          "i": 5,
          "j": 7,
          "theta_deg": -56.17876856090079
        },
        {
          "pair": "CaO/Na2O",
          "i": 5,
          "j": 8,
          "theta_deg": -13.128423733891356
        },
        {
          "pair": "MgO/MnO",
          "i": 6,
          "j": 7,
          "theta_deg": -56.87317636884068
        },
        {
          "pair": "MgO/Na2O",
          "i": 6,
          "j": 8,
          "theta_deg": -13.466264250518837
        },
        {
          "pair": "MnO/Na2O",
          "i": 7,
          "j": 8,
          "theta_deg": -171.11882254497317
        }
      ],
      "angular_velocity_deg": 16.643262041634554,
      "metric_tensor": [
        [
          2.88102195120357,
          -156.90761800359164,
          -12.605079755805143,
          -17.32235173690209,
          -7.210358113440709,
          -1.0427775256904066,
          -1.10219820826904,
          -211.63202750208455,
          -14.4475645347242
        ],
        [
          -156.90761800359164,
          546917.0538411391,
          -5492.031849052518,
          -7547.346727079854,
          -3141.5522288824427,
          -454.33805208018583,
          -480.2276368774579,
          -92208.05086820065,
          -6294.802262508868
        ],
        [
          -12.605079755805143,
          -5492.031849052518,
          3529.5927812577893,
          -606.31159053972,
          -252.37472154592365,
          -36.49897599259203,
          -38.578800320859024,
          -7407.478681464668,
          -505.6891792476939
        ],
        [
          -17.32235173690209,
          -7547.346727079854,
          -606.31159053972,
          6665.720701149966,
          -346.82237485311094,
          -50.158199109311354,
          -53.016368138239166,
          -10179.622318124606,
          -694.9361687647933
        ],
        [
          -7.210358113440709,
          -3141.5522288824427,
          -252.37472154592365,
          -346.82237485311094,
          1154.9071684614705,
          -20.878145380973333,
          -22.06784655782982,
          -4237.226185454332,
          -289.264340020424
        ],
        [
          -1.0427775256904066,
          -454.33805208018583,
          -36.49897599259203,
          -50.158199109311354,
          -20.878145380973333,
          24.155538949770072,
          -3.191499516229759,
          -612.7967804015511,
          -41.834032098168215
        ],
        [
          -1.10219820826904,
          -480.2276368774579,
          -38.578800320859024,
          -53.016368138239166,
          -22.06784655782982,
          -3.191499516229759,
          26.98688808929561,
          -647.7158327174712,
