{
  "metadata": {
    "engine": "CNT Tensor Engine v1.0",
    "handbook": "CNT Mathematics Handbook v2.0",
    "generated": "2026-05-05T06:50:15.403392Z",
    "input_file": "stracke_oib_by_location_barycenters.csv",
    "carriers": [
      "SiO2",
      "TiO2",
      "Al2O3",
      "FeO",
      "CaO",
      "MgO",
      "MnO",
      "K2O",
      "Na2O",
      "P2O5"
    ],
    "D": 10,
    "T": 15,
    "labels": [
      "Azores",
      "Azores-SaoMiguel",
      "Canary_Islands",
      "Cape_Verde_Islands",
      "Caroline_Islands",
      "Faroe_Islands",
      "Galapagos",
      "Gough",
      "Hawaii",
      "Iceland",
      "Kerguelen",
      "Marquesas",
      "Mauritius",
      "St._Helena",
      "Tristan_da_Cunha"
    ],
    "lineage": {
      "Aitchison_1986": "CLR transform, Aitchison distance, simplex geometry",
      "Shannon_1948": "Entropy H = -sum(x_j ln x_j)",
      "Egozcue_2003": "ILR, Helmert basis, orthonormal coordinates",
      "Higgins_2025": "Hs = 1 - H/ln(D), ring classification",
      "Higgins_2026": "CNT tensor decomposition, HCI instrument"
    }
  },
  "helmert_basis": [
    {
      "index": 0,
      "coefficients": [
        0.7071067811865475,
        -0.7071067811865475,
        0.0,
        0.0,
        0.0,
        0.0,
        0.0,
        0.0,
        0.0,
        0.0
      ]
    },
    {
      "index": 1,
      "coefficients": [
        0.4082482904638631,
        0.4082482904638631,
        -0.8164965809277261,
        0.0,
        0.0,
        0.0,
        0.0,
        0.0,
        0.0,
        0.0
      ]
    },
    {
      "index": 2,
      "coefficients": [
        0.2886751345948129,
        0.2886751345948129,
        0.2886751345948129,
        -0.8660254037844387,
        0.0,
        0.0,
        0.0,
        0.0,
        0.0,
        0.0
      ]
    },
    {
      "index": 3,
      "coefficients": [
        0.22360679774997896,
        0.22360679774997896,
        0.22360679774997896,
        0.22360679774997896,
        -0.8944271909999159,
        0.0,
        0.0,
        0.0,
        0.0,
        0.0
      ]
    },
    {
      "index": 4,
      "coefficients": [
        0.18257418583505536,
        0.18257418583505536,
        0.18257418583505536,
        0.18257418583505536,
        0.18257418583505536,
        -0.9128709291752769,
        0.0,
        0.0,
        0.0,
        0.0
      ]
    },
    {
      "index": 5,
      "coefficients": [
        0.1543033499620919,
        0.1543033499620919,
        0.1543033499620919,
        0.1543033499620919,
        0.1543033499620919,
        0.1543033499620919,
        -0.9258200997725514,
        0.0,
        0.0,
        0.0
      ]
    },
    {
      "index": 6,
      "coefficients": [
        0.1336306209562122,
        0.1336306209562122,
        0.1336306209562122,
        0.1336306209562122,
        0.1336306209562122,
        0.1336306209562122,
        0.1336306209562122,
        -0.9354143466934853,
        0.0,
        0.0
      ]
    },
    {
      "index": 7,
      "coefficients": [
        0.11785113019775793,
        0.11785113019775793,
        0.11785113019775793,
        0.11785113019775793,
        0.11785113019775793,
        0.11785113019775793,
        0.11785113019775793,
        0.11785113019775793,
        -0.9428090415820635,
        0.0
      ]
    },
    {
      "index": 8,
      "coefficients": [
        0.10540925533894598,
        0.10540925533894598,
        0.10540925533894598,
        0.10540925533894598,
        0.10540925533894598,
        0.10540925533894598,
        0.10540925533894598,
        0.10540925533894598,
        0.10540925533894598,
        -0.9486832980505138
      ]
    }
  ],
  "timesteps": [
    {
      "index": 0,
      "label": "Azores",
      "raw_values": [
        0.502993155,
        0.0250430634,
        0.1471140786,
        0.0730239171,
        0.1070324926,
        0.0942057848,
        0.0016693426,
        0.0118024348,
        0.0326280811,
        0.00448765
      ],
      "composition": [
        0.5029931550000001,
        0.025043063400000003,
        0.14711407860000003,
        0.07302391710000002,
        0.10703249260000001,
        0.09420578480000001,
        0.0016693426000000003,
        0.011802434800000003,
        0.032628081100000005,
        0.004487650000000001
      ],
      "clr": [
        2.629674455334721,
        -0.370305227317993,
        1.40030622438703,
        0.6998849126732352,
        1.0822303512001148,
        0.9545794831407459,
        -3.078472210090032,
        -1.1225962571528134,
        -0.10572880529208373,
        -2.0895729268829246
      ],
      "ilr": [
        2.121305977025601,
        -0.2209616195993358,
        0.45033918969551257,
        0.00685107979382471,
        0.12212264976270737,
        3.837092798060449,
        1.4934654130683955,
        0.35840086384696646,
        2.202603261991509
      ],
      "bearing_tensor": [
        {
          "pair": "SiO2/TiO2",
          "i": 0,
          "j": 1,
          "theta_deg": -8.015566445377448
        },
        {
          "pair": "SiO2/Al2O3",
          "i": 0,
          "j": 2,
          "theta_deg": 28.035378899166172
        },
        {
          "pair": "SiO2/FeO",
          "i": 0,
          "j": 3,
          "theta_deg": 14.903716244419455
        },
        {
          "pair": "SiO2/CaO",
          "i": 0,
          "j": 4,
          "theta_deg": 22.36938913189403
        },
        {
          "pair": "SiO2/MgO",
          "i": 0,
          "j": 5,
          "theta_deg": 19.95104459093117
        },
        {
          "pair": "SiO2/MnO",
          "i": 0,
          "j": 6,
          "theta_deg": -49.495579410383606
        },
        {
          "pair": "SiO2/K2O",
          "i": 0,
          "j": 7,
          "theta_deg": -23.117419108309253
        },
        {
          "pair": "SiO2/Na2O",
          "i": 0,
          "j": 8,
          "theta_deg": -2.3023965044924353
        },
        {
          "pair": "SiO2/P2O5",
          "i": 0,
          "j": 9,
          "theta_deg": -38.4711026515513
        },
        {
          "pair": "TiO2/Al2O3",
          "i": 1,
          "j": 2,
          "theta_deg": 104.8125581049364
        },
        {
          "pair": "TiO2/FeO",
          "i": 1,
          "j": 3,
          "theta_deg": 117.8830687742745
        },
        {
          "pair": "TiO2/CaO",
          "i": 1,
          "j": 4,
          "theta_deg": 108.88933522594895
        },
        {
          "pair": "TiO2/MgO",
          "i": 1,
          "j": 5,
          "theta_deg": 111.20251714433665
        },
        {
          "pair": "TiO2/MnO",
          "i": 1,
          "j": 6,
          "theta_deg": -96.8590757960352
        },
        {
          "pair": "TiO2/K2O",
          "i": 1,
          "j": 7,
          "theta_deg": -108.2559149400847
        },
        {
          "pair": "TiO2/Na2O",
          "i": 1,
          "j": 8,
          "theta_deg": -164.0650025726474
        },
        {
          "pair": "TiO2/P2O5",
          "i": 1,
          "j": 9,
          "theta_deg": -100.04937954166726
        },
        {
          "pair": "Al2O3/FeO",
          "i": 2,
          "j": 3,
          "theta_deg": 26.556271453014528
        },
        {
          "pair": "Al2O3/CaO",
          "i": 2,
          "j": 4,
          "theta_deg": 37.69873742449263
        },
        {
          "pair": "Al2O3/MgO",
          "i": 2,
          "j": 5,
          "theta_deg": 34.281995313140186
        },
        {
          "pair": "Al2O3/MnO",
          "i": 2,
          "j": 6,
          "theta_deg": -65.54061189507796
        },
        {
          "pair": "Al2O3/K2O",
          "i": 2,
          "j": 7,
          "theta_deg": -38.71842260380193
        },
        {
          "pair": "Al2O3/Na2O",
          "i": 2,
          "j": 8,
          "theta_deg": -4.317871217634019
        },
        {
          "pair": "Al2O3/P2O5",
          "i": 2,
          "j": 9,
          "theta_deg": -56.172382280813814
        },
        {
          "pair": "FeO/CaO",
          "i": 3,
          "j": 4,
          "theta_deg": 57.109006780564066
        },
        {
          "pair": "FeO/MgO",
          "i": 3,
          "j": 5,
          "theta_deg": 53.751628701428544
        },
        {
          "pair": "FeO/MnO",
          "i": 3,
          "j": 6,
          "theta_deg": -77.19162571667611
        },
        {
          "pair": "FeO/K2O",
          "i": 3,
          "j": 7,
          "theta_deg": -58.05843989135467
        },
        {
          "pair": "FeO/Na2O",
          "i": 3,
          "j": 8,
          "theta_deg": -8.590488835868095
        },
        {
          "pair": "FeO/P2O5",
          "i": 3,
          "j": 9,
          "theta_deg": -71.48215869956192
        },
        {
          "pair": "CaO/MgO",
          "i": 4,
          "j": 5,
          "theta_deg": 41.41385138411362
        },
        {
          "pair": "CaO/MnO",
          "i": 4,
          "j": 6,
          "theta_deg": -70.63098395136325
        },
        {
          "pair": "CaO/K2O",
          "i": 4,
          "j": 7,
          "theta_deg": -46.04885240774367
        },
        {
          "pair": "CaO/Na2O",
          "i": 4,
          "j": 8,
          "theta_deg": -5.5798206526000955
        },
        {
          "pair": "CaO/P2O5",
          "i": 4,
          "j": 9,
          "theta_deg": -62.61948465835271
        },
        {
          "pair": "MgO/MnO",
          "i": 5,
          "j": 6,
          "theta_deg": -72.77226630918366
        },
        {
          "pair": "MgO/K2O",
          "i": 5,
          "j": 7,
          "theta_deg": -49.6244229772113
        },
        {
          "pair": "MgO/Na2O",
          "i": 5,
          "j": 8,
          "theta_deg": -6.320294327004972
        },
        {
          "pair": "MgO/P2O5",
          "i": 5,
          "j": 9,
          "theta_deg": -65.44765996734583
        },
        {
          "pair": "MnO/K2O",
          "i": 6,
          "j": 7,
          "theta_deg": -159.96510056855448
        },
        {
          "pair": "MnO/Na2O",
          "i": 6,
          "j": 8,
          "theta_deg": -178.0329742298839
        },
        {
          "pair": "MnO/P2O5",
          "i": 6,
          "j": 9,
          "theta_deg": -145.83253703773192
        },
        {
          "pair": "K2O/Na2O",
          "i": 7,
          "j": 8,
          "theta_deg": -174.61961732415588
        },
        {
          "pair": "K2O/P2O5",
          "i": 7,
          "j": 9,
          "theta_deg": -118.2463449887332
        },
        {
          "pair": "Na2O/P2O5",
          "i": 8,
          "j": 9,
          "theta_deg": -92.89659789033416
        }
      ],
      "angular_velocity_deg": 0.0,
      "metric_tensor": [
        [
          3.5572825295931576,
          -7.938719770674185,
          -1.3513992979039535,
          -2.7225307875442226,
          -1.857472041455821,
          -2.110378496967068,
          -119.09470382642068,
          -16.84481769234828,
          -6.093213447720254,
          -44.30155260143439
        ],
        [
          -7.938719770674185,
          1435.051884946734,
          -27.143029016070553,
          -54.682381645510006,
          -37.307565273989375,
          -42.38722401803381,
          -2392.0324708135313,
          -338.33033367930864,
          -122.38297716234021,
          -889.8023919227845
        ],
        [
          -1.3513992979039535,
          -27.143029016070553,
          41.58474448452583,
          -9.308520050857343,
          -6.350824688889796,
          -7.215529258214879,
          -407.19298514127325,
          -57.593590478254065,
          -20.833115941884014,
          -151.4700559351764
        ],
        [
          -2.7225307875442226,
          -54.682381645510006,
          -9.308520050857343,
          168.77660968016642,
          -12.794379698595408,
          -14.53641465138034,
          -820.3315187736198,
          -116.02812246939955,
          -41.970422539237326,
          -305.15177217730957
        ],
        [
          -1.857472041455821,
          -37.307565273989375,
          -6.350824688889796,
          -12.794379698595408,
          78.56176472998806,
          -9.917604576403404,
          -559.6788355225309,
          -79.16126954212483,
          -28.634712522403106,
          -208.19264480433057
        ],
        [
          -2.110378496967068,
          -42.38722401803381,
          -7.215529258214879,
          -14.53641465138034,
          -9.917604576403404,
          101.4115371596863,
          -635.8826153682434,
          -89.93957233583897,
          -32.53350802887466,
          -236.53937772188638
        ],
        [
          -119.09470382642068,
          -2392.0324708135313,
          -407.19298514127325,
          -820.3315187736198,
          -559.6788355225309,
          -635.8826153682434,
          322962.09741066763,
          -5075.547701516802,
          -1835.9590512799696,
          -13348.594658995667
        ],
        [
          -16.84481769234828,
          -338.33033367930864,
          -57.593590478254065,
          -116.02812246939955,
          -79.16126954212483,
          -89.93957233583897,
          -5075.547701516802,
          6460.99328320515,
          -259.6790160753303,
          -1888.0322655452364
        ],
        [
          -6.093213447720254,
          -122.38297716234021,
          -20.833115941884014,
          -41.970422539237326,
          -28.634712522403106,
          -32.53350802887466,
          -1835.9590512799696,
          -259.6790160753303,
          845.3945489738023,
          -682.9509110909357
        ],
        [
          -44.30155260143439,
          -889.8023919227845,
          -151.4700559351764,
          -305.15177217730957,
          -208.19264480433057,
          -236.53937772188638,
          -13348.594658995667,
          -1888.0322655452364,
          -682.9509110909357,
          44689.40301261138
        ]
      ],
      "metric_tensor_properties": {
        "trace": 376786.83207898866,
        "condition_number": 301.31211831531766,
        "diagonal_sensitivities": [
          3.5572825295931576,
          1435.051884946734,
          41.58474448452583,
          168.77660968016642,
          78.56176472998806,
          101.4115371596863,
          322962.09741066763,
          6460.99328320515,
          845.3945489738023,
          44689.40301261138
        ],
        "off_diagonal_couplings": [
          {
            "i": 0,
            "j": 1,
            "coupling": -7.938719770674185
          },
          {
            "i": 0,
            "j": 2,
            "coupling": -1.3513992979039535
          },
          {
            "i": 0,
            "j": 3,
            "coupling": -2.7225307875442226
          },
          {
            "i": 0,
            "j": 4,
            "coupling": -1.857472041455821
          },
          {
            "i": 0,
            "j": 5,
            "coupling": -2.110378496967068
          },
          {
            "i": 0,
            "j": 6,
            "coupling": -119.09470382642068
          },
          {
            "i": 0,
            "j": 7,
            "coupling": -16.84481769234828
          },
          {
            "i": 0,
            "j": 8,
            "coupling": -6.093213447720254
          },
          {
            "i": 0,
            "j": 9,
            "coupling": -44.30155260143439
          },
          {
            "i": 1,
            "j": 2,
            "coupling": -27.143029016070553
          },
          {
            "i": 1,
            "j": 3,
            "coupling": -54.682381645510006
          },
          {
            "i": 1,
            "j": 4,
            "coupling": -37.307565273989375
          },
          {
            "i": 1,
            "j": 5,
            "coupling": -42.38722401803381
          },
          {
            "i": 1,
            "j": 6,
            "coupling": -2392.0324708135313
          },
          {
            "i": 1,
            "j": 7,
            "coupling": -338.33033367930864
          },
          {
            "i": 1,
            "j": 8,
            "coupling": -122.38297716234021
          },
          {
            "i": 1,
            "j": 9,
            "coupling": -889.8023919227845
          },
          {
            "i": 2,
            "j": 3,
            "coupling": -9.308520050857343
          },
          {
            "i": 2,
            "j": 4,
            "coupling": -6.350824688889796
          },
          {
            "i": 2,
            "j": 5,
            "coupling": -7.215529258214879
          },
          {
            "i": 2,
            "j": 6,
            "coupling": -407.19298514127325
          },
          {
            "i": 2,
            "j": 7,
            "coupling": -57.593590478254065
          },
          {
            "i": 2,
            "j": 8,
            "coupling": -20.833115941884014
          },
          {
            "i": 2,
            "j": 9,
            "coupling": -151.4700559351764
          },
          {
            "i": 3,
            "j": 4,
            "coupling": -12.794379698595408
          },
          {
            "i": 3,
            "j": 5,
            "coupling": -14.53641465138034
          },
          {
            "i": 3,
            "j": 6,
            "coupling": -820.3315187736198
          },
          {
            "i": 3,
            "j": 7,
            "coupling": -116.02812246939955
          },
          {
            "i": 3,
            "j": 8,
            "coupling": -41.970422539237326
          },
          {
            "i": 3,
            "j": 9,
            "coupling": -305.15177217730957
          },
          {
            "i": 4,
            "j": 5,
            "coupling": -9.917604576403404
          },
          {
            "i": 4,
            "j": 6,
            "coupling": -559.6788355225309
          },
          {
            "i": 4,
            "j": 7,
            "coupling": -79.16126954212483
          },
          {
            "i": 4,
            "j": 8,
            "coupling": -28.634712522403106
          },
          {
            "i": 4,
            "j": 9,
            "coupling": -208.19264480433057
          },
          {
            "i": 5,
            "j": 6,
            "coupling": -635.8826153682434
          },
          {
            "i": 5,
            "j": 7,
            "coupling": -89.93957233583897
          },
          {
            "i": 5,
            "j": 8,
            "coupling": -32.53350802887466
          },
          {
            "i": 5,
            "j": 9,
            "coupling": -236.53937772188638
          },
          {
            "i": 6,
            "j": 7,
            "coupling": -5075.547701516802
          },
          {
            "i": 6,
            "j": 8,
            "coupling": -1835.9590512799696
          },
          {
            "i": 6,
            "j": 9,
            "coupling": -13348.594658995667
          },
          {
            "i": 7,
            "j": 8,
            "coupling": -259.6790160753303
          },
          {
            "i": 7,
            "j": 9,
            "coupling": -1888.0322655452364
          },
          {
            "i": 8,
            "j": 9,
            "coupling": -682.9509110909357
          }
        ],
        "asymmetry_ratio": 90788.992643664,
        "precision_digits_available": 12
      },
      "helmsman": {
        "helmsman_index": null,
        "helmsman_carrier": null,
        "helmsman_delta_clr": 0.0,
        "all_deltas": []
      },
      "higgins_scale": 0.3173932731048388,
      "ring": "Hs-3",
      "shannon_entropy": 1.571760073726256,
      "metric_energy": 26.70016174005633,
      "clr_norm": 5.167219923716846,
      "ilr_norm": 5.167219923716846
    },
    {
      "index": 1,
      "label": "Azores-SaoMiguel",
      "raw_values": [
        0.6082217449,
        0.0180791384,
        0.173789708,
        0.0478740606,
        0.0439128447,
        0.0248536608,
        0.0018952965,
        0.0339891988,
        0.0445501994,
        0.0028341479
      ],
      "composition": [
        0.6082217449,
        0.0180791384,
        0.173789708,
        0.0478740606,
        0.0439128447,
        0.0248536608,
        0.0018952965,
        0.0339891988,
        0.0445501994,
        0.0028341479
      ],
      "clr": [
        2.9774689264688674,
        -0.5383119020513769,
        1.7247753925738762,
        0.43550322436356126,
        0.349136266249626,
        -0.220065543424532,
        -2.793695310337559,
        0.09297219077887098,
        0.3635460287639898,
        -2.3913292733853275
      ],
      "ilr": [
        2.486032465012323,
        -0.4124915255134829,
        0.8248668951898094,
        0.7161881053226443,
        1.1043729241825428,
        3.3160836432608765,
        0.17158248145983193,
        -0.10377793577524164,
        2.520682379777701
      ],
      "bearing_tensor": [
        {
          "pair": "SiO2/TiO2",
          "i": 0,
          "j": 1,
          "theta_deg": -10.24809582763325
        },
        {
          "pair": "SiO2/Al2O3",
          "i": 0,
          "j": 2,
          "theta_deg": 30.08267025361983
        },
        {
          "pair": "SiO2/FeO",
          "i": 0,
          "j": 3,
          "theta_deg": 8.321431416674299
        },
        {
          "pair": "SiO2/CaO",
          "i": 0,
          "j": 4,
          "theta_deg": 6.687928714578199
        },
        {
          "pair": "SiO2/MgO",
          "i": 0,
          "j": 5,
          "theta_deg": -4.227060833563143
        },
        {
          "pair": "SiO2/MnO",
          "i": 0,
          "j": 6,
          "theta_deg": -43.176122640991295
        },
        {
          "pair": "SiO2/K2O",
          "i": 0,
          "j": 7,
          "theta_deg": 1.7884935198917193
        },
        {
          "pair": "SiO2/Na2O",
          "i": 0,
          "j": 8,
          "theta_deg": 6.9613013924343745
        },
        {
          "pair": "SiO2/P2O5",
          "i": 0,
          "j": 9,
          "theta_deg": -38.769397886720256
        },
        {
          "pair": "TiO2/Al2O3",
          "i": 1,
          "j": 2,
          "theta_deg": 107.33343057581206
        },
        {
          "pair": "TiO2/FeO",
          "i": 1,
          "j": 3,
          "theta_deg": 141.02656891764698
        },
        {
          "pair": "TiO2/CaO",
          "i": 1,
          "j": 4,
          "theta_deg": 147.0335195189795
        },
        {
          "pair": "TiO2/MgO",
          "i": 1,
          "j": 5,
          "theta_deg": -157.76492435260295
        },
        {
          "pair": "TiO2/MnO",
          "i": 1,
          "j": 6,
          "theta_deg": -100.90654521771279
        },
        {
          "pair": "TiO2/K2O",
          "i": 1,
          "j": 7,
          "theta_deg": 170.20107695270514
        },
        {
          "pair": "TiO2/Na2O",
          "i": 1,
          "j": 8,
          "theta_deg": 145.96708869933136
        },
        {
          "pair": "TiO2/P2O5",
          "i": 1,
          "j": 9,
          "theta_deg": -102.68637693425545
        },
        {
          "pair": "Al2O3/FeO",
          "i": 2,
          "j": 3,
          "theta_deg": 14.170897547909494
        },
        {
          "pair": "Al2O3/CaO",
          "i": 2,
          "j": 4,
          "theta_deg": 11.443423850310666
        },
        {
          "pair": "Al2O3/MgO",
          "i": 2,
          "j": 5,
          "theta_deg": -7.271129955318668
        },
        {
          "pair": "Al2O3/MnO",
          "i": 2,
          "j": 6,
          "theta_deg": -58.30959148365359
        },
        {
          "pair": "Al2O3/K2O",
          "i": 2,
          "j": 7,
          "theta_deg": 3.085482194925753
        },
        {
          "pair": "Al2O3/Na2O",
          "i": 2,
          "j": 8,
          "theta_deg": 11.902507791786725
        },
        {
          "pair": "Al2O3/P2O5",
          "i": 2,
          "j": 9,
          "theta_deg": -54.19851331325437
        },
        {
          "pair": "FeO/CaO",
          "i": 3,
          "j": 4,
          "theta_deg": 38.71861690033751
        },
        {
          "pair": "FeO/MgO",
          "i": 3,
          "j": 5,
          "theta_deg": -26.808074002674058
        },
        {
          "pair": "FeO/MnO",
          "i": 3,
          "j": 6,
          "theta_deg": -81.13959574430594
        },
        {
          "pair": "FeO/K2O",
          "i": 3,
          "j": 7,
          "theta_deg": 12.050733585891878
        },
        {
          "pair": "FeO/Na2O",
          "i": 3,
          "j": 8,
          "theta_deg": 39.85419378881442
        },
        {
          "pair": "FeO/P2O5",
          "i": 3,
          "j": 9,
          "theta_deg": -79.67854621228848
        },
        {
          "pair": "CaO/MgO",
          "i": 4,
          "j": 5,
          "theta_deg": -32.223812899906974
        },
        {
          "pair": "CaO/MnO",
          "i": 4,
          "j": 6,
          "theta_deg": -82.87651123995839
        },
        {
          "pair": "CaO/K2O",
          "i": 4,
          "j": 7,
          "theta_deg": 14.911373086184884
        },
        {
          "pair": "CaO/Na2O",
          "i": 4,
          "j": 8,
          "theta_deg": 46.158308691164116
        },
        {
          "pair": "CaO/P2O5",
          "i": 4,
          "j": 9,
          "theta_deg": -81.69345338371835
        },
        {
          "pair": "MgO/MnO",
          "i": 5,
          "j": 6,
          "theta_deg": -94.50401443689675
        },
        {
          "pair": "MgO/K2O",
          "i": 5,
          "j": 7,
          "theta_deg": 157.09715756866652
        },
        {
          "pair": "MgO/Na2O",
          "i": 5,
          "j": 8,
          "theta_deg": 121.18780355708299
        },
        {
          "pair": "MgO/P2O5",
          "i": 5,
          "j": 9,
          "theta_deg": -95.257917682701
        },
        {
          "pair": "MnO/K2O",
          "i": 6,
          "j": 7,
          "theta_deg": 178.0939407060356
        },
        {
          "pair": "MnO/Na2O",
          "i": 6,
          "j": 8,
          "theta_deg": 172.5857137565886
        },
        {
          "pair": "MnO/P2O5",
          "i": 6,
          "j": 9,
          "theta_deg": -139.43734933521077
        },
        {
          "pair": "K2O/Na2O",
          "i": 7,
          "j": 8,
          "theta_deg": 75.65480336860783
        },
        {
          "pair": "K2O/P2O5",
          "i": 7,
          "j": 9,
          "theta_deg": -87.77352594688773
        },
        {
          "pair": "Na2O/P2O5",
          "i": 8,
          "j": 9,
          "theta_deg": -81.355699113672
        }
      ],
      "angular_velocity_deg": 22.741483989075217,
      "metric_tensor": [
        [
          2.432868435535196,
          -9.094112612833058,
          -0.9460498118369269,
          -3.434296537457165,
          -3.744091772596879,
          -6.615271765219974,
          -86.7482847948036,
          -4.837234367307135,
          -3.690527152895178,
          -58.01169393897703
        ],
        [
          -9.094112612833058,
          2753.51248902712,
          -31.827184160378593,
          -115.53724443617429,
          -125.95943349792641,
          -222.55220613996715,
          -2918.4019712453546,
          -162.7351404851126,
          -124.15740257482263,
          -1951.6402237492339
        ],
        [
          -0.9460498118369269,
          -31.827184160378593,
          29.798499954093668,
          -12.0192033035479,
          -13.103411342371368,
          -23.151843583452,
          -303.5979158499857,
          -16.92914477636267,
          -12.91594819029637,
          -203.0268312101046
        ],
        [
          -3.434296537457165,
          -115.53724443617429,
          -12.0192033035479,
          392.6828904220008,
          -47.567262990735486,
          -84.04451357589242,
          -1102.1039887512193,
          -61.45522419658286,
          -46.88674485520317,
          -737.0165235611822
        ],
        [
          -3.744091772596879,
          -125.95943349792641,
          -13.103411342371368,
          -47.567262990735486,
          466.7231744827378,
          -91.62585943856641,
          -1201.5207282842596,
          -66.99887350668024,
          -51.11622532927671,
          -803.5000682196608
        ],
        [
          -6.615271765219974,
          -222.55220613996715,
          -23.151843583452,
          -84.04451357589242,
          -91.62585943856641,
          1457.0074612214937,
          -2122.914349300912,
          -118.37737510981859,
          -90.31501969056947,
          -1419.669077972182
        ],
        [
          -86.7482847948036,
          -2918.4019712453546,
          -303.5979158499857,
          -1102.1039887512193,
          -1201.5207282842596,
          -2122.914349300912,
          250546.41229211274,
          -1552.3223555648385,
          -1184.3312455516773,
          -18616.598359237916
        ],
        [
          -4.837234367307135,
          -162.7351404851126,
          -16.92914477636267,
          -61.45522419658286,
          -66.99887350668024,
          -118.37737510981859,
          -1552.3223555648385,
          779.0416097235025,
          -66.04035822505867,
          -1038.0937167653792
        ],
        [
          -3.690527152895178,
          -124.15740257482263,
          -12.91594819029637,
          -46.88674485520317,
          -51.11622532927671,
          -90.31501969056947,
          -1184.3312455516773,
          -66.04035822505867,
          453.4644076320927,
          -792.004843690315
        ],
        [
          -58.01169393897703,
          -1951.6402237492339,
          -203.0268312101046,
          -737.0165235611822,
          -803.5000682196608,
          -1419.669077972182,
          -18616.598359237916,
          -1038.0937167653792,
          -792.004843690315,
          112046.29208289528
        ]
      ],
      "metric_tensor_properties": {
        "trace": 368927.3677759066,
        "condition_number": 320.91113179389083,
        "diagonal_sensitivities": [
          2.432868435535196,
          2753.51248902712,
          29.798499954093668,
          392.6828904220008,
          466.7231744827378,
          1457.0074612214937,
          250546.41229211274,
          779.0416097235025,
          453.4644076320927,
          112046.29208289528
        ],
        "off_diagonal_couplings": [
          {
            "i": 0,
            "j": 1,
            "coupling": -9.094112612833058
          },
          {
            "i": 0,
            "j": 2,
            "coupling": -0.9460498118369269
          },
          {
            "i": 0,
            "j": 3,
            "coupling": -3.434296537457165
          },
          {
            "i": 0,
            "j": 4,
            "coupling": -3.744091772596879
          },
          {
            "i": 0,
            "j": 5,
            "coupling": -6.615271765219974
          },
          {
            "i": 0,
            "j": 6,
            "coupling": -86.7482847948036
          },
          {
            "i": 0,
            "j": 7,
            "coupling": -4.837234367307135
          },
          {
            "i": 0,
            "j": 8,
            "coupling": -3.690527152895178
          },
          {
            "i": 0,
            "j": 9,
            "coupling": -58.01169393897703
          },
          {
            "i": 1,
            "j": 2,
            "coupling": -31.827184160378593
          },
          {
            "i": 1,
            "j": 3,
            "coupling": -115.53724443617429
          },
          {
            "i": 1,
            "j": 4,
            "coupling": -125.95943349792641
          },
          {
            "i": 1,
            "j": 5,
            "coupling": -222.55220613996715
          },
          {
            "i": 1,
            "j": 6,
            "coupling": -2918.4019712453546
          },
          {
            "i": 1,
            "j": 7,
            "coupling": -162.7351404851126
          },
          {
            "i": 1,
            "j": 8,
            "coupling": -124.15740257482263
          },
          {
            "i": 1,
            "j": 9,
            "coupling": -1951.6402237492339
          },
          {
            "i": 2,
            "j": 3,
            "coupling": -12.0192033035479
          },
          {
            "i": 2,
            "j": 4,
            "coupling": -13.103411342371368
          },
          {
            "i": 2,
            "j": 5,
            "coupling": -23.151843583452
          },
          {
            "i": 2,
            "j": 6,
            "coupling": -303.5979158499857
          },
          {
            "i": 2,
            "j": 7,
            "coupling": -16.92914477636267
          },
          {
            "i": 2,
            "j": 8,
            "coupling": -12.91594819029637
          },
          {
            "i": 2,
            "j": 9,
            "coupling": -203.0268312101046
          },
          {
            "i": 3,
            "j": 4,
            "coupling": -47.567262990735486
          },
          {
            "i": 3,
            "j": 5,
            "coupling": -84.04451357589242
          },
          {
            "i": 3,
            "j": 6,
            "coupling": -1102.1039887512193
          },
          {
            "i": 3,
            "j": 7,
            "coupling": -61.45522419658286
          },
          {
            "i": 3,
            "j": 8,
            "coupling": -46.88674485520317
          },
          {
            "i": 3,
            "j": 9,
            "coupling": -737.0165235611822
          },
          {
            "i": 4,
            "j": 5,
            "coupling": -91.62585943856641
          },
          {
            "i": 4,
            "j": 6,
            "coupling": -1201.5207282842596
          },
          {
            "i": 4,
            "j": 7,
            "coupling": -66.99887350668024
          },
          {
            "i": 4,
            "j": 8,
            "coupling": -51.11622532927671
          },
          {
            "i": 4,
            "j": 9,
            "coupling": -803.5000682196608
          },
          {
            "i": 5,
            "j": 6,
            "coupling": -2122.914349300912
          },
          {
            "i": 5,
            "j": 7,
            "coupling": -118.37737510981859
          },
          {
            "i": 5,
            "j": 8,
            "coupling": -90.31501969056947
          },
          {
            "i": 5,
            "j": 9,
            "coupling": -1419.669077972182
          },
          {
            "i": 6,
            "j": 7,
            "coupling": -1552.3223555648385
          },
          {
            "i": 6,
            "j": 8,
            "coupling": -1184.3312455516773
          },
          {
            "i": 6,
            "j": 9,
            "coupling": -18616.598359237916
          },
          {
            "i": 7,
            "j": 8,
            "coupling": -66.04035822505867
          },
          {
            "i": 7,
            "j": 9,
            "coupling": -1038.0937167653792
          },
          {
            "i": 8,
            "j": 9,
            "coupling": -792.004843690315
          }
        ],
        "asymmetry_ratio": 102983.95450923599,
        "precision_digits_available": 12
      },
      "helmsman": {
        "helmsman_index": 7,
        "helmsman_carrier": "K2O",
        "helmsman_delta_clr": 1.2155684479316844,
        "all_deltas": [
          {
            "carrier": "K2O",
            "index": 7,
            "delta_clr": 1.2155684479316844,
            "abs_delta": 1.2155684479316844
          },
          {
            "carrier": "MgO",
            "index": 5,
            "delta_clr": -1.174645026565278,
            "abs_delta": 1.174645026565278
          },
          {
            "carrier": "CaO",
            "index": 4,
            "delta_clr": -0.7330940849504888,
            "abs_delta": 0.7330940849504888
          },
          {
            "carrier": "Na2O",
            "index": 8,
            "delta_clr": 0.4692748340560735,
            "abs_delta": 0.4692748340560735
          },
          {
            "carrier": "SiO2",
            "index": 0,
            "delta_clr": 0.3477944711341463,
            "abs_delta": 0.3477944711341463
          },
          {
            "carrier": "Al2O3",
            "index": 2,
            "delta_clr": 0.32446916818684635,
            "abs_delta": 0.32446916818684635
          },
          {
            "carrier": "P2O5",
            "index": 9,
            "delta_clr": -0.3017563465024029,
            "abs_delta": 0.3017563465024029
          },
          {
            "carrier": "MnO",
            "index": 6,
            "delta_clr": 0.28477689975247333,
            "abs_delta": 0.28477689975247333
          },
          {
            "carrier": "FeO",
            "index": 3,
            "delta_clr": -0.2643816883096739,
            "abs_delta": 0.2643816883096739
          },
          {
            "carrier": "TiO2",
            "index": 1,
            "delta_clr": -0.16800667473338393,
            "abs_delta": 0.16800667473338393
          }
        ]
      },
      "higgins_scale": 0.4199076233314858,
      "ring": "Hs-3",
      "shannon_entropy": 1.3357120590764078,
      "metric_energy": 26.153937825090686,
      "clr_norm": 5.114092082187286,
      "ilr_norm": 5.114092082187286
    },
    {
      "index": 2,
      "label": "Canary_Islands",
      "raw_values": [
        0.4932035303,
        0.0362463563,
        0.1449595113,
        0.0708462437,
        0.108357411,
        0.08370251,
        0.0020668345,
        0.0147799433,
        0.0379600552,
        0.0078776044
      ],
      "composition": [
        0.4932035303,
        0.0362463563,
        0.1449595113,
        0.0708462437,
        0.108357411,
        0.08370251,
        0.0020668345,
        0.0147799433,
        0.0379600552,
        0.0078776044
      ],
      "clr": [
        2.474844043056495,
        -0.1357390257696136,
        1.2503765848579815,
        0.5344340609321265,
        0.9593572381950035,
        0.7011910789421951,
        -3.000059676393142,
        -1.0328068069086966,
        -0.08954345825322463,
        -1.6620540386591212
      ],
      "ilr": [
        1.8459609908177286,
        -0.06599258188581458,
        0.5733606112098708,
        0.06406037588743252,
        0.2879774595637572,
        3.670077718804012,
        1.3381839806578393,
        0.29085012671835037,
        1.7519587854814571
      ],
      "bearing_tensor": [
        {
          "pair": "SiO2/TiO2",
          "i": 0,
          "j": 1,
          "theta_deg": -3.1393851670705857
        },
        {
          "pair": "SiO2/Al2O3",
          "i": 0,
          "j": 2,
          "theta_deg": 26.80448012601034
        },
        {
          "pair": "SiO2/FeO",
          "i": 0,
          "j": 3,
          "theta_deg": 12.185707843573512
        },
        {
          "pair": "SiO2/CaO",
          "i": 0,
          "j": 4,
          "theta_deg": 21.188498331993188
        },
        {
          "pair": "SiO2/MgO",
          "i": 0,
          "j": 5,
          "theta_deg": 15.81887820081436
        },
        {
          "pair": "SiO2/MnO",
          "i": 0,
          "j": 6,
          "theta_deg": -50.47970053594756
        },
        {
          "pair": "SiO2/K2O",
          "i": 0,
          "j": 7,
          "theta_deg": -22.65184976368107
        },
        {
          "pair": "SiO2/Na2O",
          "i": 0,
          "j": 8,
          "theta_deg": -2.0721407691811287
        },
