{
  "metadata": {
    "_function": "provenance",
    "_description": "Identity, schema version, run-time provenance.",
    "schema_version": "2.1.0",
    "engine_version": "cnt 2.0.4",
    "engine_implementation": "python",
    "generated": "2026-05-06T01:24:14.387645+00:00",
    "wall_clock_ms": 78,
    "mathematical_lineage": {
      "Aitchison_1986": "CLR transform, simplex geometry, Aitchison distance",
      "Shannon_1948": "Entropy H = -sum x_j ln x_j",
      "Egozcue_2003": "ILR, Helmert basis, orthonormal coordinates",
      "Higgins_2026": "CNT tensor decomposition, recursive depth sounder, metric dual involution"
    },
    "engine_config": {
      "_description": "Active values from the USER CONFIGURATION block at top of cnt.py. Two runs with identical config and input produce identical content_sha256. Two runs with different config produce different content_sha256 - that is correct.",
      "DEFAULT_DELTA": 1e-15,
      "DEGEN_THRESHOLD": 0.0001,
      "LOCK_CLR_THRESHOLD": -10.0,
      "DEPTH_MAX_LEVELS": 50,
      "DEPTH_PRECISION_TARGET": 0.01,
      "NOISE_FLOOR_OMEGA_VAR": 1e-06,
      "TRIADIC_T_LIMIT": 500,
      "TRIADIC_K_DEFAULT": 500,
      "EITT_GATE_PCT": 5.0,
      "EITT_M_SWEEP_BASE": [
        2,
        4,
        8,
        16,
        32,
        64,
        128
      ],
      "active_overrides": {}
    },
    "units": {
      "input_units": "ratio",
      "higgins_scale_units": "neper",
      "units_scale_factor_to_neper": 1.0,
      "feature": "v1.1-B native units",
      "schema_addition": "2.1.0",
      "_description": "v1.1-B native units (additive 2.1.0).",
      "report_units_scale_factors": true
    },
    "environment": {
      "git_sha": "unknown",
      "language_version": "python 3.10.12",
      "numerical_lib": "numpy 2.2.6",
      "platform": "Linux-6.8.0-106-generic-x86_64-with-glibc2.35",
      "hostname_hash": "c857d09db23e6822e3600bc06ad8d58f92ed62bc8efd81c753f77048662cb97d"
    }
  },
  "input": {
    "_function": "provenance",
    "_description": "Source data identity, hashes, and ordering declaration.",
    "source_file": "ember_FRA_France_generation_TWh.csv",
    "source_file_sha256": "7d929d9c4c7d1b47754582e586f88b44c8dc286c726421e4dd3b190497a919ea",
    "closed_data_sha256": "f46d758c991ee166ef1b08f4edc5b02e0d0ddd5d312fbfcb8b07ed6277587fdb",
    "n_records": 26,
    "n_carriers": 9,
    "carriers": [
      "Bioenergy",
      "Coal",
      "Gas",
      "Hydro",
      "Nuclear",
      "Other Fossil",
      "Other Renewables",
      "Solar",
      "Wind"
    ],
    "labels": [
      "2000",
      "2001",
      "2002",
      "2003",
      "2004",
      "2005",
      "2006",
      "2007",
      "2008",
      "2009",
      "2010",
      "2011",
      "2012",
      "2013",
      "2014",
      "2015",
      "2016",
      "2017",
      "2018",
      "2019",
      "2020",
      "2021",
      "2022",
      "2023",
      "2024",
      "2025"
    ],
    "zero_replacement": {
      "method": "multiplicative",
      "delta": 1e-15,
      "applied": false,
      "n_replacements": 0
    },
    "ordering": {
      "is_temporal": true,
      "ordering_method": "by-time",
      "caveat": null
    }
  },
  "tensor": {
    "_function": "composer",
    "_description": "Per-record compositional state. coda_standard fields follow Aitchison/Egozcue/Shannon. higgins_extensions are HUF-framework readings of the same simplex; see schema \u00a78 for the mapping.",
    "helmert_basis": {
      "D": 9,
      "dim": 8,
      "coefficients": [
        [
          0.7071067811865476,
          -0.7071067811865476,
          0.0,
          0.0,
          0.0,
          0.0,
          0.0,
          0.0,
          0.0
        ],
        [
          0.408248290463863,
          0.408248290463863,
          -0.816496580927726,
          0.0,
          0.0,
          0.0,
          0.0,
          0.0,
          0.0
        ],
        [
          0.28867513459481287,
          0.28867513459481287,
          0.28867513459481287,
          -0.8660254037844386,
          0.0,
          0.0,
          0.0,
          0.0,
          0.0
        ],
        [
          0.22360679774997896,
          0.22360679774997896,
          0.22360679774997896,
          0.22360679774997896,
          -0.8944271909999159,
          0.0,
          0.0,
          0.0,
          0.0
        ],
        [
          0.18257418583505539,
          0.18257418583505539,
          0.18257418583505539,
          0.18257418583505539,
          0.18257418583505539,
          -0.9128709291752769,
          0.0,
          0.0,
          0.0
        ],
        [
          0.1543033499620919,
          0.1543033499620919,
          0.1543033499620919,
          0.1543033499620919,
          0.1543033499620919,
          0.1543033499620919,
          -0.9258200997725514,
          0.0,
          0.0
        ],
        [
          0.1336306209562122,
          0.1336306209562122,
          0.1336306209562122,
          0.1336306209562122,
          0.1336306209562122,
          0.1336306209562122,
          0.1336306209562122,
          -0.9354143466934853,
          0.0
        ],
        [
          0.11785113019775792,
          0.11785113019775792,
          0.11785113019775792,
          0.11785113019775792,
          0.11785113019775792,
          0.11785113019775792,
          0.11785113019775792,
          0.11785113019775792,
          -0.9428090415820634
        ]
      ]
    },
    "timesteps": [
      {
        "raw_values": [
          2.48,
          27.0,
          11.51,
          64.78,
          415.16,
          11.06,
          0.51,
          0.01,
          0.05
        ],
        "index": 0,
        "label": "2000",
        "coda_standard": {
          "composition": [
            0.0046567522908216915,
            0.050698512843623256,
            0.021612588252966802,
            0.12163887637073759,
            0.7795553552651345,
            0.020767613038906417,
            0.000957638575935106,
            1.8777226979119727e-05,
            9.388613489559863e-05
          ],
          "shannon_entropy": 0.7976361228640425,
          "aitchison_norm": 9.717212119041939,
          "ilr": [
            -1.6882728106644704,
            -0.27856292164386565,
            -1.6932757014638793,
            -2.9731536615888525,
            0.8818876462357094,
            3.593782863763377,
            6.7901933612517995,
            4.470995046930178
          ],
          "clr": [
            -0.3113037213835126,
            2.076274584443926,
            1.2236539411733882,
            2.9514346321827802,
            4.809101706536685,
            1.1837727145337857,
            -1.8929068348241689,
            -5.824732467548494,
            -4.2152945551143945
          ]
        },
        "higgins_extensions": {
          "metric_tensor": {
            "matrix": [
              [
                40990.31009365244,
                -470.629486260454,
                -1103.9961884476331,
                -196.1561613002818,
                -30.607467311475713,
                -1148.9146590445077,
                -24915.678684376973,
                -1270699.6129032255,
                -254139.92258064513
              ],
              [
                -470.629486260454,
                345.8255187928669,
                -101.40409434630111,
                -18.01730666758144,
                -2.811352553054065,
                -105.529939052977,
                -2288.5512273057366,
                -116716.11259259256,
                -23343.222518518513
              ],
              [
                -1103.9961884476331,
                -101.40409434630111,
                1902.9786601912285,
                -42.26475065375316,
                -6.594832226973047,
                -247.55068240055422,
                -5368.452053627705,
                -273791.05473501293,
                -54758.2109470026
              ],
              [
                -196.1561613002818,
                -18.01730666758144,
                -42.26475065375316,
                60.07623093852409,
                -1.1717585509796196,
                -43.984383365705135,
                -953.857411813135,
                -48646.72800246988,
                -9729.345600493976
              ],
              [
                -30.607467311475713,
                -2.811352553054065,
                -6.594832226973047,
                -1.1717585509796196,
                1.4626942659689712,
                -6.863157227166342,
                -148.83631163227403,
                -7590.651893245975,
                -1518.1303786491953
              ],
              [
                -1148.9146590445077,
                -105.529939052977,
                -247.55068240055422,
                -43.984383365705135,
                -6.863157227166342,
                2060.9825348501836,
                -5586.879126334075,
                -284930.83544303785,
                -56986.16708860757
              ],
              [
                -24915.678684376973,
                -2288.5512273057366,
                -5368.452053627705,
                -953.857411813135,
                -148.83631163227403,
                -5586.879126334075,
                969268.7550941942,
                -6179088.313725488,
                -1235817.6627450977
              ],
              [
                -1270699.6129032255,
                -116716.11259259256,
                -273791.05473501293,
                -48646.72800246988,
                -7590.651893245975,
                -284930.83544303785,
                -6179088.313725488,
                2521068031.999999,
                -63026700.799999975
              ],
              [
                -254139.92258064513,
                -23343.222518518513,
                -54758.2109470026,
                -9729.345600493976,
                -1518.1303786491953,
                -56986.16708860757,
                -1235817.6627450977,
                -63026700.799999975,
                100842721.27999997
              ]
            ],
            "eigenvalues": [
              -1.1902516365528765e-09,
              32.590713645398104,
              262.6995345982204,
              1398.6394234348347,
              2235.341360811855,
              38551.65603251925,
              935722.9408316725,
              99223265.26280546,
              2522723914.5401235
            ],
            "trace": 2622925383.670826
          },
          "metric_tensor_diagonal": [
            40990.31009365244,
            345.8255187928669,
            1902.9786601912285,
            60.07623093852409,
            1.4626942659689712,
            2060.9825348501836,
            969268.7550941942,
            2521068031.999999,
            100842721.27999997
          ],
          "bearing_tensor": {
            "pairs": [
              {
                "carrier_i": "Bioenergy",
                "carrier_j": "Coal",
                "theta_deg": 98.5270556011843
              },
              {
                "carrier_i": "Bioenergy",
                "carrier_j": "Gas",
                "theta_deg": 104.27353950260847
              },
              {
                "carrier_i": "Bioenergy",
                "carrier_j": "Hydro",
                "theta_deg": 96.02103248307313
              },
              {
                "carrier_i": "Bioenergy",
                "carrier_j": "Nuclear",
                "theta_deg": 93.70371431015705
              },
              {
                "carrier_i": "Bioenergy",
                "carrier_j": "Other Fossil",
                "theta_deg": 104.73381142198811
              },
              {
                "carrier_i": "Bioenergy",
                "carrier_j": "Other Renewables",
                "theta_deg": -99.33915264915677
              },
              {
                "carrier_i": "Bioenergy",
                "carrier_j": "Solar",
                "theta_deg": -93.05927113370682
              },
              {
                "carrier_i": "Bioenergy",
                "carrier_j": "Wind",
                "theta_deg": -94.2236831779339
              },
              {
                "carrier_i": "Coal",
                "carrier_j": "Gas",
                "theta_deg": 30.513002279381517
              },
              {
                "carrier_i": "Coal",
                "carrier_j": "Hydro",
                "theta_deg": 54.87438858416979
              },
              {
                "carrier_i": "Coal",
                "carrier_j": "Nuclear",
                "theta_deg": 66.64828089124406
              },
              {
                "carrier_i": "Coal",
                "carrier_j": "Other Fossil",
                "theta_deg": 29.6893091851801
              },
              {
                "carrier_i": "Coal",
                "carrier_j": "Other Renewables",
                "theta_deg": -42.3549373694094
              },
              {
                "carrier_i": "Coal",
                "carrier_j": "Solar",
                "theta_deg": -70.38096574809076
              },
              {
                "carrier_i": "Coal",
                "carrier_j": "Wind",
                "theta_deg": -63.777106405186736
              },
              {
                "carrier_i": "Gas",
                "carrier_j": "Hydro",
                "theta_deg": 67.48128370364019
              },
              {
                "carrier_i": "Gas",
                "carrier_j": "Nuclear",
                "theta_deg": 75.72428675984
              },
              {
                "carrier_i": "Gas",
                "carrier_j": "Other Fossil",
                "theta_deg": 44.050929767257244
              },
              {
                "carrier_i": "Gas",
                "carrier_j": "Other Renewables",
                "theta_deg": -57.11968695746063
              },
              {
                "carrier_i": "Gas",
                "carrier_j": "Solar",
                "theta_deg": -78.1358860539014
              },
              {
                "carrier_i": "Gas",
                "carrier_j": "Wind",
                "theta_deg": -73.81256446192285
              },
              {
                "carrier_i": "Hydro",
                "carrier_j": "Nuclear",
                "theta_deg": 58.461789941657045
              },
              {
                "carrier_i": "Hydro",
                "carrier_j": "Other Fossil",
                "theta_deg": 21.854923130428787
              },
              {
                "carrier_i": "Hydro",
                "carrier_j": "Other Renewables",
                "theta_deg": -32.674140900611356
              },
              {
                "carrier_i": "Hydro",
                "carrier_j": "Solar",
                "theta_deg": -63.12833306100204
              },
              {
                "carrier_i": "Hydro",
                "carrier_j": "Wind",
                "theta_deg": -55.00133519732271
              },
              {
                "carrier_i": "Nuclear",
                "carrier_j": "Other Fossil",
                "theta_deg": 13.828581695161503
              },
              {
                "carrier_i": "Nuclear",
                "carrier_j": "Other Renewables",
                "theta_deg": -21.485056950274796
              },
              {
                "carrier_i": "Nuclear",
                "carrier_j": "Solar",
                "theta_deg": -50.455734601435616
              },
              {
                "carrier_i": "Nuclear",
                "carrier_j": "Wind",
                "theta_deg": -41.235352752978976
              },
              {
                "carrier_i": "Other Fossil",
                "carrier_j": "Other Renewables",
                "theta_deg": -57.97925364951221
              },
              {
                "carrier_i": "Other Fossil",
                "carrier_j": "Solar",
                "theta_deg": -78.51211456846394
              },
              {
                "carrier_i": "Other Fossil",
                "carrier_j": "Wind",
                "theta_deg": -74.31377138179914
              },
              {
                "carrier_i": "Other Renewables",
                "carrier_j": "Solar",
                "theta_deg": -108.00299417226465
              },
              {
                "carrier_i": "Other Renewables",
                "carrier_j": "Wind",
                "theta_deg": -114.18279030942158
              },
              {
                "carrier_i": "Solar",
                "carrier_j": "Wind",
                "theta_deg": -144.1071558918767
              }
            ]
          },
          "higgins_scale": 0.6369801561973025,
          "condition_number": 41515.99999999999
        }
      },
      {
        "raw_values": [
          2.85,
          20.48,
          15.15,
          72.62,
          421.08,
          9.8,
          0.48,
          0.01,
          0.13
        ],
        "index": 1,
        "label": "2001",
        "coda_standard": {
          "aitchison_distance_step": 0.9978294625363691,
          "composition": [
            0.005252488020641357,
            0.03774419461850351,
            0.027921120530777742,
            0.13383708072244752,
            0.7760412827128641,
            0.018061186877994843,
            0.000884629561371176,
            1.8429782528566166e-05,
            0.00023958717287136017
          ],
          "shannon_entropy": 0.7980114769448495,
          "aitchison_norm": 9.35714897433566,
          "ilr": [
            -1.3945063591254576,
            -0.5589871415028378,
            -1.7525331084463311,
            -2.929535863169056,
            1.0408407551007528,
            3.6722698955971276,
            6.8014559836775055,
            3.5800629165727815
          ],
          "clr": [
            -0.2877758643703556,
            1.684353941520392,
            1.3829056733044633,
            2.950145507335275,
            4.707727980732209,
            0.9472875270256118,
            -2.0690640337311157,
            -5.940265044639006,
            -3.37531568717747
          ]
        },
        "higgins_extensions": {
          "metric_tensor": {
            "matrix": [
              [
                32219.39167607126,
                -560.4569474902532,
                -757.6342102046458,
                -158.0578116854914,
                -27.25885410040939,
                -1171.2406412857536,
                -23912.82975958414,
                -1147815.8284600386,
                -88293.52526615681
              ],
              [
                -560.4569474902532,
                623.9462110731336,
                -105.43249507242386,
                -21.995349770686055,
                -3.793346395808924,
                -162.99003064767567,
                -3327.713125723378,
                -159730.2300347222,
                -12286.940771901704
              ],
              [
                -757.6342102046458,
                -105.43249507242386,
                1140.2019797139224,
                -29.733647742815208,
                -5.127903246611667,
                -220.33239786563678,
                -4498.453123090085,
                -215925.74990832407,
                -16609.67306987108
              ],
              [
                -158.0578116854914,
                -21.995349770686055,
                -29.733647742815208,
                49.6243198351584,
                -1.0697842768681733,
                -45.96579217384188,
                -938.4682568826051,
                -45046.47633036504,
                -3465.1135638742335
              ],
              [
                -27.25885410040939,
                -3.793346395808924,
                -5.127903246611667,
                -1.0697842768681733,
                1.475971011421426,
                -7.927319814914975,
                -161.84944622118076,
                -7768.773418616676,
                -597.5979552782059
              ],
              [
                -1171.2406412857536,
                -162.99003064767567,
                -220.33239786563678,
                -45.96579217384188,
                -7.927319814914975,
                2724.927206256651,
                -6954.241307634163,
                -333803.58276643977,
                -25677.198674341522
              ],
              [
                -23912.82975958414,
                -3327.713125723378,
                -4498.453123090085,
                -938.4682568826051,
                -161.84944622118076,
                -6954.241307634163,
                1135859.4135802465,
                -6815156.481481479,
                -524242.8062678061
              ],
              [
                -1147815.8284600386,
                -159730.2300347222,
                -215925.74990832407,
                -45046.47633036504,
                -7768.773418616676,
                -333803.58276643977,
                -6815156.481481479,
                2617020088.8888884,
                -25163654.70085469
              ],
              [
                -88293.52526615681,
                -12286.940771901704,
                -16609.67306987108,
                -3465.1135638742335,
                -597.5979552782059,
                -25677.198674341522,
                -524242.8062678061,
                -25163654.70085469,
                15485325.969756732
              ]
            ],
            "eigenvalues": [
              5.57366314555108e-10,
              27.777711645705708,
              420.86458865406456,
              1050.3646974688672,
              2579.4899982914903,
              30358.682321549502,
              1094547.0724401542,
              15267286.004759133,
              2617281763.5830717
            ],
            "trace": 2633678033.839589
          },
          "helmsman": "Wind",
          "metric_tensor_diagonal": [
            32219.39167607126,
            623.9462110731336,
            1140.2019797139224,
            49.6243198351584,
            1.475971011421426,
            2724.927206256651,
            1135859.4135802465,
            2617020088.8888884,
            15485325.969756732
          ],
          "bearing_tensor": {
            "pairs": [
              {
                "carrier_i": "Bioenergy",
                "carrier_j": "Coal",
                "theta_deg": 99.69550412450248
              },
              {
                "carrier_i": "Bioenergy",
                "carrier_j": "Gas",
                "theta_deg": 101.75520514765817
              },
              {
                "carrier_i": "Bioenergy",
                "carrier_j": "Hydro",
                "theta_deg": 95.57136652826777
              },
              {
                "carrier_i": "Bioenergy",
                "carrier_j": "Nuclear",
                "theta_deg": 93.49804645443042
              },
              {
                "carrier_i": "Bioenergy",
                "carrier_j": "Other Fossil",
                "theta_deg": 106.89822297391656
              },
              {
                "carrier_i": "Bioenergy",
                "carrier_j": "Other Renewables",
                "theta_deg": -97.91818863182077
              },
              {
                "carrier_i": "Bioenergy",
                "carrier_j": "Solar",
                "theta_deg": -92.77352299583438
              },
              {
                "carrier_i": "Bioenergy",
                "carrier_j": "Wind",
                "theta_deg": -94.8731927938028
              },
              {
                "carrier_i": "Coal",
                "carrier_j": "Gas",
                "theta_deg": 39.38703352469214
              },
              {
                "carrier_i": "Coal",
                "carrier_j": "Hydro",
                "theta_deg": 60.2762568834586
              },
              {
                "carrier_i": "Coal",
                "carrier_j": "Nuclear",
                "theta_deg": 70.31355805128744
              },
              {
                "carrier_i": "Coal",
                "carrier_j": "Other Fossil",
                "theta_deg": 29.35357846435719
              },
              {
                "carrier_i": "Coal",
                "carrier_j": "Other Renewables",
                "theta_deg": -50.85214861467648
              },
              {
                "carrier_i": "Coal",
                "carrier_j": "Solar",
                "theta_deg": -74.16938844963784
              },
              {
                "carrier_i": "Coal",
                "carrier_j": "Wind",
                "theta_deg": -63.47983321776758
              },
              {
                "carrier_i": "Gas",
                "carrier_j": "Hydro",
                "theta_deg": 64.88476757721949
              },
              {
                "carrier_i": "Gas",
                "carrier_j": "Nuclear",
                "theta_deg": 73.62973057524621
              },
              {
                "carrier_i": "Gas",
                "carrier_j": "Other Fossil",
                "theta_deg": 34.41106275612434
              },
              {
                "carrier_i": "Gas",
                "carrier_j": "Other Renewables",
                "theta_deg": -56.24231832377366
              },
              {
                "carrier_i": "Gas",
                "carrier_j": "Solar",
                "theta_deg": -76.89485153607369
              },
              {
                "carrier_i": "Gas",
                "carrier_j": "Wind",
                "theta_deg": -67.72052302263417
              },
              {
                "carrier_i": "Hydro",
                "carrier_j": "Nuclear",
                "theta_deg": 57.92626735258331
              },
              {
                "carrier_i": "Hydro",
                "carrier_j": "Other Fossil",
                "theta_deg": 17.801750535563777
              },
              {
                "carrier_i": "Hydro",
                "carrier_j": "Other Renewables",
                "theta_deg": -35.04363246385136
              },
              {
                "carrier_i": "Hydro",
                "carrier_j": "Solar",
                "theta_deg": -63.589381279218344
              },
              {
                "carrier_i": "Hydro",
                "carrier_j": "Wind",
                "theta_deg": -48.84539068959193
              },
              {
                "carrier_i": "Nuclear",
                "carrier_j": "Other Fossil",
                "theta_deg": 11.377111521210699
              },
              {
                "carrier_i": "Nuclear",
                "carrier_j": "Other Renewables",
                "theta_deg": -23.72566820558916
              },
              {
                "carrier_i": "Nuclear",
                "carrier_j": "Solar",
                "theta_deg": -51.60277296119649
              },
              {
                "carrier_i": "Nuclear",
                "carrier_j": "Wind",
                "theta_deg": -35.639516199063344
              },
              {
                "carrier_i": "Other Fossil",
                "carrier_j": "Other Renewables",
                "theta_deg": -65.40009038938186
              },
              {
                "carrier_i": "Other Fossil",
                "carrier_j": "Solar",
                "theta_deg": -80.93939581598526
              },
              {
                "carrier_i": "Other Fossil",
                "carrier_j": "Wind",
                "theta_deg": -74.32314313987276
              },
              {
                "carrier_i": "Other Renewables",
                "carrier_j": "Solar",
                "theta_deg": -109.20382685238644
              },
              {
                "carrier_i": "Other Renewables",
                "carrier_j": "Wind",
                "theta_deg": -121.50824187897753
              },
              {
                "carrier_i": "Solar",
                "carrier_j": "Wind",
                "theta_deg": -150.3943455000509
              }
            ]
          },
          "helmsman_delta": 0.8399788679369244,
          "higgins_scale": 0.6368093251931899,
          "condition_number": 42108.0,
          "angular_velocity_deg": 5.593917055792921
        }
      },
      {
        "raw_values": [
          3.04,
          23.66,
          18.37,
          58.88,
          436.76,
          9.76,
          0.49,
          0.01,
          0.27
        ],
        "index": 2,
        "label": "2002",
        "coda_standard": {
          "aitchison_distance_step": 0.7323242359497042,
          "composition": [
            0.005514839271460707,
            0.04292141354038168,
            0.03332486757129381,
            0.10681372904723896,
            0.7923227632247297,
            0.01770553660837385,
            0.0008889050141499165,
            1.8140918656120747e-05,
            0.0004898048037152602
          ],
          "shannon_entropy": 0.7821119409238635,
          "aitchison_norm": 9.118899843250988,
          "ilr": [
            -1.450932445937592,
            -0.631067931204857,
            -1.454963713547424,
            -2.9193369263230875,
            1.086277260103674,
            3.6877944100314286,
            6.834188184627061,
            2.91984265299802
          ],
          "clr": [
            -0.3316632178415997,
            1.7202651252905103,
            1.4671981659673041,
            2.6319807411608904,
            4.6358631118861355,
            0.8347716671652705,
            -2.1568706211371955,
            -6.048690919247822,
            -2.7528540532434924
          ]
        },
        "higgins_extensions": {
          "metric_tensor": {
            "matrix": [
              [
                29226.83302554632,
                -469.4081381955876,
                -604.5833723302994,
                -188.6242620534579,
                -25.428602778889093,
                -1137.929974355287,
                -22665.707244301226,
                -1110619.65497076,
                -41134.06129521333
              ],
              [
                -469.4081381955876,
                482.5023635214155,
                -77.68104192240536,
                -24.235746265533052,
                -3.2672422843543054,
                -146.20909222485514,
                -2912.246408397115,
                -142700.0740114586,
                -5285.187926350319
              ],
              [
                -604.5833723302994,
                -77.68104192240536,
                800.4065114356496,
                -31.214902375749155,
                -4.208108462048059,
                -188.31285367665066,
                -3750.8845956818577,
                -183793.34518841104,
                -6807.160932904112
              ],
              [
                -188.6242620534579,
                -24.235746265533052,
                -31.214902375749155,
                77.91002128295,
                -1.3128898173882957,
                -58.75181932812623,
                -1170.2403196785958,
                -57341.77566425119,
                -2123.7694690463404
              ],
              [
                -25.428602778889093,
                -3.2672422843543054,
                -4.208108462048059,
                -1.3128898173882957,
                1.415934654232491,
                -7.920384472112997,
                -157.7611274445364,
                -7730.2952447822845,
                -286.30723128823274
              ],
              [
                -1137.929974355287,
                -146.20909222485514,
                -188.31285367665066,
                -58.75181932812623,
                -7.920384472112997,
                2835.497641016453,
                -7059.810453143005,
                -345930.7122040072,
                -12812.248600148418
              ],
              [
                -22665.707244301226,
                -2912.246408397115,
                -3750.8845956818577,
                -1170.2403196785958,
                -157.7611274445364,
                -7059.810453143005,
                1124959.1840436854,
                -6890375.002267572,
                -255199.07415805824
              ],
              [
                -1110619.65497076,
                -142700.0740114586,
                -183793.34518841104,
                -57341.77566425119,
                -7730.2952447822845,
                -345930.7122040072,
                -6890375.002267572,
                2701027000.8888884,
                -12504754.633744853
              ],
              [
                -41134.06129521333,
                -5285.187926350319,
                -6807.160932904112,
                -2123.7694690463404,
                -286.30723128823274,
                -12812.248600148418,
                -255199.07415805824,
                -12504754.633744853,
                3705112.4840725493
              ]
            ],
            "eigenvalues": [
              -6.681971596158772e-10,
              41.392261685106234,
              336.5389257079987,
              757.9727891532224,
              2632.724702312228,
              27541.836605341552,
              1076331.9902466503,
              3679783.2146280394,
              2701103071.4523435
            ],
            "trace": 2705890497.1225023
          },
          "helmsman": "Wind",
          "metric_tensor_diagonal": [
            29226.83302554632,
            482.5023635214155,
            800.4065114356496,
            77.91002128295,
            1.415934654232491,
            2835.497641016453,
            1124959.1840436854,
            2701027000.8888884,
            3705112.4840725493
          ],
          "bearing_tensor": {
            "pairs": [
              {
                "carrier_i": "Bioenergy",
                "carrier_j": "Coal",
                "theta_deg": 100.9126005758116
              },
              {
                "carrier_i": "Bioenergy",
                "carrier_j": "Gas",
                "theta_deg": 102.73774644344266
              },
              {
                "carrier_i": "Bioenergy",
                "carrier_j": "Hydro",
                "theta_deg": 97.18214465565669
              },
              {
                "carrier_i": "Bioenergy",
                "carrier_j": "Nuclear",
                "theta_deg": 94.09213557946735
              },
              {
                "carrier_i": "Bioenergy",
                "carrier_j": "Other Fossil",
                "theta_deg": 111.66842457129744
              },
              {
                "carrier_i": "Bioenergy",
                "carrier_j": "Other Renewables",
                "theta_deg": -98.74193152810473
              },
              {
                "carrier_i": "Bioenergy",
                "carrier_j": "Solar",
                "theta_deg": -93.13851254687597
              },
              {
                "carrier_i": "Bioenergy",
                "carrier_j": "Wind",
                "theta_deg": -96.8698703398627
              },
              {
                "carrier_i": "Coal",
                "carrier_j": "Gas",
                "theta_deg": 40.46055406523513
              },
              {
                "carrier_i": "Coal",
                "carrier_j": "Hydro",
                "theta_deg": 56.8313309367166
              },
              {
                "carrier_i": "Coal",
                "carrier_j": "Nuclear",
                "theta_deg": 69.64123625518037
              },
              {
                "carrier_i": "Coal",
                "carrier_j": "Other Fossil",
                "theta_deg": 25.885331178372443
              },
              {
                "carrier_i": "Coal",
                "carrier_j": "Other Renewables",
                "theta_deg": -51.42502850729851
              },
              {
                "carrier_i": "Coal",
                "carrier_j": "Solar",
                "theta_deg": -74.12409528982943
              },
              {
                "carrier_i": "Coal",
                "carrier_j": "Wind",
                "theta_deg": -57.99863792287258
              },
              {
                "carrier_i": "Gas",
                "carrier_j": "Hydro",
                "theta_deg": 60.86251052943661
              },
              {
                "carrier_i": "Gas",
                "carrier_j": "Nuclear",
                "theta_deg": 72.43801050821965
              },
              {
                "carrier_i": "Gas",
                "carrier_j": "Other Fossil",
                "theta_deg": 29.637985533921125
              },
              {
                "carrier_i": "Gas",
                "carrier_j": "Other Renewables",
                "theta_deg": -55.7747416201874
              },
              {
                "carrier_i": "Gas",
                "carrier_j": "Solar",
                "theta_deg": -76.36541101166667
              },
              {
                "carrier_i": "Gas",
                "carrier_j": "Wind",
                "theta_deg": -61.94356822650032
              },
              {
                "carrier_i": "Hydro",
                "carrier_j": "Nuclear",
                "theta_deg": 60.41454151852027
              },
              {
                "carrier_i": "Hydro",
                "carrier_j": "Other Fossil",
                "theta_deg": 17.59719524572201
              },
              {
                "carrier_i": "Hydro",
                "carrier_j": "Other Renewables",
                "theta_deg": -39.33412899776204
              },
              {
                "carrier_i": "Hydro",
                "carrier_j": "Solar",
                "theta_deg": -66.4845863929085
              },
              {
                "carrier_i": "Hydro",
                "carrier_j": "Wind",
                "theta_deg": -46.285901623996935
              },
              {
                "carrier_i": "Nuclear",
                "carrier_j": "Other Fossil",
                "theta_deg": 10.20776030668188
              },
              {
                "carrier_i": "Nuclear",
                "carrier_j": "Other Renewables",
                "theta_deg": -24.950562643147503
              },
              {
                "carrier_i": "Nuclear",
                "carrier_j": "Solar",
                "theta_deg": -52.53257091979839
              },
              {
                "carrier_i": "Nuclear",
                "carrier_j": "Wind",
                "theta_deg": -30.70255820976377
              },
              {
                "carrier_i": "Other Fossil",
                "carrier_j": "Other Renewables",
                "theta_deg": -68.84211305994435
              },
              {
                "carrier_i": "Other Fossil",
                "carrier_j": "Solar",
                "theta_deg": -82.14232273565689
              },
              {
                "carrier_i": "Other Fossil",
                "carrier_j": "Wind",
                "theta_deg": -73.13066996624192
              },
              {
                "carrier_i": "Other Renewables",
                "carrier_j": "Solar",
                "theta_deg": -109.62545651730586
              },
              {
                "carrier_i": "Other Renewables",
                "carrier_j": "Wind",
                "theta_deg": -128.07882149638291
              },
              {
                "carrier_i": "Solar",
                "carrier_j": "Wind",
                "theta_deg": -155.52897417827725
              }
            ]
          },
          "helmsman_delta": 0.6224616339339777,
          "higgins_scale": 0.6440455158789239,
          "condition_number": 43676.0,
          "angular_velocity_deg": 4.296274856581067
        }
      },
      {
