{
  "metadata": {
    "_function": "provenance",
    "_description": "Identity, schema version, run-time provenance.",
    "schema_version": "2.0.0",
    "engine_version": "cnt 2.0.3",
    "engine_implementation": "python",
    "generated": "2026-05-05T20:04:30.552687+00:00",
    "wall_clock_ms": 60,
    "mathematical_lineage": {
      "Aitchison_1986": "CLR transform, simplex geometry, Aitchison distance",
      "Shannon_1948": "Entropy H = -sum x_j ln x_j",
      "Egozcue_2003": "ILR, Helmert basis, orthonormal coordinates",
      "Higgins_2026": "CNT tensor decomposition, recursive depth sounder, metric dual involution"
    },
    "engine_config": {
      "_description": "Active values from the USER CONFIGURATION block at top of cnt.py. Two runs with identical config and input produce identical content_sha256. Two runs with different config produce different content_sha256 - that is correct.",
      "DEFAULT_DELTA": 1e-15,
      "DEGEN_THRESHOLD": 0.0001,
      "LOCK_CLR_THRESHOLD": -10.0,
      "DEPTH_MAX_LEVELS": 50,
      "DEPTH_PRECISION_TARGET": 0.01,
      "NOISE_FLOOR_OMEGA_VAR": 1e-06,
      "TRIADIC_T_LIMIT": 500,
      "TRIADIC_K_DEFAULT": 500,
      "EITT_GATE_PCT": 5.0,
      "EITT_M_SWEEP_BASE": [
        2,
        4,
        8,
        16,
        32,
        64,
        128
      ]
    },
    "environment": {
      "git_sha": "unknown",
      "language_version": "python 3.10.12",
      "numerical_lib": "numpy 2.2.6",
      "platform": "Linux-6.8.0-106-generic-x86_64-with-glibc2.35",
      "hostname_hash": "c857d09db23e6822e3600bc06ad8d58f92ed62bc8efd81c753f77048662cb97d"
    }
  },
  "input": {
    "_function": "provenance",
    "_description": "Source data identity, hashes, and ordering declaration.",
    "source_file": "ember_CHN_China_generation_TWh.csv",
    "source_file_sha256": "f47e4af61ed44a1760162a1350b1375cf5e98914456d5e565ba72f3f2f4cb065",
    "closed_data_sha256": "26dca82d7386e84bb43b3ea16e91ac17f4ae3e4e05020b5d3a369ebbc0758f4f",
    "n_records": 26,
    "n_carriers": 8,
    "carriers": [
      "Bioenergy",
      "Coal",
      "Gas",
      "Hydro",
      "Nuclear",
      "Other Fossil",
      "Solar",
      "Wind"
    ],
    "labels": [
      "2000",
      "2001",
      "2002",
      "2003",
      "2004",
      "2005",
      "2006",
      "2007",
      "2008",
      "2009",
      "2010",
      "2011",
      "2012",
      "2013",
      "2014",
      "2015",
      "2016",
      "2017",
      "2018",
      "2019",
      "2020",
      "2021",
      "2022",
      "2023",
      "2024",
      "2025"
    ],
    "zero_replacement": {
      "method": "multiplicative",
      "delta": 1e-15,
      "applied": false,
      "n_replacements": 0
    },
    "ordering": {
      "is_temporal": true,
      "ordering_method": "by-time",
      "caveat": null
    }
  },
  "tensor": {
    "_function": "composer",
    "_description": "Per-record compositional state. coda_standard fields follow Aitchison/Egozcue/Shannon. higgins_extensions are HUF-framework readings of the same simplex; see schema \u00a78 for the mapping.",
    "helmert_basis": {
      "D": 8,
      "dim": 7,
      "coefficients": [
        [
          0.7071067811865476,
          -0.7071067811865476,
          0.0,
          0.0,
          0.0,
          0.0,
          0.0,
          0.0
        ],
        [
          0.408248290463863,
          0.408248290463863,
          -0.816496580927726,
          0.0,
          0.0,
          0.0,
          0.0,
          0.0
        ],
        [
          0.28867513459481287,
          0.28867513459481287,
          0.28867513459481287,
          -0.8660254037844386,
          0.0,
          0.0,
          0.0,
          0.0
        ],
        [
          0.22360679774997896,
          0.22360679774997896,
          0.22360679774997896,
          0.22360679774997896,
          -0.8944271909999159,
          0.0,
          0.0,
          0.0
        ],
        [
          0.18257418583505539,
          0.18257418583505539,
          0.18257418583505539,
          0.18257418583505539,
          0.18257418583505539,
          -0.9128709291752769,
          0.0,
          0.0
        ],
        [
          0.1543033499620919,
          0.1543033499620919,
          0.1543033499620919,
          0.1543033499620919,
          0.1543033499620919,
          0.1543033499620919,
          -0.9258200997725514,
          0.0
        ],
        [
          0.1336306209562122,
          0.1336306209562122,
          0.1336306209562122,
          0.1336306209562122,
          0.1336306209562122,
          0.1336306209562122,
          0.1336306209562122,
          -0.9354143466934853
        ]
      ]
    },
    "timesteps": [
      {
        "label": "2000",
        "raw_values": [
          2.54,
          1060.26,
          5.77,
          222.41,
          16.74,
          47.27,
          0.02,
          0.59
        ],
        "index": 0,
        "coda_standard": {
          "ilr": [
            -4.266756817755414,
            1.7934712210906822,
            -1.8944195937865465,
            0.8462229021720034,
            -0.25669018241197955,
            6.97473408873355,
            2.874489698341181
          ],
          "shannon_entropy": 0.6985699595884456,
          "clr": [
            -1.2290420801381527,
            4.805063278879421,
            -0.40853408064858954,
            3.2433163642257545,
            0.6565949038927315,
            1.6946696836365471,
            -6.073229166596744,
            -2.6888389032509696
          ],
          "composition": [
            0.0018737090587193864,
            0.7821333726763058,
            0.00425641782236648,
            0.164067571555031,
            0.012348775449985246,
            0.03487016819120685,
            1.475361463558572e-05,
            0.0004352316317497787
          ],
          "aitchison_norm": 9.094073237245436
        },
        "higgins_extensions": {
          "bearing_tensor": {
            "pairs": [
              {
                "carrier_i": "Bioenergy",
                "carrier_j": "Coal",
                "theta_deg": 104.34753964080345
              },
              {
                "carrier_i": "Bioenergy",
                "carrier_j": "Gas",
                "theta_deg": -161.61317239535305
              },
              {
                "carrier_i": "Bioenergy",
                "carrier_j": "Hydro",
                "theta_deg": 110.75400765889395
              },
              {
                "carrier_i": "Bioenergy",
                "carrier_j": "Nuclear",
                "theta_deg": 151.88739382502166
              },
              {
                "carrier_i": "Bioenergy",
                "carrier_j": "Other Fossil",
                "theta_deg": 125.95112061811548
              },
              {
                "carrier_i": "Bioenergy",
                "carrier_j": "Solar",
                "theta_deg": -101.44046544612056
              },
              {
                "carrier_i": "Bioenergy",
                "carrier_j": "Wind",
                "theta_deg": -114.56467871415045
              },
              {
                "carrier_i": "Coal",
                "carrier_j": "Gas",
                "theta_deg": -4.859690593237945
              },
              {
                "carrier_i": "Coal",
                "carrier_j": "Hydro",
                "theta_deg": 34.018519761002196
              },
              {
                "carrier_i": "Coal",
                "carrier_j": "Nuclear",
                "theta_deg": 7.781074388203773
              },
              {
                "carrier_i": "Coal",
                "carrier_j": "Other Fossil",
                "theta_deg": 19.426938756267244
              },
              {
                "carrier_i": "Coal",
                "carrier_j": "Solar",
                "theta_deg": -51.649393818731035
              },
              {
                "carrier_i": "Coal",
                "carrier_j": "Wind",
                "theta_deg": -29.230699843958458
              },
              {
                "carrier_i": "Gas",
                "carrier_j": "Hydro",
                "theta_deg": 97.17927116270867
              },
              {
                "carrier_i": "Gas",
                "carrier_j": "Nuclear",
                "theta_deg": 121.8899199319219
              },
              {
                "carrier_i": "Gas",
                "carrier_j": "Other Fossil",
                "theta_deg": 103.55368865975251
              },
              {
                "carrier_i": "Gas",
                "carrier_j": "Solar",
                "theta_deg": -93.84837582180432
              },
              {
                "carrier_i": "Gas",
                "carrier_j": "Wind",
                "theta_deg": -98.63927368104243
              },
              {
                "carrier_i": "Hydro",
                "carrier_j": "Nuclear",
                "theta_deg": 11.444598326889553
              },
              {
                "carrier_i": "Hydro",
                "carrier_j": "Other Fossil",
                "theta_deg": 27.58757951190517
              },
              {
                "carrier_i": "Hydro",
                "carrier_j": "Solar",
                "theta_deg": -61.896226841172385
              },
              {
                "carrier_i": "Hydro",
                "carrier_j": "Wind",
                "theta_deg": -39.660088870528696
              },
              {
                "carrier_i": "Nuclear",
                "carrier_j": "Other Fossil",
                "theta_deg": 68.82128433908952
              },
              {
                "carrier_i": "Nuclear",
                "carrier_j": "Solar",
                "theta_deg": -83.82954898660518
              },
              {
                "carrier_i": "Nuclear",
                "carrier_j": "Wind",
                "theta_deg": -76.27734164949396
              },
              {
                "carrier_i": "Other Fossil",
                "carrier_j": "Solar",
                "theta_deg": -74.40880800330298
              },
              {
                "carrier_i": "Other Fossil",
                "carrier_j": "Wind",
                "theta_deg": -57.77837760057801
              },
              {
                "carrier_i": "Solar",
                "carrier_j": "Wind",
                "theta_deg": -156.11928970735286
              }
            ]
          },
          "metric_tensor_diagonal": [
            249231.96416392826,
            1.4303634985288698,
            48296.932378975696,
            32.505926808648994,
            5737.996328698529,
            719.6146045414515,
            4019862349.9999995,
            4619204.079287561
          ],
          "higgins_scale": 0.6640588611959153,
          "metric_tensor": {
            "matrix": [
              [
                249231.96416392826,
                -85.2956807058616,
                -15673.413938508986,
                -406.61660188479317,
                -5402.365497323587,
                -1913.1711111740392,
                -4521779.921259842,
                -153280.67529694378
              ],
              [
                -85.2956807058616,
                1.4303634985288698,
                -37.54783864694775,
                -0.974106510466654,
                -12.942116427293222,
                -4.583266955635467,
                -10832.551449644425,
                -367.20513388625176
              ],
              [
                -15673.413938508986,
                -37.54783864694775,
                48296.932378975696,
                -178.99586980717064,
                -2378.1643610401925,
                -842.193175456163,
                -1990523.5701906409,
                -67475.3752606997
              ],
              [
                -406.61660188479317,
                -0.974106510466654,
                -178.99586980717064,
                32.505926808648994,
                -61.69690375073922,
                -21.849083325309383,
                -51640.308439368724,
                -1750.5189301480925
              ],
              [
                -5402.365497323587,
                -12.942116427293222,
                -2378.1643610401925,
                -61.69690375073922,
                5737.996328698529,
                -290.2900013370406,
                -686100.4181600955,
                -23257.641293562563
              ],
              [
                -1913.1711111740392,
                -4.583266955635467,
                -842.193175456163,
                -21.849083325309383,
                -290.2900013370406,
                719.6146045414515,
                -242972.73111910297,
                -8236.363766749255
              ],
              [
                -4521779.921259842,
                -10832.551449644425,
                -1990523.5701906409,
                -51640.308439368724,
                -686100.4181600955,
                -242972.73111910297,
                4019862349.9999995,
                -19466645.762711864
              ],
              [
                -153280.67529694378,
                -367.20513388625176,
                -67475.3752606997,
                -1750.5189301480925,
                -23257.641293562563,
                -8236.363766749255,
                -19466645.762711864,
                4619204.079287561
              ]
            ],
            "eigenvalues": [
              9.407011601368927e-07,
              19.16836490300082,
              545.8103896536312,
              4954.2331869619575,
              44162.273884097376,
              239506.79219244784,
              4533458.077307419,
              4019962928.1677284
            ],
            "trace": 4024785574.5230536
          },
          "condition_number": 53013.0
        }
      },
      {
        "label": "2001",
        "raw_values": [
          2.55,
          1129.14,
          4.93,
          277.43,
          17.47,
          48.52,
          0.03,
          0.72
        ],
        "index": 1,
        "coda_standard": {
          "ilr": [
            -4.308485198381239,
            1.9492332871093758,
            -2.111965194132787,
            0.8372446851874671,
            -0.2488819788798614,
            6.630109604453206,
            2.769046199860022
          ],
          "shannon_entropy": 0.7187752537574704,
          "aitchison_distance_step": 0.4509491214650834,
          "clr": [
            -1.3256081158637691,
            4.767510084970713,
            -0.6663624869795051,
            3.363867174079182,
            0.5987836491118612,
            1.6202746090417453,
            -5.768259372354085,
            -2.5902055420061405
          ],
          "composition": [
            0.001722053768596492,
            0.7625254087345268,
            0.003329303952619885,
            0.18735269687126466,
            0.011797756602894399,
            0.032766293667569335,
            2.0259456101135203e-05,
            0.0004862269464272448
          ],
          "aitchison_norm": 8.90010355107071
        },
        "higgins_extensions": {
          "bearing_tensor": {
            "pairs": [
              {
                "carrier_i": "Bioenergy",
                "carrier_j": "Coal",
                "theta_deg": 105.53861149292375
              },
              {
                "carrier_i": "Bioenergy",
                "carrier_j": "Gas",
                "theta_deg": -153.31203830855856
              },
              {
                "carrier_i": "Bioenergy",
                "carrier_j": "Hydro",
                "theta_deg": 111.5080442930057
              },
              {
                "carrier_i": "Bioenergy",
                "carrier_j": "Nuclear",
                "theta_deg": 155.69107394897478
              },
              {
                "carrier_i": "Bioenergy",
                "carrier_j": "Other Fossil",
                "theta_deg": 129.28790058048256
              },
              {
                "carrier_i": "Bioenergy",
                "carrier_j": "Solar",
                "theta_deg": -102.9424666235499
              },
              {
                "carrier_i": "Bioenergy",
                "carrier_j": "Wind",
                "theta_deg": -117.10233095695234
              },
              {
                "carrier_i": "Coal",
                "carrier_j": "Gas",
                "theta_deg": -7.956774896012752
              },
              {
                "carrier_i": "Coal",
                "carrier_j": "Hydro",
                "theta_deg": 35.206088394148004
              },
              {
                "carrier_i": "Coal",
                "carrier_j": "Nuclear",
                "theta_deg": 7.158677652662262
              },
              {
                "carrier_i": "Coal",
                "carrier_j": "Other Fossil",
                "theta_deg": 18.770720217237
              },
              {
                "carrier_i": "Coal",
                "carrier_j": "Solar",
                "theta_deg": -50.426010469258905
              },
              {
                "carrier_i": "Coal",
                "carrier_j": "Wind",
                "theta_deg": -28.515393960811476
              },
              {
                "carrier_i": "Gas",
                "carrier_j": "Hydro",
                "theta_deg": 101.20489810973004
              },
              {
                "carrier_i": "Gas",
                "carrier_j": "Nuclear",
                "theta_deg": 138.0575961114648
              },
              {
                "carrier_i": "Gas",
                "carrier_j": "Other Fossil",
                "theta_deg": 112.35565791943036
              },
              {
                "carrier_i": "Gas",
                "carrier_j": "Solar",
                "theta_deg": -96.58972862587719
              },
              {
                "carrier_i": "Gas",
                "carrier_j": "Wind",
                "theta_deg": -104.42719728949523
              },
              {
                "carrier_i": "Hydro",
                "carrier_j": "Nuclear",
                "theta_deg": 10.093192298981606
              },
              {
                "carrier_i": "Hydro",
                "carrier_j": "Other Fossil",
                "theta_deg": 25.71873146446712
              },
              {
                "carrier_i": "Hydro",
                "carrier_j": "Solar",
                "theta_deg": -59.75060977079991
              },
              {
                "carrier_i": "Hydro",
                "carrier_j": "Wind",
                "theta_deg": -37.59656860058922
              },
              {
                "carrier_i": "Nuclear",
                "carrier_j": "Other Fossil",
                "theta_deg": 69.71786058880336
              },
              {
                "carrier_i": "Nuclear",
                "carrier_j": "Solar",
                "theta_deg": -84.07354403933095
              },
              {
                "carrier_i": "Nuclear",
                "carrier_j": "Wind",
                "theta_deg": -76.9834612555297
              },
              {
                "carrier_i": "Other Fossil",
                "carrier_j": "Solar",
                "theta_deg": -74.31021852128033
              },
              {
                "carrier_i": "Other Fossil",
                "carrier_j": "Wind",
                "theta_deg": -57.97241419528422
              },
              {
                "carrier_i": "Solar",
                "carrier_j": "Wind",
                "theta_deg": -155.81779459823528
              }
            ]
          },
          "metric_tensor_diagonal": [
            295062.9213514034,
            1.5048714866520523,
            78940.7340119688,
            24.928041273839288,
            6286.503893296189,
            814.9921289660771,
            2131829606.7638893,
            3701093.0672984193
          ],
          "higgins_scale": 0.6543421686301303,
          "angular_velocity_deg": 2.5928932983205843,
          "helmsman_delta": 0.304969794242659,
          "metric_tensor": {
            "matrix": [
              [
                295062.9213514034,
                -95.19387061278984,
                -21802.678917591384,
                -387.4390190813017,
                -6152.673558312852,
                -2215.317540472496,
                -3582906.902124184,
                -149287.7875885077
              ],
              [
                -95.19387061278984,
                1.5048714866520523,
                -49.23820893764991,
                -0.8749752011772846,
                -13.894926735123875,
                -5.002975475321807,
                -8091.479002087136,
                -337.14495842029737
              ],
              [
                -21802.678917591384,
                -49.23820893764991,
                78940.7340119688,
                -200.39949262825945,
                -3182.417357748027,
                -1145.8539002443947,
                -1853227.7079952674,
                -77217.8211664695
              ],
              [
                -387.4390190813017,
                -0.8749752011772846,
                -200.39949262825945,
                24.928041273839288,
                -56.55234680350998,
                -20.362108381230815,
                -32932.316621910635,
                -1372.1798592462767
              ],
              [
                -6152.673558312852,
                -13.894926735123875,
                -3182.417357748027,
                -56.55234680350998,
                6286.503893296189,
                -323.35774059558474,
                -522977.2524565924,
                -21790.71885235802
              ],
              [
                -2215.317540472496,
                -5.002975475321807,
                -1145.8539002443947,
                -20.362108381230815,
                -323.35774059558474,
                814.9921289660771,
                -188301.99094016216,
                -7845.916289173424
              ],
              [
                -3582906.902124184,
                -8091.479002087136,
                -1853227.7079952674,
                -32932.316621910635,
                -522977.2524565924,
                -188301.99094016216,
                2131829606.7638893,
                -12689461.945023151
              ],
              [
                -149287.7875885077,
                -337.14495842029737,
                -77217.8211664695,
                -1372.1798592462767,
                -21790.71885235802,
                -7845.916289173424,
                -12689461.945023151,
                3701093.0672984193
              ]
            ],
            "eigenvalues": [
              -1.0018261076775306e-07,
              14.99301228343285,
              615.5535158528586,
              5444.970527765885,
              71572.19660496085,
              284696.4147306667,
              3636444.767924195,
              2131913042.5191712
            ],
            "trace": 2135911831.415486
          },
          "condition_number": 37638.0,
          "helmsman": "Solar"
        }
      },
      {
        "label": "2002",
        "raw_values": [
          2.55,
          1282.57,
          4.19,
          287.97,
          25.13,
          50.71,
          0.05,
          0.84
        ],
        "index": 2,
        "coda_standard": {
          "ilr": [
            -4.398577388017373,
            2.1340416154651667,
            -2.154426891509467,
            0.5125117336416662,
            -0.22242679677613653,
            6.220407906489793,
            2.747872981116471
          ],
          "shannon_entropy": 0.7013198122241852,
          "aitchison_distance_step": 0.5643836191749889,
          "clr": [
            -1.4599530631126312,
            4.760574734169161,
            -0.9633456883489195,
            3.266809885760589,
            0.8280159292725342,
            1.5300767075239614,
            -5.391778695836957,
            -2.5703998094277445
          ],
          "composition": [
            0.001541707728490154,
            0.7754306201292616,
            0.0025332374048524496,
            0.17410414689149403,
            0.015193378516453951,
            0.03065882310264146,
            3.0229563303728517e-05,
            0.000507856663502639
          ],
          "aitchison_norm": 8.666002208994017
        },
        "higgins_extensions": {
          "bearing_tensor": {
            "pairs": [
              {
                "carrier_i": "Bioenergy",
                "carrier_j": "Coal",
                "theta_deg": 107.0495092677266
              },
              {
                "carrier_i": "Bioenergy",
                "carrier_j": "Gas",
                "theta_deg": -146.581294501417
              },
              {
                "carrier_i": "Bioenergy",
                "carrier_j": "Hydro",
                "theta_deg": 114.08009760666208
              },
              {
                "carrier_i": "Bioenergy",
                "carrier_j": "Nuclear",
                "theta_deg": 150.44015481716883
              },
              {
                "carrier_i": "Bioenergy",
                "carrier_j": "Other Fossil",
                "theta_deg": 133.65651756018872
              },
              {
                "carrier_i": "Bioenergy",
                "carrier_j": "Solar",
                "theta_deg": -105.15089659905698
              },
              {
                "carrier_i": "Bioenergy",
                "carrier_j": "Wind",
                "theta_deg": -119.59600153855791
              },
              {
                "carrier_i": "Coal",
                "carrier_j": "Gas",
                "theta_deg": -11.439841883610232
              },
              {
                "carrier_i": "Coal",
                "carrier_j": "Hydro",
                "theta_deg": 34.45876085468364
              },
              {
                "carrier_i": "Coal",
                "carrier_j": "Nuclear",
                "theta_deg": 9.866857030353026
              },
              {
                "carrier_i": "Coal",
                "carrier_j": "Other Fossil",
                "theta_deg": 17.81771048326858
              },
              {
                "carrier_i": "Coal",
                "carrier_j": "Solar",
                "theta_deg": -48.557680688875955
              },
              {
                "carrier_i": "Coal",
                "carrier_j": "Wind",
                "theta_deg": -28.366152453885995
              },
              {
                "carrier_i": "Gas",
                "carrier_j": "Hydro",
                "theta_deg": 106.43019849614511
              },
              {
                "carrier_i": "Gas",
                "carrier_j": "Nuclear",
                "theta_deg": 139.32024639506952
              },
              {
                "carrier_i": "Gas",
                "carrier_j": "Other Fossil",
                "theta_deg": 122.19477010609705
              },
              {
                "carrier_i": "Gas",
                "carrier_j": "Solar",
                "theta_deg": -100.13010963269569
              },
              {
                "carrier_i": "Gas",
                "carrier_j": "Wind",
                "theta_deg": -110.5452132392918
              },
              {
                "carrier_i": "Hydro",
                "carrier_j": "Nuclear",
                "theta_deg": 14.222842726936413
              },
              {
                "carrier_i": "Hydro",
                "carrier_j": "Other Fossil",
                "theta_deg": 25.09699587963545
              },
              {
                "carrier_i": "Hydro",
                "carrier_j": "Solar",
                "theta_deg": -58.7888627403828
              },
              {
                "carrier_i": "Hydro",
                "carrier_j": "Wind",
                "theta_deg": -38.19646793436517
              },
              {
                "carrier_i": "Nuclear",
                "carrier_j": "Other Fossil",
                "theta_deg": 61.57953175977059
              },
              {
                "carrier_i": "Nuclear",
                "carrier_j": "Solar",
                "theta_deg": -81.26929006067657
              },
              {
                "carrier_i": "Nuclear",
                "carrier_j": "Wind",
                "theta_deg": -72.14442967324891
              },
              {
                "carrier_i": "Other Fossil",
                "carrier_j": "Solar",
                "theta_deg": -74.15714065477164
              },
              {
                "carrier_i": "Other Fossil",
                "carrier_j": "Wind",
                "theta_deg": -59.23601608346147
              },
              {
                "carrier_i": "Solar",
                "carrier_j": "Wind",
                "theta_deg": -154.5116595578042
              }
            ]
          },
          "metric_tensor_diagonal": [
            368132.325272972,
            1.4551982381592772,
            136350.35372819134,
            28.866213677665137,
            3790.5247588583934,
            930.8872753061137,
            957512178.0349998,
            3392545.9822668657
          ],
          "higgins_scale": 0.6627364616089964,
          "angular_velocity_deg": 3.3508393302872777,
          "helmsman_delta": 0.3764806765171276,
          "metric_tensor": {
            "matrix": [
              [
                368132.325272972,
                -104.55986578800807,
                -32006.049418550243,
                -465.69207578471884,
                -5336.464268353582,
                -2644.5542706315423,
                -2682106.9412745098,
                -159649.22269491132
              ],
              [
                -104.55986578800807,
                1.4551982381592772,
                -63.634285861436894,
                -0.9258869248859969,
                -10.609934650195806,
                -5.257891101546451,
                -5332.5531551884105,
                -317.41387828502445
              ],
              [
                -32006.049418550243,
                -63.634285861436894,
                136350.35372819134,
                -283.4164184370007,
                -3247.728850668647,
                -1609.4542697160934,
                -1632308.5203460618,
                -97161.22144917036
              ],
              [
                -465.69207578471884,
                -0.9258869248859969,
                -283.4164184370007,
                28.866213677665137,
                -47.25486642463323,
                -23.417763621594023,
                -23750.295865020656,
                -1413.7080872036108
              ],
              [
                -5336.464268353582,
                -10.609934650195806,
                -3247.728850668647,
                -47.25486642463323,
                3790.5247588583934,
                -268.349120179484,
                -272159.6776860326,
                -16199.980814644801
              ],
              [
                -2644.5542706315423,
                -5.257891101546451,
                -1609.4542697160934,
                -23.417763621594023,
                -268.349120179484,
                930.8872753061137,
                -134872.26780220863,
                -8028.111178702897
              ],
              [
                -2682106.9412745098,
                -5332.5531551884105,
                -1632308.5203460618,
                -23750.295865020656,
                -272159.6776860326,
                -134872.26780220863,
                957512178.0349998,
                -8142110.357440476
              ],
              [
                -159649.22269491132,
                -317.41387828502445,
                -97161.22144917036,
                -1413.7080872036108,
                -16199.980814644801,
                -8028.111178702897,
                -8142110.357440476,
                3392545.9822668657
              ]
            ],
            "eigenvalues": [
              -7.642295108318117e-08,
              17.179793777157247,
              691.4088588952101,
              3357.0947110489597,
              121989.50943113283,
              357786.7584104233,
              3338078.3649287126,
              957592038.1135805
            ],
            "trace": 961413958.429714
          },
          "condition_number": 25651.399999999998,
          "helmsman": "Solar"
        }
      },
      {
        "label": "2003",
        "raw_values": [
          2.54,
          1519.97,
          5.16,
          283.68,
          43.34,
          54.83,
          0.06,
          1.0
        ],
        "index": 3,
        "coda_standard": {
          "ilr": [
            -4.521440018608781,
            2.0317442902178633,
            -2.0334259130473633,
            0.10533879111920874,
            -0.12866332811419176,
            6.203175383272773,
            2.740402718445955
          ],
          "shannon_entropy": 0.6819983091516001,
          "aitchison_distance_step": 0.46382686791095595,
          "clr": [
            -1.631247937521728,
            4.763033858251269,
            -0.9224754390587018,
            3.0844348237737247,
            1.20566397755604,
            1.4408254708637838,
            -5.376822735312209,
            -2.5634120185521736
          ],
          "composition": [
            0.0013294392278784455,
            0.7955542296056696,
            0.0027007505574223535,
            0.14847847250573126,
            0.0226842110772645,
            0.028698091678966597,
            3.140407624909713e-05,
            0.0005234012708182856
          ],
          "aitchison_norm": 8.644250577949805
        },
        "higgins_extensions": {
          "bearing_tensor": {
            "pairs": [
              {
                "carrier_i": "Bioenergy",
                "carrier_j": "Coal",
                "theta_deg": 108.90535058436387
              },
              {
                "carrier_i": "Bioenergy",
                "carrier_j": "Gas",
                "theta_deg": -150.51171478776084
              },
              {
                "carrier_i": "Bioenergy",
                "carrier_j": "Hydro",
                "theta_deg": 117.87277186257298
              },
              {
                "carrier_i": "Bioenergy",
                "carrier_j": "Nuclear",
                "theta_deg": 143.53169736804722
              },
              {
                "carrier_i": "Bioenergy",
                "carrier_j": "Other Fossil",
                "theta_deg": 138.54694085704884
              },
              {
                "carrier_i": "Bioenergy",
                "carrier_j": "Solar",
                "theta_deg": -106.87701593434149
              },
              {
                "carrier_i": "Bioenergy",
                "carrier_j": "Wind",
                "theta_deg": -122.47096549110198
              },
              {
                "carrier_i": "Coal",
                "carrier_j": "Gas",
                "theta_deg": -10.960995284626263
              },
              {
                "carrier_i": "Coal",
                "carrier_j": "Hydro",
                "theta_deg": 32.92619623906206
              },
              {
                "carrier_i": "Coal",
                "carrier_j": "Nuclear",
                "theta_deg": 14.204873930254871
              },
              {
                "carrier_i": "Coal",
                "carrier_j": "Other Fossil",
                "theta_deg": 16.830651160025305
              },
              {
                "carrier_i": "Coal",
                "carrier_j": "Solar",
                "theta_deg": -48.46401873651876
              },
              {
                "carrier_i": "Coal",
                "carrier_j": "Wind",
                "theta_deg": -28.288645117291907
              },
              {
                "carrier_i": "Gas",
                "carrier_j": "Hydro",
                "theta_deg": 106.6505768024438
              },
              {
                "carrier_i": "Gas",
                "carrier_j": "Nuclear",
                "theta_deg": 127.42026015420629
              },
              {
                "carrier_i": "Gas",
                "carrier_j": "Other Fossil",
                "theta_deg": 122.62903503149872
              },
              {
                "carrier_i": "Gas",
                "carrier_j": "Solar",
                "theta_deg": -99.7351807628633
              },
              {
                "carrier_i": "Gas",
                "carrier_j": "Wind",
                "theta_deg": -109.79189346763458
              },
              {
                "carrier_i": "Hydro",
                "carrier_j": "Nuclear",
                "theta_deg": 21.349858170897743
              },
              {
                "carrier_i": "Hydro",
                "carrier_j": "Other Fossil",
                "theta_deg": 25.03858903021036
              },
              {
                "carrier_i": "Hydro",
                "carrier_j": "Solar",
                "theta_deg": -60.15909807171868
              },
              {
                "carrier_i": "Hydro",
                "carrier_j": "Wind",
                "theta_deg": -39.72929178999672
              },
              {
                "carrier_i": "Nuclear",
                "carrier_j": "Other Fossil",
                "theta_deg": 50.077846210410314
              },
              {
                "carrier_i": "Nuclear",
                "carrier_j": "Solar",
                "theta_deg": -77.3614224050148
              },
              {
                "carrier_i": "Nuclear",
                "carrier_j": "Wind",
                "theta_deg": -64.81072721881563
              },
              {
                "carrier_i": "Other Fossil",
                "carrier_j": "Solar",
                "theta_deg": -74.99890475702566
              },
              {
                "carrier_i": "Other Fossil",
                "carrier_j": "Wind",
                "theta_deg": -60.66082138928077
              },
              {
                "carrier_i": "Solar",
                "carrier_j": "Wind",
                "theta_deg": -154.51042574354383
              }
            ]
          },
          "metric_tensor_diagonal": [
            495075.0890244279,
            1.3825106163754992,
            119960.7311891563,
            39.6899974463165,
            1700.437576543014,
            1062.4341349843658,
            887229567.8750002,
            3194026.4443499995
          ],
          "higgins_scale": 0.6720281404974427,
          "angular_velocity_deg": 3.067462391847659,
          "helmsman_delta": 0.37764804828350584,
          "metric_tensor": {
            "matrix": [
              [
                495075.0890244279,
                -118.18755126953134,
                -34814.250446346814,
                -633.2541324843118,
                -4144.936139897313,
                -3276.336536625015,
                -2994025.5383858266,
                -179641.53230314958
              ],
              [
                -118.18755126953134,
                1.3825106163754992,
                -58.177593066784816,
                -1.058221870504123,
                -6.926543152390623,
                -5.475038851442817,
                -5003.273003743495,
                -300.19638022460964
              ],
              [
                -34814.250446346814,
                -58.177593066784816,
                119960.7311891563,
                -311.7181194787116,
                -2040.3367820424762,
                -1612.7703106642516,
                -1473803.268895349,
                -88428.19613372092
